,602,603,604,617,618,619,632,633,634,647,648,649,662,663,664,677,678,679,692,693,694,707,708,709,722,723,724,737,738,739,752,753,754,767,768,769,782,783,784,797,798,799,812,813,814,827,828,829,842,843,844,857,858,859,872,873,874,887,888,889,902,903,904,917,918,919,932,933,934,947,948,949,962,963,964,977,978,979,992,993,994,1007,1008,1009,1022,1023,1024,1037,1038,1039,1052,1053,1054,1067,1068,1069,1082,1083,1084,1097,1098,1099,1112,1113,1114,1127,1128,1129,3363,3364,3365,3378,3379,3380,3393,3394,3395,3408,3409,3410,3423,3424,3425,3438,3439,3440,3453,3454,3455,3468,3469,3470,3483,3484,3485,3498,3499,3500,3513,3514,3515,3528,3529,3530,3543,3544,3545,3558,3559,3560,3573,3574,3575,3588,3589,3590,3603,3604,3605,3618,3619,3620,3633,3634,3635,3648,3649,3650,3663,3664,3665,3678,3679,3680,3693,3694,3695,3708,3709,3710,3723,3724,3725,3738,3739,3740,3753,3754,3755,3768,3769,3770,3783,3784,3785,3798,3799,3800,3813,3814,3815,3828,3829,3830,3843,3844,3845,3858,3859,3860,3873,3874,3875,3888,3889,3890,energy,num_occurrences
0,-1,1,-1,-1,-1,-1,1,1,1,-1,-1,1,-1,1,-1,-1,1,1,1,1,-1,1,-1,-1,1,1,-1,-1,1,-1,-1,1,-1,1,1,-1,1,1,1,1,-1,-1,-1,-1,-1,-1,1,-1,1,1,-1,-1,1,1,1,-1,1,-1,1,-1,-1,-1,-1,1,-1,1,-1,1,-1,-1,1,-1,1,-1,-1,-1,-1,-1,1,-1,1,1,1,1,-1,1,-1,-1,1,-1,-1,-1,1,-1,1,-1,-1,1,-1,-1,-1,-1,-1,-1,-1,1,1,-1,1,-1,1,1,1,-1,1,-1,1,1,-1,-1,1,1,1,1,-1,-1,1,-1,1,1,-1,1,-1,1,-1,1,1,1,-1,-1,1,1,1,-1,1,-1,1,1,1,1,1,-1,-1,-1,1,-1,1,-1,-1,1,1,1,1,-1,1,1,-1,1,-1,1,1,1,-1,-1,-1,1,-1,-1,1,1,-1,-1,1,-1,1,1,1,1,-1,1,1,-1,-1,1,-1,-1,1,-1,-1,1,1,-1,1,1,1,-1,1,-1,1,-1,-1,1,-1,1,-1,-1,-203.8332613359797,2
1,-1,1,-1,-1,-1,-1,1,1,1,-1,-1,1,-1,1,-1,-1,1,1,1,1,-1,1,-1,-1,1,1,-1,-1,1,-1,-1,1,-1,1,1,-1,1,1,1,1,-1,-1,-1,-1,-1,-1,1,-1,1,1,-1,-1,1,1,1,-1,1,-1,1,-1,-1,-1,-1,1,-1,1,-1,1,-1,-1,1,-1,1,-1,-1,-1,-1,-1,1,-1,1,1,1,1,-1,1,-1,-1,1,-1,-1,-1,1,-1,1,-1,-1,1,-1,-1,-1,-1,-1,-1,-1,1,-1,-1,1,-1,1,1,1,-1,1,-1,1,1,-1,-1,1,1,1,1,-1,-1,1,-1,1,1,-1,1,-1,1,-1,1,1,1,-1,-1,1,1,1,-1,1,-1,1,1,1,1,1,-1,1,-1,1,-1,1,-1,-1,1,1,1,1,-1,1,1,-1,1,-1,1,1,1,-1,-1,-1,1,-1,-1,1,1,-1,-1,1,-1,1,1,1,1,-1,1,1,-1,-1,1,-1,-1,1,-1,-1,1,1,-1,1,1,1,-1,1,-1,1,-1,-1,1,-1,1,-1,-1,-203.773987315286,4
2,-1,1,-1,-1,-1,-1,1,1,1,-1,-1,1,-1,1,-1,-1,1,1,1,1,-1,1,-1,-1,1,1,-1,-1,1,-1,-1,1,-1,1,1,-1,1,1,1,1,-1,-1,-1,-1,-1,-1,1,-1,1,1,-1,-1,1,1,1,-1,1,-1,1,-1,-1,-1,-1,1,-1,1,-1,1,-1,-1,1,-1,1,-1,-1,-1,-1,-1,1,-1,1,1,1,1,-1,1,-1,-1,1,-1,-1,-1,1,-1,1,-1,-1,1,-1,-1,-1,-1,-1,-1,-1,1,-1,-1,1,-1,1,1,1,-1,1,-1,1,1,-1,-1,1,1,1,1,-1,-1,1,-1,1,1,-1,1,-1,1,-1,1,1,1,-1,-1,1,1,1,-1,1,-1,1,1,1,1,1,-1,1,-1,1,1,1,-1,-1,1,1,1,1,-1,1,1,-1,1,-1,1,1,1,-1,-1,-1,1,-1,-1,1,1,-1,-1,1,-1,1,1,1,1,-1,1,1,-1,-1,1,-1,-1,1,-1,-1,1,1,-1,1,1,1,-1,1,-1,1,-1,-1,1,-1,1,-1,-1,-203.65409435184355,1
3,-1,1,-1,-1,-1,-1,1,1,1,-1,-1,1,-1,1,-1,-1,1,1,1,1,-1,1,-1,-1,1,1,-1,-1,1,-1,-1,1,-1,1,1,-1,1,1,1,1,-1,-1,-1,-1,-1,-1,1,-1,1,1,-1,-1,1,1,1,-1,1,-1,1,-1,-1,-1,-1,1,-1,1,-1,1,-1,-1,1,-1,1,-1,-1,-1,-1,-1,1,-1,1,1,1,1,-1,1,-1,-1,1,-1,1,-1,1,-1,1,-1,-1,1,-1,-1,-1,-1,-1,-1,-1,1,-1,-1,1,-1,1,1,1,-1,1,-1,1,1,-1,-1,1,1,1,1,-1,-1,1,-1,1,1,-1,1,-1,1,-1,1,1,1,-1,-1,1,1,1,-1,1,-1,1,1,1,1,1,-1,1,-1,1,-1,1,-1,-1,1,1,1,1,-1,1,1,-1,1,-1,1,1,1,-1,-1,-1,1,-1,-1,1,1,-1,-1,1,-1,1,1,1,1,-1,1,1,-1,-1,1,-1,-1,1,-1,-1,1,1,-1,1,1,1,-1,1,-1,1,-1,-1,1,-1,1,-1,-1,-203.6156568030223,1
4,-1,1,-1,-1,-1,-1,-1,1,1,-1,-1,1,1,-1,-1,-1,1,1,1,1,-1,1,-1,-1,1,1,-1,-1,1,-1,-1,1,-1,-1,1,-1,1,1,1,1,-1,-1,-1,-1,-1,-1,1,-1,1,1,-1,-1,1,1,1,-1,1,-1,1,-1,-1,-1,-1,1,-1,1,-1,1,-1,-1,1,-1,1,-1,-1,-1,-1,-1,1,-1,1,1,1,1,-1,1,-1,-1,1,-1,-1,-1,1,-1,1,-1,-1,1,-1,-1,-1,-1,-1,-1,-1,1,1,-1,1,-1,1,1,1,-1,1,-1,1,1,-1,-1,1,1,1,-1,-1,-1,1,-1,1,1,-1,1,-1,1,-1,1,1,1,-1,-1,1,1,1,-1,1,-1,1,1,1,1,1,-1,-1,-1,1,-1,1,-1,-1,1,1,1,1,-1,1,1,-1,1,-1,1,1,1,-1,-1,-1,1,-1,-1,1,1,-1,-1,1,-1,1,1,1,1,-1,1,1,-1,-1,1,-1,-1,1,-1,-1,1,1,-1,1,1,1,-1,1,-1,1,-1,-1,1,-1,1,-1,-1,-203.5787390775147,1
5,-1,1,-1,-1,-1,-1,1,1,1,-1,-1,1,-1,-1,-1,-1,1,1,1,1,-1,1,-1,-1,1,1,-1,-1,1,-1,-1,1,-1,1,1,-1,1,1,1,1,-1,-1,-1,-1,-1,-1,1,-1,1,1,-1,-1,1,1,1,-1,1,-1,1,-1,-1,-1,-1,1,-1,1,-1,1,-1,-1,1,-1,1,-1,-1,-1,-1,-1,1,-1,1,1,1,1,-1,1,-1,-1,1,-1,-1,-1,1,-1,1,-1,-1,1,-1,-1,-1,-1,-1,-1,-1,1,1,-1,1,-1,1,1,1,-1,1,-1,1,1,-1,-1,1,1,1,1,-1,-1,1,-1,1,1,-1,1,-1,1,-1,1,1,1,-1,-1,1,1,1,-1,1,-1,1,1,1,1,1,-1,-1,-1,1,-1,1,-1,-1,1,1,1,1,-1,1,1,-1,1,-1,1,1,1,-1,-1,-1,1,-1,-1,1,1,-1,-1,1,-1,1,1,1,1,-1,1,1,-1,-1,1,-1,-1,1,-1,-1,1,1,-1,1,1,1,-1,1,-1,1,-1,-1,1,-1,1,-1,-1,-203.40789668990365,1
6,-1,1,-1,-1,-1,-1,1,1,1,-1,-1,1,1,-1,-1,-1,1,1,1,1,-1,1,-1,-1,1,1,-1,-1,1,-1,-1,1,-1,-1,1,-1,1,1,1,1,-1,-1,-1,-1,-1,-1,1,-1,1,1,-1,-1,1,1,1,-1,1,-1,1,-1,-1,-1,-1,1,-1,1,-1,1,-1,-1,1,-1,1,-1,-1,-1,-1,-1,1,-1,1,1,1,1,-1,1,-1,-1,1,-1,-1,-1,1,-1,1,-1,-1,1,-1,-1,-1,-1,-1,-1,-1,1,1,-1,1,-1,1,1,1,-1,1,-1,1,1,-1,-1,1,1,1,-1,-1,-1,1,-1,1,1,-1,1,-1,1,-1,1,1,1,-1,-1,1,1,1,-1,1,-1,1,1,1,1,1,-1,-1,-1,1,-1,1,-1,-1,1,1,1,1,-1,1,1,-1,1,-1,1,1,1,-1,-1,-1,1,-1,-1,1,1,-1,-1,1,-1,1,1,1,1,-1,1,1,-1,-1,1,-1,-1,1,-1,-1,1,1,-1,1,1,1,-1,1,-1,1,-1,-1,1,-1,1,-1,-1,-203.40755863030736,1
7,-1,1,-1,-1,-1,-1,-1,1,1,-1,-1,1,1,-1,-1,-1,1,1,1,1,-1,1,-1,-1,1,1,-1,-1,1,-1,-1,1,-1,-1,1,-1,1,1,1,1,-1,-1,-1,-1,-1,-1,1,-1,1,1,-1,-1,1,1,1,-1,1,-1,1,-1,-1,-1,-1,1,-1,1,-1,1,-1,-1,1,-1,1,-1,-1,-1,-1,-1,1,-1,1,1,1,1,-1,1,-1,-1,1,-1,-1,-1,1,-1,1,-1,-1,1,-1,-1,-1,-1,-1,-1,-1,1,-1,-1,1,-1,1,1,1,-1,1,-1,1,1,-1,-1,1,1,1,-1,-1,-1,1,-1,1,1,-1,1,-1,1,-1,1,1,1,-1,-1,1,1,1,-1,1,-1,1,1,1,1,1,-1,1,-1,1,1,1,-1,-1,1,1,1,1,-1,1,1,-1,1,-1,1,1,1,-1,-1,-1,1,-1,-1,1,1,-1,-1,1,-1,1,1,1,1,-1,1,1,-1,-1,1,-1,-1,1,-1,-1,1,1,-1,1,1,1,-1,1,-1,1,-1,-1,1,-1,1,-1,-1,-203.39957209337857,1
8,-1,1,-1,-1,-1,-1,1,1,1,-1,-1,1,-1,1,-1,-1,1,1,1,1,-1,1,-1,-1,1,1,-1,-1,1,-1,1,-1,-1,1,1,-1,1,1,1,1,-1,-1,-1,-1,-1,-1,1,-1,1,1,-1,-1,1,1,1,-1,1,1,1,-1,-1,-1,-1,1,1,1,-1,1,-1,-1,1,-1,1,-1,-1,-1,-1,-1,1,-1,1,1,1,1,-1,1,-1,-1,1,-1,1,-1,1,-1,1,-1,-1,1,-1,-1,-1,-1,-1,-1,-1,1,1,-1,1,-1,1,1,1,-1,1,-1,1,1,-1,-1,1,1,1,1,-1,-1,1,1,1,1,-1,1,-1,1,-1,1,-1,-1,-1,-1,1,1,1,-1,1,-1,1,1,1,1,1,-1,-1,-1,1,-1,1,-1,-1,1,1,1,1,-1,1,1,-1,1,-1,1,1,1,-1,-1,-1,1,-1,-1,1,1,-1,-1,1,-1,1,1,1,1,-1,1,1,-1,-1,1,-1,-1,1,-1,-1,1,1,-1,1,1,1,-1,1,-1,1,-1,-1,1,-1,1,-1,-1,-203.37150580408726,1
9,-1,1,-1,-1,-1,-1,-1,1,1,-1,-1,1,1,-1,-1,-1,1,1,1,1,-1,1,-1,-1,1,1,-1,-1,1,-1,-1,1,-1,-1,1,-1,1,1,1,1,-1,-1,-1,-1,-1,-1,1,-1,1,1,-1,-1,1,1,1,-1,1,-1,1,-1,-1,-1,-1,1,-1,1,-1,1,-1,-1,1,-1,1,-1,-1,-1,-1,-1,1,-1,1,1,1,1,-1,1,-1,-1,1,-1,1,-1,1,-1,1,-1,-1,1,-1,-1,-1,-1,-1,-1,-1,1,-1,-1,1,-1,1,1,1,-1,1,-1,1,1,-1,-1,1,1,1,-1,-1,-1,1,-1,1,1,-1,1,-1,1,-1,1,1,1,-1,-1,1,1,1,-1,1,-1,1,1,1,1,1,-1,1,-1,1,-1,1,-1,-1,1,1,1,1,-1,1,1,-1,1,-1,1,1,1,-1,-1,-1,1,-1,-1,1,1,-1,-1,1,-1,1,1,1,1,-1,1,1,-1,-1,1,-1,-1,1,-1,-1,1,1,-1,1,1,1,-1,1,-1,1,-1,-1,1,-1,1,-1,-1,-203.3611345445573,1
10,-1,1,-1,-1,-1,-1,1,1,1,-1,-1,1,-1,1,-1,-1,1,1,1,1,-1,1,-1,-1,1,1,-1,-1,1,-1,1,-1,-1,1,1,-1,1,1,1,1,-1,-1,-1,-1,-1,-1,1,-1,1,1,-1,-1,1,1,1,-1,1,1,1,-1,-1,-1,-1,1,1,1,-1,1,-1,-1,1,-1,1,-1,-1,-1,-1,-1,1,-1,1,1,1,1,-1,1,-1,-1,1,-1,-1,-1,1,-1,1,-1,-1,1,-1,-1,-1,-1,-1,-1,-1,1,-1,-1,1,-1,1,1,1,-1,1,-1,1,1,-1,-1,1,1,1,1,-1,-1,1,1,1,1,-1,1,-1,1,-1,1,-1,1,-1,-1,1,1,1,-1,1,-1,1,1,1,1,1,-1,1,-1,1,-1,1,-1,-1,1,1,1,1,-1,1,1,-1,1,-1,1,1,1,-1,-1,-1,1,-1,-1,1,1,-1,-1,1,-1,1,1,1,1,-1,1,1,-1,-1,1,-1,-1,1,-1,-1,1,1,-1,1,1,1,-1,1,-1,1,-1,-1,1,-1,1,-1,-1,-203.3389856437495,1
11,-1,1,-1,-1,-1,-1,1,1,1,-1,-1,1,-1,1,-1,-1,1,1,1,1,-1,1,-1,-1,1,1,-1,-1,1,-1,-1,1,-1,1,1,-1,1,1,1,1,-1,-1,-1,-1,-1,-1,1,-1,1,1,-1,-1,1,1,1,-1,1,-1,1,-1,-1,-1,-1,1,-1,1,-1,1,-1,-1,1,-1,1,-1,-1,-1,-1,-1,1,-1,1,1,1,1,-1,1,-1,-1,1,-1,-1,-1,1,-1,1,-1,-1,1,-1,-1,-1,-1,-1,-1,-1,1,-1,-1,1,-1,1,1,1,-1,1,-1,1,1,-1,-1,1,1,1,1,-1,-1,1,-1,1,1,-1,1,-1,1,-1,1,1,1,-1,-1,1,1,1,-1,1,-1,1,1,1,1,1,-1,-1,-1,1,-1,1,-1,-1,1,1,1,1,-1,1,1,-1,1,-1,1,1,1,-1,-1,-1,1,-1,-1,1,1,-1,-1,1,-1,1,1,1,1,-1,1,1,-1,-1,1,-1,-1,1,-1,-1,1,1,-1,1,1,1,-1,1,-1,1,-1,-1,1,-1,1,-1,-1,-203.3171173673014,1
12,-1,1,-1,-1,-1,-1,1,1,1,-1,-1,1,-1,1,-1,-1,1,1,1,1,-1,1,-1,-1,1,1,-1,-1,1,-1,-1,1,-1,1,1,-1,1,1,1,1,-1,-1,-1,-1,-1,-1,1,-1,1,1,-1,-1,1,1,1,-1,1,-1,1,-1,-1,-1,-1,1,-1,1,-1,1,-1,-1,1,-1,1,-1,-1,-1,-1,-1,1,-1,1,1,-1,1,-1,1,-1,-1,1,-1,1,-1,1,-1,1,-1,-1,1,-1,-1,-1,-1,-1,-1,-1,1,-1,-1,1,-1,1,1,1,-1,1,-1,1,1,-1,-1,1,1,1,1,-1,-1,1,-1,1,1,-1,1,-1,1,-1,1,1,1,-1,-1,1,1,1,-1,1,-1,1,1,1,1,1,-1,1,-1,1,1,1,-1,-1,1,1,1,1,-1,1,1,-1,1,-1,1,1,1,-1,-1,-1,1,-1,-1,1,1,-1,-1,1,-1,1,1,1,1,-1,1,1,-1,-1,1,-1,-1,1,-1,-1,1,1,-1,1,1,1,-1,1,-1,1,-1,-1,1,-1,1,-1,-1,-203.26311230327786,1
13,-1,1,-1,-1,-1,-1,1,1,1,-1,-1,1,1,-1,-1,-1,1,1,1,1,-1,1,-1,-1,1,1,-1,-1,1,-1,-1,1,-1,-1,1,-1,1,1,1,1,-1,-1,-1,-1,-1,-1,1,-1,1,1,-1,-1,1,1,1,-1,1,-1,1,-1,-1,-1,-1,1,-1,1,-1,1,-1,-1,1,-1,1,-1,-1,-1,-1,-1,1,-1,1,1,1,1,-1,1,-1,-1,1,-1,1,-1,1,-1,1,-1,-1,1,-1,-1,-1,-1,-1,-1,-1,1,1,-1,1,-1,1,1,1,-1,1,-1,1,1,-1,-1,1,1,1,-1,-1,-1,1,-1,1,1,-1,1,-1,1,-1,1,1,1,-1,-1,1,1,1,-1,1,-1,1,1,1,1,1,-1,-1,-1,1,-1,1,-1,-1,1,1,1,1,-1,1,1,-1,1,-1,1,1,1,-1,-1,-1,1,-1,-1,1,1,-1,-1,1,-1,1,1,1,1,-1,1,1,-1,-1,1,-1,-1,1,-1,-1,1,1,-1,1,1,1,-1,1,-1,1,-1,-1,1,-1,1,-1,-1,-203.24922811804365,1
14,-1,1,-1,-1,-1,-1,-1,1,1,-1,-1,1,1,-1,-1,-1,1,1,1,1,-1,1,-1,-1,1,1,-1,-1,1,-1,-1,1,-1,-1,1,-1,1,1,1,1,-1,-1,-1,-1,-1,-1,1,-1,1,1,-1,-1,1,1,1,-1,1,-1,1,-1,-1,-1,-1,1,-1,1,-1,1,-1,-1,1,-1,1,-1,-1,-1,-1,-1,1,-1,1,1,-1,1,-1,1,-1,-1,1,-1,1,-1,1,-1,1,-1,-1,1,-1,-1,-1,-1,-1,-1,-1,1,-1,-1,1,-1,1,1,1,-1,1,-1,1,1,-1,-1,1,1,1,-1,-1,-1,1,-1,1,1,-1,1,-1,1,-1,1,1,1,-1,-1,1,1,1,-1,1,-1,1,1,1,1,1,-1,1,-1,1,-1,1,-1,-1,1,1,1,1,-1,1,1,-1,1,-1,1,1,1,-1,-1,-1,1,-1,-1,1,1,-1,-1,1,-1,1,1,1,1,-1,1,1,-1,-1,1,-1,-1,1,-1,-1,1,1,-1,1,1,1,-1,1,-1,1,-1,-1,1,-1,1,-1,-1,-203.1284830082554,1
15,-1,1,-1,-1,-1,-1,1,1,1,-1,-1,1,-1,-1,-1,-1,1,1,1,1,-1,1,-1,-1,1,1,-1,-1,1,-1,-1,1,-1,1,1,-1,1,1,1,1,-1,-1,-1,-1,-1,-1,1,-1,1,1,-1,-1,1,1,1,-1,1,-1,1,-1,-1,-1,-1,1,-1,1,-1,1,-1,-1,1,-1,1,-1,-1,-1,-1,-1,1,-1,1,1,-1,1,-1,1,-1,-1,1,-1,-1,-1,1,-1,1,-1,-1,1,-1,-1,-1,-1,-1,-1,-1,1,-1,-1,1,-1,1,1,1,-1,1,-1,1,1,-1,-1,1,1,1,1,-1,-1,1,-1,1,1,-1,1,-1,1,-1,1,1,1,-1,-1,1,1,1,-1,1,-1,1,1,1,1,1,-1,1,-1,1,-1,1,-1,-1,1,1,1,1,-1,1,1,-1,1,-1,1,1,1,-1,-1,-1,1,-1,-1,1,1,-1,-1,1,-1,1,1,1,1,-1,1,1,-1,-1,1,-1,-1,1,-1,-1,1,1,-1,1,1,1,-1,1,-1,1,-1,-1,1,-1,1,-1,-1,-203.1159711329081,1
16,-1,1,-1,-1,-1,-1,1,1,1,-1,-1,1,-1,1,-1,1,1,1,1,1,-1,1,-1,-1,1,1,-1,-1,1,-1,-1,1,-1,1,1,-1,1,1,1,1,-1,-1,-1,-1,-1,-1,1,-1,1,1,-1,-1,1,1,1,-1,1,-1,1,-1,-1,-1,-1,1,-1,1,-1,1,-1,-1,1,-1,1,-1,-1,-1,-1,-1,1,-1,1,1,1,1,-1,1,-1,-1,1,-1,1,-1,1,-1,1,-1,-1,1,-1,-1,-1,-1,-1,-1,-1,1,-1,-1,1,-1,1,1,1,-1,1,-1,1,1,-1,-1,1,1,1,1,-1,-1,1,-1,1,1,-1,1,-1,1,-1,1,1,1,-1,-1,1,1,1,-1,1,-1,1,1,1,1,1,-1,1,-1,1,-1,1,-1,-1,1,1,1,1,-1,1,1,-1,1,-1,1,1,1,-1,-1,-1,1,-1,-1,1,1,-1,-1,1,-1,1,1,1,1,-1,1,1,-1,-1,1,-1,-1,1,-1,-1,1,1,-1,1,1,1,-1,1,-1,1,-1,-1,1,-1,1,-1,-1,-203.09215021791968,1
17,-1,1,-1,-1,-1,-1,1,1,1,-1,-1,1,-1,1,-1,-1,1,1,1,1,-1,1,-1,-1,1,1,-1,-1,1,-1,-1,1,-1,1,1,-1,1,1,1,1,-1,-1,-1,-1,-1,-1,1,-1,1,1,-1,-1,1,1,1,-1,1,-1,1,-1,-1,-1,-1,1,-1,1,-1,1,-1,-1,1,-1,1,-1,-1,-1,-1,-1,1,-1,1,1,1,1,-1,1,-1,-1,1,-1,-1,-1,1,-1,1,-1,-1,1,-1,-1,-1,-1,-1,-1,-1,1,-1,-1,1,-1,1,1,1,-1,1,-1,1,1,-1,-1,1,1,1,1,-1,-1,1,-1,1,1,-1,1,-1,1,-1,1,1,1,-1,1,1,1,1,-1,1,-1,1,1,1,1,1,-1,1,-1,1,-1,1,-1,-1,1,1,1,1,-1,1,1,-1,1,-1,1,1,1,-1,-1,-1,1,-1,-1,1,1,-1,-1,1,-1,1,1,1,1,-1,1,1,-1,-1,1,-1,-1,1,-1,-1,1,1,-1,1,1,1,-1,1,-1,1,-1,-1,1,-1,1,-1,-1,-203.05472438609482,1
18,-1,1,-1,-1,-1,-1,-1,1,1,-1,-1,1,-1,1,-1,-1,1,1,1,1,-1,1,-1,-1,1,1,-1,-1,1,-1,-1,1,-1,-1,1,-1,1,1,1,1,-1,-1,-1,-1,-1,-1,1,-1,1,1,-1,-1,1,1,1,-1,1,-1,1,-1,-1,-1,-1,1,-1,1,-1,1,-1,-1,1,-1,1,-1,-1,-1,-1,-1,1,-1,1,1,1,1,-1,1,-1,-1,1,-1,-1,-1,1,-1,1,-1,-1,1,-1,-1,-1,-1,-1,-1,-1,1,-1,-1,1,-1,1,1,1,-1,1,-1,1,1,-1,-1,1,1,1,-1,-1,-1,1,-1,1,1,-1,1,-1,1,-1,1,1,1,-1,-1,1,1,1,-1,1,-1,1,1,1,1,1,-1,1,-1,1,1,1,-1,-1,1,1,1,1,-1,1,1,-1,1,-1,1,1,1,-1,-1,-1,1,-1,-1,1,1,-1,-1,1,-1,1,1,1,1,-1,1,1,-1,-1,1,-1,-1,1,-1,-1,1,1,-1,1,1,1,-1,1,-1,1,-1,-1,1,-1,1,-1,-1,-202.95516132764752,1
19,-1,1,-1,-1,-1,-1,1,1,1,-1,-1,1,-1,1,-1,-1,1,1,1,1,-1,1,-1,-1,1,1,-1,-1,1,-1,-1,1,-1,1,1,-1,1,1,1,1,-1,-1,-1,-1,-1,-1,1,-1,1,1,-1,-1,1,1,1,-1,1,1,1,-1,-1,-1,-1,1,1,1,-1,1,-1,-1,1,-1,1,-1,-1,-1,-1,-1,1,-1,1,1,-1,1,-1,1,-1,-1,1,-1,1,-1,1,-1,1,-1,-1,1,-1,-1,-1,-1,-1,-1,-1,1,1,-1,1,-1,1,1,1,-1,1,-1,1,1,-1,-1,1,1,1,1,-1,-1,1,1,1,1,-1,1,-1,1,-1,1,-1,1,-1,-1,1,1,1,-1,1,-1,1,1,1,1,1,-1,-1,-1,1,-1,1,-1,-1,1,1,1,1,-1,1,1,-1,1,-1,1,1,1,-1,-1,-1,1,-1,-1,1,1,-1,-1,1,-1,1,1,1,1,-1,1,1,-1,-1,1,-1,-1,1,-1,-1,1,1,-1,1,1,1,-1,1,-1,1,-1,-1,1,-1,1,-1,-1,-202.93815402571698,1
20,-1,1,-1,-1,-1,-1,1,1,1,-1,-1,1,-1,-1,-1,-1,1,1,1,1,-1,1,-1,-1,1,1,-1,-1,1,-1,-1,1,-1,1,1,-1,1,1,1,1,-1,-1,-1,-1,-1,-1,1,-1,1,1,-1,-1,1,1,1,-1,1,1,1,-1,-1,-1,-1,1,1,1,-1,1,-1,-1,1,-1,1,-1,-1,-1,-1,-1,1,-1,1,1,1,1,-1,1,-1,-1,1,-1,-1,-1,1,-1,1,-1,-1,1,-1,-1,-1,-1,-1,-1,-1,1,1,-1,1,-1,1,1,1,-1,1,-1,1,1,-1,-1,1,1,1,1,-1,-1,1,1,1,1,-1,1,-1,1,-1,1,-1,1,-1,-1,1,1,1,-1,1,-1,1,1,1,1,1,-1,-1,-1,1,-1,1,-1,-1,1,1,1,1,-1,1,1,-1,1,-1,1,1,1,-1,-1,-1,1,-1,-1,1,1,-1,-1,1,-1,1,1,1,1,-1,1,1,-1,-1,1,-1,-1,1,-1,-1,1,1,-1,1,1,1,-1,1,-1,1,-1,-1,1,-1,1,-1,-1,-202.90377142820662,1
21,-1,1,-1,-1,-1,-1,1,1,1,-1,-1,1,-1,1,-1,-1,1,1,1,1,-1,1,-1,-1,1,1,-1,-1,1,-1,-1,1,-1,1,1,-1,1,1,1,1,-1,-1,-1,-1,-1,-1,1,-1,1,1,-1,-1,1,1,1,-1,1,-1,1,1,-1,-1,-1,1,-1,1,-1,1,-1,-1,1,-1,1,-1,-1,-1,-1,-1,1,-1,1,1,1,1,-1,1,-1,-1,1,-1,-1,-1,1,-1,1,-1,-1,1,-1,-1,-1,-1,-1,-1,-1,1,1,-1,1,-1,1,1,1,-1,1,-1,1,1,-1,-1,1,1,1,1,-1,-1,1,-1,1,1,-1,1,-1,1,-1,1,1,1,-1,-1,1,1,1,-1,1,-1,1,1,1,1,1,-1,-1,-1,1,-1,1,-1,-1,1,1,1,1,-1,1,1,-1,1,-1,1,1,1,-1,-1,-1,1,-1,-1,1,1,-1,-1,1,-1,1,1,1,1,-1,1,1,-1,-1,1,-1,-1,1,-1,-1,1,1,-1,1,1,1,-1,1,-1,1,-1,-1,1,-1,1,-1,-1,-202.8313761710398,1
22,-1,1,-1,1,1,1,1,1,1,-1,-1,-1,-1,1,-1,-1,1,1,1,1,-1,1,-1,-1,1,1,-1,-1,1,-1,-1,1,-1,1,1,-1,1,1,1,1,-1,-1,-1,-1,-1,-1,1,-1,1,1,-1,-1,1,1,1,-1,1,-1,1,1,-1,-1,-1,1,-1,1,-1,1,-1,-1,1,-1,1,-1,1,-1,-1,1,1,-1,-1,1,-1,-1,-1,1,1,-1,1,-1,-1,-1,-1,-1,1,-1,-1,1,-1,-1,-1,-1,-1,-1,-1,1,-1,-1,1,-1,1,1,1,-1,1,-1,1,1,-1,-1,1,1,1,1,-1,-1,1,-1,1,1,-1,1,-1,1,-1,1,1,1,-1,-1,1,1,1,-1,1,-1,1,1,1,1,1,-1,1,-1,1,-1,1,-1,-1,1,1,1,1,-1,1,1,-1,1,-1,1,1,1,-1,-1,-1,1,-1,-1,1,1,-1,-1,1,-1,1,1,1,1,-1,1,-1,1,-1,1,-1,-1,-1,-1,-1,-1,-1,-1,-1,-1,1,-1,-1,1,-1,1,1,-1,1,-1,1,1,-202.80072449779203,2
23,-1,1,-1,1,1,1,1,1,1,-1,-1,-1,-1,1,-1,-1,1,1,1,1,-1,1,-1,-1,1,1,-1,-1,1,-1,-1,1,-1,1,1,-1,1,1,1,1,-1,-1,-1,-1,-1,-1,1,-1,1,1,-1,-1,1,1,1,-1,1,-1,1,1,-1,-1,-1,1,-1,1,-1,1,-1,-1,1,-1,1,-1,1,-1,-1,1,1,-1,-1,1,-1,-1,-1,1,1,-1,1,-1,-1,-1,-1,-1,1,-1,-1,1,-1,-1,-1,-1,-1,-1,-1,1,1,-1,1,-1,1,1,1,-1,1,-1,1,1,-1,-1,1,1,1,1,-1,-1,1,-1,1,1,-1,1,-1,1,-1,1,1,1,-1,-1,1,1,1,-1,1,-1,1,1,1,1,1,-1,-1,-1,1,-1,1,-1,-1,1,1,1,1,-1,1,1,-1,1,-1,1,1,1,-1,-1,-1,1,-1,-1,1,1,-1,-1,1,-1,1,1,1,1,-1,1,-1,1,-1,1,-1,-1,-1,1,-1,-1,-1,-1,-1,-1,1,-1,-1,1,-1,1,1,-1,1,-1,1,1,-202.7975910130192,2
24,-1,1,-1,-1,-1,-1,1,1,1,-1,-1,1,-1,1,-1,-1,1,1,1,1,-1,1,-1,-1,1,1,-1,-1,1,-1,-1,1,-1,1,1,-1,1,1,1,1,-1,-1,-1,-1,-1,-1,1,-1,1,1,-1,-1,1,1,1,-1,1,-1,1,-1,-1,-1,-1,1,-1,1,-1,1,-1,-1,1,-1,1,-1,-1,-1,-1,-1,1,-1,-1,1,-1,-1,-1,1,1,-1,1,-1,1,-1,1,-1,1,-1,-1,1,-1,-1,-1,-1,-1,-1,-1,1,1,-1,1,-1,1,1,1,-1,1,-1,1,1,-1,-1,1,1,1,1,-1,-1,1,-1,1,1,-1,1,-1,1,-1,1,1,1,-1,-1,1,1,1,-1,1,-1,1,1,1,1,1,-1,-1,-1,1,-1,1,-1,-1,1,1,1,1,-1,1,1,-1,1,-1,1,1,1,-1,-1,-1,1,-1,-1,1,1,-1,-1,1,-1,1,1,1,1,-1,1,-1,1,-1,1,-1,-1,1,-1,-1,-1,-1,-1,1,1,1,-1,1,-1,1,-1,-1,-1,1,1,-1,-1,-202.78696139460757,1
25,-1,1,-1,-1,-1,-1,1,1,1,-1,-1,1,-1,1,-1,-1,1,1,1,1,-1,1,-1,-1,1,1,-1,-1,1,-1,-1,1,-1,1,1,-1,1,1,1,1,-1,-1,-1,-1,-1,-1,1,-1,1,1,-1,-1,1,1,1,-1,1,-1,1,-1,-1,-1,-1,1,-1,1,-1,1,-1,-1,1,-1,1,-1,-1,-1,-1,-1,1,-1,-1,1,-1,-1,-1,1,1,-1,1,-1,-1,-1,1,-1,1,-1,-1,1,-1,-1,-1,-1,-1,-1,-1,1,-1,-1,1,-1,1,1,1,-1,1,-1,1,1,-1,-1,1,1,1,1,-1,-1,1,-1,1,1,-1,1,-1,1,-1,1,1,1,-1,-1,1,1,1,-1,1,-1,1,1,1,1,1,-1,1,-1,1,-1,1,-1,-1,1,1,1,1,-1,1,1,-1,1,-1,1,1,1,-1,-1,-1,1,-1,-1,1,1,-1,-1,1,-1,1,1,1,1,-1,1,-1,1,-1,1,-1,-1,1,-1,-1,-1,-1,-1,1,1,1,-1,1,-1,1,-1,-1,1,-1,1,-1,-1,-202.77886161635564,1
26,-1,1,-1,-1,-1,-1,1,1,1,-1,-1,1,-1,1,-1,-1,1,1,1,1,-1,1,-1,-1,1,1,-1,-1,1,-1,-1,1,-1,1,1,-1,1,1,1,1,-1,-1,-1,-1,-1,-1,1,-1,1,1,-1,-1,1,1,1,-1,1,-1,1,-1,-1,-1,-1,1,-1,1,-1,1,-1,-1,1,-1,1,-1,-1,-1,-1,-1,1,-1,-1,1,-1,-1,-1,1,1,-1,1,-1,-1,-1,1,-1,1,-1,-1,1,-1,-1,-1,-1,-1,-1,-1,1,-1,-1,1,-1,1,1,1,-1,1,-1,1,1,-1,-1,1,1,1,1,-1,-1,1,-1,1,1,-1,1,-1,1,-1,1,1,1,-1,-1,1,1,1,-1,1,-1,1,1,1,1,1,-1,1,-1,1,1,1,-1,-1,1,1,1,1,-1,1,1,-1,1,-1,1,1,1,-1,-1,-1,1,-1,-1,1,1,-1,-1,1,-1,1,1,1,1,-1,1,-1,1,-1,1,-1,-1,1,-1,-1,-1,-1,-1,1,1,1,-1,1,-1,1,-1,-1,-1,1,1,-1,-1,-202.76612492273514,1
27,-1,1,-1,1,1,1,1,1,1,-1,-1,-1,-1,1,-1,-1,1,1,1,1,-1,1,-1,-1,1,1,-1,-1,1,-1,-1,1,-1,1,1,-1,1,1,1,1,-1,-1,-1,-1,-1,-1,1,-1,1,1,-1,-1,1,1,1,-1,1,-1,-1,1,-1,-1,-1,1,-1,1,-1,1,-1,-1,1,-1,1,-1,1,-1,-1,1,1,-1,-1,1,-1,-1,-1,1,1,-1,1,-1,-1,-1,-1,-1,1,-1,-1,1,-1,-1,-1,-1,-1,-1,-1,1,1,-1,1,-1,1,1,1,-1,1,-1,1,1,-1,-1,1,1,1,1,-1,-1,1,-1,1,1,-1,1,-1,1,-1,1,1,1,-1,1,1,1,1,-1,1,-1,1,1,1,1,1,-1,-1,-1,1,-1,1,-1,-1,1,1,1,1,-1,1,1,-1,1,-1,1,1,1,-1,-1,-1,1,-1,-1,1,1,-1,-1,1,-1,1,1,1,1,-1,1,-1,1,-1,1,-1,-1,-1,-1,-1,-1,-1,-1,-1,-1,1,-1,-1,1,-1,1,1,-1,1,-1,1,1,-202.76110466282768,1
28,-1,1,-1,1,1,1,1,1,1,-1,-1,-1,-1,1,-1,-1,1,1,1,1,-1,1,-1,-1,1,1,-1,-1,1,-1,-1,1,-1,1,1,-1,1,1,1,1,-1,-1,-1,-1,-1,-1,1,-1,1,1,-1,-1,1,1,1,-1,1,-1,-1,1,-1,-1,-1,1,-1,1,-1,1,-1,-1,1,-1,1,-1,1,-1,-1,1,1,-1,-1,1,-1,-1,-1,1,1,-1,1,-1,-1,-1,1,-1,1,-1,-1,1,-1,-1,-1,-1,-1,-1,-1,1,1,-1,1,-1,1,1,1,-1,1,-1,1,1,-1,-1,1,1,1,1,-1,-1,1,-1,1,1,-1,1,-1,1,-1,1,1,1,-1,1,1,1,1,-1,1,-1,1,1,1,1,1,-1,-1,-1,1,-1,1,-1,-1,1,1,1,1,-1,1,1,-1,1,-1,1,1,1,-1,-1,-1,1,-1,-1,1,1,-1,-1,1,-1,1,1,1,1,-1,1,-1,1,-1,1,-1,-1,-1,-1,-1,-1,-1,-1,-1,-1,1,-1,1,1,1,-1,1,-1,1,-1,1,1,-202.74616520235656,2
29,-1,1,-1,-1,-1,-1,1,1,1,-1,-1,1,-1,1,-1,-1,1,1,1,1,-1,1,-1,-1,1,1,-1,-1,1,-1,1,-1,-1,1,1,-1,1,1,1,1,-1,-1,-1,-1,-1,-1,1,-1,1,1,-1,-1,1,1,1,-1,1,1,1,-1,-1,-1,-1,1,1,1,-1,1,-1,-1,1,-1,1,-1,-1,-1,-1,-1,1,-1,1,1,1,1,-1,1,-1,-1,1,-1,-1,-1,1,-1,1,-1,-1,1,-1,-1,-1,-1,-1,-1,-1,1,1,-1,1,-1,1,1,1,-1,1,-1,1,1,-1,-1,1,1,1,1,-1,-1,1,1,1,1,-1,1,-1,1,-1,1,-1,1,-1,-1,1,1,1,-1,1,-1,1,1,1,1,1,-1,-1,-1,1,-1,1,-1,-1,1,1,1,1,-1,1,1,-1,1,-1,1,1,1,-1,-1,-1,1,-1,-1,1,1,-1,-1,1,-1,1,1,1,1,-1,1,1,-1,-1,1,-1,-1,1,-1,-1,-1,-1,-1,1,1,1,-1,1,-1,1,-1,-1,1,-1,1,-1,-1,-202.7353791441599,1
30,-1,1,-1,-1,-1,-1,-1,1,1,-1,-1,1,1,-1,-1,-1,1,1,1,1,-1,1,-1,-1,1,1,-1,-1,1,-1,-1,1,-1,-1,1,-1,1,1,1,1,-1,-1,-1,-1,-1,-1,1,-1,1,1,-1,-1,1,1,1,-1,1,-1,1,-1,-1,-1,-1,1,-1,1,-1,1,-1,-1,1,-1,1,-1,-1,-1,-1,-1,1,-1,1,1,1,1,-1,1,-1,-1,1,-1,-1,-1,1,-1,1,-1,-1,1,-1,-1,-1,-1,-1,-1,-1,1,1,-1,1,-1,1,1,1,-1,1,-1,1,1,-1,-1,1,1,1,-1,-1,-1,1,-1,1,1,-1,1,-1,1,-1,1,1,1,-1,-1,1,1,1,-1,1,-1,1,1,1,1,1,-1,-1,-1,1,-1,1,-1,-1,1,1,1,1,-1,1,1,-1,1,-1,1,1,1,-1,-1,-1,1,-1,-1,1,1,-1,-1,1,-1,1,1,1,1,-1,1,1,-1,-1,1,-1,-1,1,-1,-1,1,-1,-1,1,1,1,-1,1,-1,1,-1,-1,1,-1,1,-1,-1,-202.72809926437287,1
31,-1,1,-1,-1,-1,-1,1,1,1,-1,-1,1,-1,1,-1,-1,1,1,1,1,-1,1,-1,-1,1,1,-1,-1,1,-1,-1,1,-1,1,1,-1,1,1,1,1,-1,-1,-1,-1,-1,-1,1,-1,1,1,-1,-1,1,1,1,-1,1,-1,1,-1,-1,-1,-1,1,-1,1,-1,1,-1,-1,1,-1,1,-1,1,-1,-1,-1,1,-1,-1,1,-1,-1,-1,1,1,-1,1,-1,-1,-1,1,-1,1,-1,-1,1,-1,-1,-1,-1,-1,-1,-1,1,-1,-1,1,-1,1,1,1,-1,1,-1,1,1,-1,-1,1,1,1,1,-1,-1,1,-1,1,1,-1,1,-1,1,-1,1,1,1,-1,-1,1,1,1,-1,1,-1,1,1,1,1,1,-1,1,-1,1,-1,1,-1,-1,1,1,1,1,-1,1,1,-1,1,-1,1,1,1,-1,-1,-1,1,-1,-1,1,1,-1,-1,1,-1,1,1,1,1,-1,1,-1,1,-1,1,-1,-1,1,-1,-1,-1,-1,-1,1,1,1,-1,1,-1,1,-1,-1,-1,1,1,-1,-1,-202.72603527791512,1
32,-1,1,-1,1,1,1,1,1,1,-1,-1,-1,-1,1,-1,-1,1,1,1,1,-1,1,-1,-1,1,1,-1,-1,1,-1,-1,1,-1,1,1,-1,1,1,1,1,-1,-1,-1,-1,-1,-1,1,-1,1,1,-1,-1,1,1,1,-1,1,-1,-1,1,-1,-1,-1,1,-1,1,-1,1,-1,-1,1,-1,1,-1,1,-1,-1,1,1,-1,-1,1,-1,-1,-1,1,1,-1,1,-1,-1,-1,-1,-1,1,-1,-1,1,-1,-1,-1,-1,-1,-1,-1,1,-1,-1,1,-1,1,1,1,-1,1,-1,1,1,-1,-1,1,1,1,1,-1,-1,1,-1,1,1,-1,1,-1,1,-1,1,1,1,-1,1,1,1,1,-1,1,-1,1,1,1,1,1,-1,1,-1,1,-1,1,-1,-1,1,1,1,1,-1,1,1,-1,1,-1,1,1,1,-1,-1,-1,1,-1,-1,1,1,-1,-1,1,-1,1,1,1,1,-1,1,-1,1,-1,1,-1,-1,-1,-1,-1,-1,-1,-1,-1,-1,1,-1,-1,1,-1,1,1,-1,1,-1,1,1,-202.70183064213404,1
33,-1,1,-1,1,1,1,1,1,1,-1,-1,-1,-1,1,-1,-1,1,1,1,1,-1,1,-1,-1,1,1,-1,-1,1,-1,-1,1,-1,1,1,-1,1,1,1,1,-1,-1,-1,-1,-1,-1,1,-1,1,1,-1,-1,1,1,1,-1,1,-1,-1,1,-1,-1,-1,1,-1,1,-1,1,-1,-1,1,-1,1,-1,1,-1,-1,1,1,-1,-1,1,-1,-1,-1,1,1,-1,1,-1,-1,-1,-1,-1,1,-1,-1,1,-1,-1,-1,-1,-1,-1,-1,1,1,-1,1,-1,1,1,1,-1,1,-1,1,1,-1,-1,1,1,1,1,-1,-1,1,-1,1,1,-1,1,-1,1,-1,1,1,1,-1,1,1,1,1,-1,1,-1,1,1,1,1,1,-1,-1,-1,1,-1,1,-1,-1,1,1,1,1,-1,1,1,-1,1,-1,1,1,1,-1,-1,-1,1,-1,-1,1,1,-1,-1,1,-1,1,1,1,1,-1,1,-1,1,-1,1,-1,-1,-1,1,-1,-1,-1,-1,-1,-1,1,-1,-1,1,-1,1,1,-1,1,-1,1,1,-202.69869715736127,1
34,-1,1,-1,1,1,1,1,1,1,-1,-1,-1,-1,1,-1,-1,1,1,1,1,-1,1,-1,-1,1,1,-1,-1,1,-1,-1,1,-1,1,1,-1,1,1,1,1,-1,-1,-1,-1,-1,-1,1,-1,1,1,-1,-1,1,1,1,-1,1,-1,1,1,-1,-1,-1,1,-1,1,-1,1,-1,-1,1,-1,1,-1,1,-1,-1,1,1,-1,-1,1,-1,-1,-1,1,1,-1,1,-1,1,-1,1,-1,1,-1,-1,1,-1,-1,-1,-1,-1,-1,-1,1,1,-1,1,-1,1,1,1,-1,1,-1,1,1,-1,-1,1,1,1,1,-1,-1,1,-1,1,1,-1,1,-1,1,-1,1,1,1,-1,-1,1,1,1,-1,1,-1,1,1,1,1,1,-1,-1,-1,1,-1,1,-1,-1,1,1,1,1,-1,1,1,-1,1,-1,1,1,1,-1,-1,-1,1,-1,-1,1,1,-1,-1,1,-1,1,1,1,1,-1,1,-1,1,-1,1,-1,-1,-1,-1,-1,-1,-1,-1,-1,-1,1,-1,1,1,1,-1,1,-1,1,-1,1,1,-202.68672854575078,1
35,-1,1,-1,1,1,1,1,1,1,-1,-1,-1,-1,1,-1,-1,1,1,1,1,-1,1,-1,-1,1,1,-1,-1,1,-1,-1,1,-1,1,1,-1,1,1,1,1,-1,-1,-1,-1,-1,-1,1,-1,1,1,-1,-1,1,1,1,-1,1,-1,1,1,-1,-1,-1,1,-1,1,-1,1,-1,-1,1,-1,1,-1,1,-1,-1,1,1,-1,-1,1,-1,-1,-1,1,1,-1,1,-1,-1,-1,-1,-1,1,-1,-1,1,-1,-1,-1,-1,-1,-1,-1,1,-1,-1,1,-1,1,1,1,-1,1,-1,1,1,-1,-1,1,1,1,1,-1,-1,1,-1,1,1,-1,1,-1,1,-1,1,1,1,-1,-1,1,1,1,-1,1,-1,1,1,1,1,1,-1,1,-1,1,1,1,-1,-1,1,1,1,1,-1,1,1,-1,1,-1,1,1,1,-1,-1,-1,1,-1,-1,1,1,-1,-1,1,-1,1,1,1,1,-1,1,-1,1,-1,1,-1,-1,-1,-1,-1,-1,-1,-1,-1,-1,1,-1,-1,1,-1,1,1,-1,1,-1,1,1,-202.68083153434952,1
36,-1,1,-1,-1,-1,-1,1,1,1,-1,-1,1,-1,1,-1,-1,1,1,1,1,-1,1,-1,-1,1,1,-1,-1,1,-1,-1,1,-1,1,1,-1,1,1,1,1,-1,-1,-1,-1,-1,-1,1,-1,1,1,-1,-1,1,1,1,-1,1,-1,1,-1,-1,-1,-1,1,-1,1,-1,1,-1,-1,1,-1,1,-1,-1,-1,-1,-1,1,-1,-1,1,-1,-1,-1,1,1,-1,1,-1,1,-1,1,-1,1,-1,-1,1,-1,-1,-1,-1,-1,-1,-1,1,1,-1,1,-1,1,1,1,-1,1,-1,1,1,-1,-1,1,1,1,1,-1,-1,1,-1,1,1,-1,1,-1,1,-1,1,1,1,-1,-1,1,1,1,-1,1,-1,1,1,1,1,1,-1,-1,-1,1,-1,1,-1,-1,1,1,1,1,-1,1,1,-1,1,-1,1,1,1,-1,-1,-1,1,-1,-1,1,1,-1,-1,1,-1,1,1,1,1,-1,1,-1,1,-1,1,-1,-1,1,-1,-1,-1,-1,-1,1,1,1,-1,1,-1,1,-1,-1,1,-1,1,-1,-1,-202.6798051247855,1
37,-1,1,-1,1,1,1,1,1,1,-1,-1,-1,-1,1,-1,-1,1,1,1,1,-1,1,-1,-1,1,1,-1,-1,1,-1,-1,1,-1,1,1,-1,1,1,1,1,-1,-1,-1,-1,-1,-1,1,-1,1,1,-1,-1,1,1,1,-1,1,-1,1,1,-1,-1,-1,1,-1,1,-1,1,-1,-1,1,-1,1,-1,1,-1,-1,1,1,-1,-1,1,-1,-1,-1,1,1,-1,1,-1,-1,-1,-1,-1,1,-1,-1,1,-1,-1,-1,-1,-1,-1,-1,1,-1,-1,1,-1,1,1,1,-1,1,-1,1,1,-1,-1,1,1,1,1,-1,-1,1,-1,1,1,-1,1,-1,1,-1,1,1,1,-1,-1,1,1,1,-1,1,-1,1,1,1,1,1,-1,1,-1,1,-1,1,-1,-1,1,1,1,1,-1,1,1,-1,1,-1,1,1,1,-1,-1,-1,1,-1,-1,1,1,-1,-1,1,-1,1,1,1,1,-1,1,-1,1,-1,1,-1,-1,-1,-1,-1,-1,-1,-1,-1,-1,1,-1,-1,1,-1,1,-1,1,-1,-1,1,1,-202.66617351135812,1
38,-1,1,-1,1,1,1,1,1,1,-1,-1,-1,-1,1,-1,-1,1,1,1,1,-1,1,-1,-1,1,1,-1,-1,1,-1,-1,1,-1,1,1,-1,1,1,1,1,-1,-1,-1,-1,-1,-1,1,-1,1,1,-1,-1,1,1,1,-1,1,-1,1,1,-1,-1,-1,1,-1,1,-1,1,-1,-1,1,-1,1,-1,1,-1,-1,1,1,-1,-1,1,-1,-1,-1,1,1,-1,1,-1,-1,-1,-1,-1,1,-1,-1,1,-1,-1,-1,-1,-1,-1,-1,1,1,-1,1,-1,1,1,1,-1,1,-1,1,1,-1,-1,1,1,1,1,-1,-1,1,-1,1,1,-1,1,-1,1,-1,1,1,1,-1,-1,1,1,1,-1,1,-1,1,1,1,1,1,-1,-1,-1,1,-1,1,-1,-1,1,1,1,1,-1,1,1,-1,1,-1,1,1,1,-1,-1,-1,1,-1,-1,1,1,-1,-1,1,-1,1,1,1,1,-1,1,-1,1,-1,1,-1,-1,-1,1,-1,-1,-1,-1,-1,-1,1,-1,-1,1,-1,1,-1,1,-1,-1,1,1,-202.66304002658532,1
39,-1,1,-1,-1,-1,-1,-1,1,1,-1,-1,1,1,-1,-1,-1,1,1,1,1,-1,1,-1,-1,1,1,-1,-1,1,-1,-1,1,-1,-1,1,-1,1,1,1,1,-1,-1,-1,-1,-1,-1,1,-1,1,1,-1,-1,1,1,1,-1,1,-1,1,-1,-1,-1,-1,1,-1,1,-1,1,-1,-1,1,-1,1,-1,-1,-1,-1,-1,1,-1,-1,1,1,1,-1,1,-1,-1,1,-1,-1,-1,1,-1,1,-1,-1,1,-1,-1,-1,-1,-1,-1,-1,1,-1,-1,1,-1,1,1,1,-1,1,-1,1,1,-1,-1,1,1,1,-1,-1,-1,1,-1,1,1,-1,1,-1,1,-1,1,1,1,-1,-1,1,1,1,-1,1,-1,1,1,1,1,1,-1,1,-1,1,1,1,-1,-1,1,1,1,1,-1,1,1,-1,1,-1,1,1,1,-1,-1,-1,1,-1,-1,1,1,-1,-1,1,-1,1,1,1,1,-1,1,1,-1,-1,1,-1,-1,1,-1,-1,1,1,-1,1,1,1,-1,1,-1,1,-1,-1,-1,1,1,-1,-1,-202.65204845562786,1
40,-1,1,-1,1,1,1,1,1,1,-1,-1,-1,-1,1,-1,-1,1,1,1,1,-1,1,-1,-1,1,1,-1,-1,1,-1,-1,1,-1,1,1,-1,1,1,1,1,-1,-1,-1,-1,-1,-1,1,-1,1,1,-1,-1,1,1,1,-1,1,-1,1,1,-1,-1,-1,1,-1,1,-1,1,-1,-1,1,-1,1,-1,1,-1,-1,1,1,-1,-1,1,-1,-1,-1,1,1,-1,1,-1,-1,-1,-1,-1,1,-1,-1,1,-1,-1,-1,-1,-1,-1,-1,1,-1,-1,1,-1,1,1,1,-1,1,-1,1,1,-1,-1,1,1,1,1,-1,-1,1,-1,1,1,-1,1,-1,1,-1,1,1,1,-1,-1,1,1,1,-1,1,-1,1,1,1,1,1,-1,1,-1,1,-1,1,-1,-1,1,1,1,1,-1,1,1,-1,1,-1,1,1,1,-1,-1,-1,1,-1,-1,1,1,-1,-1,1,-1,1,1,1,1,-1,1,-1,1,-1,1,-1,-1,-1,1,-1,-1,-1,-1,-1,-1,1,-1,-1,1,-1,1,-1,1,-1,-1,1,1,-202.60376600589169,1
41,-1,1,-1,-1,-1,-1,1,1,1,-1,-1,1,-1,1,-1,-1,1,1,1,1,-1,1,-1,-1,1,1,-1,-1,1,-1,-1,1,-1,1,1,-1,1,1,1,1,-1,-1,-1,-1,-1,-1,1,-1,1,1,-1,-1,1,1,1,-1,1,-1,1,-1,-1,-1,-1,1,-1,1,-1,1,-1,-1,1,-1,1,-1,-1,-1,-1,-1,1,-1,-1,1,-1,-1,-1,1,1,-1,1,-1,1,-1,1,-1,1,-1,-1,1,-1,-1,-1,-1,-1,-1,-1,1,1,-1,1,-1,1,1,1,-1,1,-1,1,1,-1,-1,1,1,1,1,-1,-1,1,-1,1,1,-1,1,-1,1,-1,1,1,1,-1,-1,1,1,1,-1,1,-1,1,1,1,1,1,-1,-1,-1,1,-1,1,-1,-1,1,1,1,1,-1,1,1,-1,1,-1,1,1,1,-1,-1,-1,1,-1,-1,1,1,-1,-1,1,-1,1,1,1,1,-1,1,-1,1,-1,1,-1,-1,1,-1,-1,1,-1,-1,1,1,1,-1,1,-1,1,-1,-1,-1,1,1,-1,-1,-202.59920210174903,1
42,-1,1,-1,-1,-1,-1,1,1,1,-1,-1,1,-1,1,-1,-1,1,1,1,1,-1,1,-1,-1,1,1,-1,-1,1,-1,-1,1,-1,1,1,-1,1,1,1,1,-1,-1,-1,-1,-1,-1,1,-1,1,1,-1,-1,1,1,1,-1,1,-1,1,-1,-1,-1,-1,1,-1,1,-1,1,-1,-1,1,-1,1,-1,-1,-1,-1,-1,1,-1,-1,1,-1,-1,-1,1,1,-1,1,-1,-1,-1,1,-1,1,-1,-1,1,-1,-1,-1,-1,-1,-1,-1,1,-1,-1,1,-1,1,1,1,-1,1,-1,1,1,-1,-1,1,1,1,1,-1,-1,1,-1,1,1,-1,1,-1,1,-1,1,1,1,-1,-1,1,1,1,-1,1,-1,1,1,1,1,1,-1,1,-1,1,-1,1,-1,-1,1,1,1,1,-1,1,1,-1,1,-1,1,1,1,-1,-1,-1,1,-1,-1,1,1,-1,-1,1,-1,1,1,1,1,-1,1,-1,1,-1,1,-1,-1,1,-1,-1,1,-1,-1,1,1,1,-1,1,-1,1,-1,-1,1,-1,1,-1,-1,-202.59110232349704,1
43,-1,1,-1,-1,-1,-1,-1,1,1,-1,-1,1,1,-1,-1,-1,1,1,1,1,-1,1,-1,-1,1,1,-1,-1,1,-1,-1,1,-1,-1,1,-1,1,1,1,1,-1,-1,-1,-1,-1,-1,1,-1,1,1,-1,-1,1,1,1,-1,1,-1,1,-1,-1,-1,-1,1,-1,1,-1,1,-1,-1,1,-1,1,-1,-1,-1,-1,-1,1,-1,-1,1,-1,-1,-1,1,1,-1,1,-1,-1,-1,1,-1,1,-1,-1,1,-1,-1,-1,-1,-1,-1,-1,1,1,-1,1,-1,1,1,1,-1,1,-1,1,1,-1,-1,1,1,1,-1,-1,-1,1,-1,1,1,-1,1,-1,1,-1,1,1,1,-1,-1,1,1,1,-1,1,-1,1,1,1,1,1,-1,-1,-1,1,-1,1,-1,-1,1,1,1,1,-1,1,1,-1,1,-1,1,1,1,-1,-1,-1,1,-1,-1,1,1,-1,-1,1,-1,1,1,1,1,-1,1,-1,1,-1,1,-1,-1,1,-1,-1,-1,-1,-1,1,1,1,-1,1,-1,1,-1,-1,1,-1,1,-1,-1,-202.58361337858435,1
44,-1,1,-1,1,1,1,1,1,1,-1,-1,-1,-1,1,-1,-1,1,1,1,1,-1,1,-1,-1,1,1,-1,-1,1,-1,-1,1,-1,1,1,-1,1,1,1,1,-1,-1,1,1,1,-1,1,-1,1,1,-1,-1,1,1,1,-1,1,-1,-1,1,-1,-1,-1,1,-1,1,-1,1,-1,-1,1,-1,1,-1,1,-1,-1,1,1,-1,1,1,-1,-1,-1,1,1,-1,1,-1,-1,-1,-1,-1,1,-1,-1,1,-1,-1,-1,-1,-1,-1,1,1,-1,-1,1,-1,1,1,1,-1,1,-1,1,1,-1,-1,1,1,1,1,-1,-1,1,-1,1,1,-1,1,-1,1,-1,1,1,1,-1,1,1,1,1,-1,1,-1,1,1,1,1,1,-1,1,-1,1,-1,1,-1,-1,1,1,1,1,-1,1,1,1,-1,-1,1,1,1,-1,-1,-1,1,-1,-1,1,1,-1,-1,1,-1,1,1,1,-1,1,1,-1,1,-1,1,-1,-1,-1,1,-1,-1,-1,-1,-1,-1,-1,1,-1,1,-1,1,-1,1,-1,-1,1,1,-202.58354990981087,2
45,-1,1,-1,-1,-1,-1,1,1,1,-1,-1,1,-1,1,-1,-1,1,1,1,1,-1,1,-1,-1,1,1,-1,-1,1,-1,-1,1,-1,1,1,-1,1,1,1,1,-1,-1,-1,-1,-1,-1,1,-1,1,1,-1,-1,1,1,1,-1,1,-1,1,-1,-1,-1,-1,1,-1,1,-1,1,-1,-1,1,-1,1,-1,-1,-1,-1,-1,1,-1,-1,1,-1,-1,-1,1,1,-1,1,-1,-1,-1,1,-1,1,-1,-1,1,-1,-1,-1,-1,-1,-1,-1,1,-1,-1,1,-1,1,1,1,-1,1,-1,1,1,-1,-1,1,1,1,1,-1,-1,1,-1,1,1,-1,1,-1,1,-1,1,1,1,-1,-1,1,1,1,-1,1,-1,1,1,1,1,1,-1,1,-1,1,1,1,-1,-1,1,1,1,1,-1,1,1,-1,1,-1,1,1,1,-1,-1,-1,1,-1,-1,1,1,-1,-1,1,-1,1,1,1,1,-1,1,-1,1,-1,1,-1,-1,1,-1,-1,1,-1,-1,1,1,1,-1,1,-1,1,-1,-1,-1,1,1,-1,-1,-202.5783656298766,1
46,-1,1,-1,1,1,1,1,1,1,-1,-1,-1,-1,1,-1,-1,1,1,1,1,-1,1,-1,-1,1,1,-1,-1,1,-1,-1,1,-1,1,1,-1,1,1,1,1,-1,-1,1,1,1,-1,1,-1,1,1,-1,-1,1,1,1,-1,1,-1,-1,1,-1,-1,-1,1,-1,1,-1,1,-1,-1,1,-1,1,-1,1,-1,-1,1,1,-1,1,1,-1,-1,-1,1,1,-1,1,-1,-1,-1,-1,-1,1,-1,-1,1,-1,-1,-1,-1,-1,-1,1,1,-1,1,1,-1,1,1,1,-1,1,-1,1,1,-1,-1,1,1,1,1,-1,-1,1,-1,1,1,-1,1,-1,1,-1,1,1,1,-1,1,1,1,1,-1,1,-1,1,1,1,1,1,-1,1,-1,1,1,1,-1,-1,1,1,1,1,-1,1,1,1,-1,-1,1,1,1,-1,-1,-1,1,-1,-1,1,1,-1,-1,1,-1,1,1,1,-1,1,1,-1,1,-1,1,-1,-1,-1,1,-1,-1,-1,-1,-1,-1,-1,1,-1,1,-1,1,-1,1,-1,-1,1,1,-202.57131139826458,1
47,-1,1,-1,1,1,1,1,1,1,-1,-1,-1,-1,1,-1,-1,1,1,1,1,-1,1,-1,-1,1,1,-1,-1,1,-1,-1,1,-1,1,1,-1,1,1,1,1,-1,-1,-1,-1,-1,-1,1,-1,1,1,-1,-1,1,1,1,-1,1,-1,1,1,-1,-1,-1,1,-1,1,-1,1,-1,-1,1,-1,1,-1,1,-1,-1,1,1,-1,-1,1,-1,-1,-1,1,1,-1,1,-1,-1,-1,-1,-1,1,-1,-1,1,-1,-1,-1,-1,-1,-1,-1,1,1,-1,1,-1,1,1,1,-1,1,-1,1,1,-1,-1,1,1,1,1,-1,-1,1,-1,1,1,-1,1,-1,1,-1,1,1,1,-1,-1,1,1,1,-1,1,-1,1,1,1,1,1,-1,-1,-1,1,-1,1,-1,-1,1,1,1,1,-1,1,1,-1,1,-1,1,1,1,-1,-1,-1,1,-1,-1,1,1,-1,-1,1,-1,1,1,1,1,-1,1,-1,1,-1,1,-1,-1,-1,-1,-1,-1,-1,-1,-1,-1,-1,1,-1,1,-1,1,1,-1,1,-1,1,1,-202.52528252059477,1
48,-1,1,-1,1,1,1,1,1,1,-1,-1,-1,-1,1,-1,-1,1,1,1,1,-1,1,-1,-1,1,1,-1,-1,1,-1,-1,1,-1,1,1,-1,1,1,1,1,-1,-1,-1,-1,1,-1,1,-1,1,1,-1,-1,1,1,1,-1,1,-1,1,1,-1,-1,-1,1,-1,1,-1,1,-1,-1,1,-1,1,-1,1,-1,-1,1,1,-1,-1,1,-1,-1,-1,1,1,-1,1,-1,-1,-1,-1,-1,1,-1,-1,1,-1,-1,-1,-1,-1,-1,-1,1,-1,-1,1,-1,1,1,1,-1,1,-1,1,1,-1,-1,1,1,1,1,-1,-1,1,-1,1,1,-1,1,-1,1,-1,1,1,1,-1,-1,1,1,1,-1,1,-1,1,1,1,1,1,-1,1,-1,1,-1,1,-1,-1,1,1,1,1,-1,1,1,-1,1,-1,1,1,1,-1,-1,-1,1,-1,-1,1,1,-1,-1,1,-1,1,1,1,1,-1,1,-1,1,-1,1,-1,-1,-1,-1,-1,-1,-1,-1,-1,-1,-1,1,-1,1,-1,1,-1,1,-1,-1,1,1,-202.52131361843746,1
49,-1,1,-1,1,1,1,-1,1,1,-1,-1,-1,1,-1,-1,-1,1,1,1,1,-1,1,-1,-1,1,1,-1,-1,1,-1,-1,1,-1,-1,1,-1,1,1,1,1,-1,-1,-1,-1,-1,-1,1,-1,1,1,-1,-1,1,1,1,-1,1,-1,1,1,-1,-1,-1,1,-1,1,-1,1,-1,-1,1,-1,1,-1,1,-1,-1,1,1,-1,-1,1,-1,-1,-1,1,1,-1,1,-1,-1,-1,-1,-1,1,-1,-1,1,-1,-1,-1,-1,-1,-1,-1,1,-1,-1,1,-1,1,1,1,-1,1,-1,1,1,-1,-1,1,1,1,-1,-1,-1,1,-1,1,1,-1,1,-1,1,-1,1,1,1,-1,-1,1,1,1,-1,1,-1,1,1,1,1,1,-1,1,-1,1,-1,1,-1,-1,1,1,1,1,-1,1,1,-1,1,-1,1,1,1,-1,-1,-1,1,-1,-1,1,1,-1,-1,1,-1,1,1,1,1,-1,1,-1,1,-1,1,-1,-1,-1,1,-1,-1,-1,-1,-1,-1,1,-1,-1,1,-1,1,1,-1,1,-1,1,1,-202.48379473386063,1
50,-1,1,-1,-1,-1,-1,1,1,1,-1,-1,-1,-1,1,-1,-1,1,1,1,1,-1,1,-1,-1,1,1,-1,-1,1,-1,-1,1,-1,1,1,-1,1,1,1,1,-1,-1,-1,-1,-1,-1,1,-1,1,1,-1,-1,1,1,1,-1,1,-1,1,1,-1,-1,-1,1,-1,1,-1,1,-1,-1,1,-1,1,-1,1,-1,-1,1,1,-1,-1,1,-1,-1,-1,1,1,-1,1,-1,-1,-1,-1,-1,1,-1,-1,1,-1,-1,-1,-1,-1,-1,-1,1,1,-1,1,-1,1,1,1,-1,1,-1,1,1,-1,-1,1,1,1,1,-1,-1,1,-1,1,1,-1,1,-1,1,-1,1,1,1,-1,-1,1,1,1,-1,1,-1,1,1,1,1,1,-1,-1,-1,1,-1,1,-1,-1,1,1,1,1,-1,1,1,-1,1,-1,1,1,1,-1,-1,-1,1,-1,-1,1,1,-1,-1,1,-1,1,1,1,1,-1,1,-1,1,-1,1,-1,-1,-1,1,-1,-1,-1,-1,-1,-1,1,-1,-1,1,-1,1,-1,1,-1,-1,1,1,-202.47160081866062,1
51,-1,1,-1,1,1,1,1,1,1,-1,-1,-1,-1,1,-1,-1,1,1,1,1,-1,1,-1,-1,1,1,-1,-1,1,-1,-1,1,-1,1,1,-1,1,1,1,1,-1,-1,-1,-1,-1,-1,1,-1,1,1,-1,-1,1,1,1,-1,1,-1,1,1,-1,-1,-1,1,-1,1,-1,1,-1,-1,1,-1,1,-1,1,-1,-1,1,1,-1,-1,1,-1,-1,-1,1,1,-1,1,-1,-1,-1,1,-1,1,-1,-1,1,-1,-1,-1,-1,-1,-1,-1,1,-1,-1,1,-1,1,1,1,-1,1,-1,1,1,-1,-1,1,1,1,1,-1,-1,1,-1,1,1,-1,1,-1,1,-1,1,1,1,-1,-1,1,1,1,-1,1,-1,1,1,1,1,1,-1,1,-1,1,-1,1,-1,-1,1,1,1,1,-1,1,1,-1,1,-1,1,1,1,-1,-1,-1,1,-1,-1,1,1,-1,-1,1,-1,1,1,1,1,-1,1,-1,1,-1,1,-1,-1,-1,-1,-1,-1,-1,-1,-1,-1,-1,1,1,1,-1,1,1,-1,1,-1,1,1,-202.4593604539133,1
52,-1,1,-1,1,1,1,1,1,1,-1,-1,-1,-1,1,-1,-1,1,1,1,1,-1,1,-1,-1,1,1,-1,-1,1,-1,-1,1,-1,1,1,-1,1,1,1,1,-1,-1,-1,-1,-1,-1,1,-1,1,1,-1,-1,1,1,1,-1,1,-1,-1,1,-1,-1,-1,1,-1,1,-1,1,-1,-1,1,-1,1,-1,1,-1,-1,1,1,-1,-1,1,-1,-1,-1,1,1,-1,1,-1,1,-1,1,-1,1,-1,-1,1,-1,-1,-1,-1,-1,-1,-1,1,1,-1,1,-1,1,1,1,-1,1,-1,1,1,-1,-1,1,1,1,1,-1,-1,1,-1,1,1,-1,1,-1,1,-1,1,1,1,-1,1,1,1,1,-1,1,-1,1,1,1,1,1,-1,-1,-1,1,-1,1,-1,-1,1,1,1,1,-1,1,1,-1,1,-1,1,1,1,-1,-1,-1,1,-1,-1,1,1,-1,-1,1,-1,1,1,1,1,-1,1,-1,1,-1,1,-1,-1,-1,-1,-1,-1,-1,-1,-1,-1,1,-1,1,1,1,-1,-1,1,-1,-1,1,1,-202.4532837036589,1
53,-1,1,-1,1,1,1,1,1,1,-1,-1,-1,-1,1,-1,-1,1,1,1,1,-1,1,-1,-1,1,1,-1,-1,1,-1,-1,1,-1,1,1,-1,1,1,1,1,-1,-1,1,1,1,-1,1,1,1,1,-1,-1,1,-1,1,-1,1,-1,-1,1,-1,-1,-1,1,-1,-1,-1,1,-1,-1,1,-1,1,-1,1,-1,-1,1,1,-1,1,1,1,-1,-1,1,1,-1,1,-1,-1,-1,-1,-1,1,-1,-1,1,-1,-1,-1,-1,-1,-1,1,1,-1,1,1,-1,1,1,1,-1,1,-1,1,1,-1,-1,1,1,1,1,-1,-1,1,-1,1,1,-1,1,-1,1,-1,1,1,1,-1,1,1,1,1,-1,1,-1,1,1,1,1,1,-1,1,-1,1,-1,1,-1,-1,1,1,1,1,-1,1,1,1,-1,-1,1,1,1,-1,-1,-1,1,-1,-1,1,1,1,1,-1,-1,1,1,-1,-1,1,1,-1,1,-1,1,-1,-1,-1,1,-1,-1,-1,-1,-1,-1,-1,1,-1,1,-1,1,-1,1,-1,-1,1,1,-202.44424130158714,1
54,-1,1,-1,-1,-1,-1,1,1,1,-1,-1,1,-1,1,-1,-1,1,1,1,1,-1,1,-1,-1,1,1,-1,-1,1,-1,-1,1,-1,1,1,-1,1,1,1,1,-1,-1,-1,-1,-1,-1,1,-1,1,1,-1,-1,1,1,1,-1,1,1,1,-1,-1,-1,-1,1,1,1,-1,1,-1,-1,1,-1,1,-1,-1,-1,-1,-1,1,-1,-1,1,1,1,-1,1,-1,-1,1,-1,1,-1,1,-1,1,-1,-1,1,-1,-1,-1,-1,-1,-1,-1,1,1,-1,1,-1,1,1,1,-1,1,-1,1,1,-1,-1,1,1,1,1,-1,-1,1,1,1,1,-1,1,-1,1,-1,1,-1,1,-1,-1,1,1,1,-1,1,-1,1,1,1,1,1,-1,-1,-1,1,-1,1,-1,-1,1,1,1,1,-1,1,1,-1,1,-1,1,1,1,-1,-1,-1,1,-1,-1,1,1,-1,-1,1,-1,1,1,1,1,-1,1,1,-1,-1,1,-1,-1,1,-1,-1,1,1,-1,1,1,1,-1,1,-1,1,-1,-1,-1,1,1,-1,-1,-202.42328192426814,1
55,-1,1,-1,1,1,1,1,1,1,-1,-1,-1,-1,1,-1,-1,1,1,1,1,-1,1,-1,-1,1,1,-1,-1,1,-1,-1,1,-1,1,1,-1,1,1,1,1,-1,-1,-1,-1,1,-1,1,-1,1,1,-1,-1,1,1,1,-1,1,-1,-1,1,-1,-1,-1,1,-1,1,-1,1,-1,-1,1,-1,1,-1,1,-1,-1,1,1,-1,-1,1,-1,-1,-1,1,1,-1,1,-1,-1,-1,-1,-1,1,-1,-1,1,-1,-1,-1,-1,-1,-1,-1,1,1,-1,1,-1,1,1,1,-1,1,-1,1,1,-1,-1,1,1,1,1,-1,-1,1,-1,1,1,-1,1,-1,1,-1,1,1,1,-1,1,1,1,1,-1,1,-1,1,1,1,1,1,-1,-1,-1,1,-1,1,-1,-1,1,1,1,1,-1,1,1,-1,1,-1,1,1,1,-1,-1,-1,1,-1,-1,1,1,-1,-1,1,-1,1,1,1,1,-1,1,-1,1,-1,1,-1,-1,-1,1,-1,-1,-1,-1,-1,-1,-1,1,-1,1,-1,1,-1,1,-1,-1,1,1,-202.4192862780067,1
56,-1,1,-1,1,1,1,1,1,1,-1,-1,-1,-1,1,-1,-1,1,1,1,1,-1,1,-1,-1,1,1,-1,-1,1,-1,-1,1,-1,1,1,-1,1,1,1,1,-1,-1,-1,-1,-1,-1,1,-1,1,1,-1,-1,1,1,1,-1,1,-1,-1,1,-1,-1,-1,1,-1,1,-1,1,-1,-1,1,-1,1,-1,1,-1,-1,1,1,-1,-1,1,1,-1,-1,1,1,-1,1,-1,-1,-1,-1,-1,1,-1,-1,1,-1,-1,-1,-1,-1,-1,-1,1,-1,-1,1,-1,1,1,1,-1,1,-1,1,1,-1,-1,1,1,1,1,-1,-1,1,-1,1,1,-1,1,-1,1,-1,1,1,1,-1,1,1,1,1,-1,1,-1,1,1,1,1,1,-1,1,-1,1,-1,1,-1,-1,1,1,1,1,-1,1,1,-1,1,-1,1,1,1,-1,-1,-1,1,-1,-1,1,1,-1,-1,1,-1,1,1,1,1,-1,1,-1,1,-1,1,-1,-1,-1,-1,-1,-1,-1,-1,-1,-1,1,-1,-1,1,-1,1,1,-1,1,-1,1,1,-202.3852862072216,1
57,-1,1,-1,-1,-1,-1,-1,1,1,-1,-1,1,1,-1,-1,-1,1,1,1,1,-1,1,-1,-1,1,1,-1,-1,1,-1,-1,1,-1,-1,1,-1,1,1,1,1,-1,-1,-1,-1,-1,-1,1,-1,1,1,-1,-1,1,1,1,-1,1,-1,1,-1,-1,-1,-1,1,-1,1,-1,1,-1,-1,1,-1,1,-1,1,-1,-1,-1,1,-1,-1,1,-1,-1,-1,1,1,-1,1,-1,1,-1,1,-1,1,-1,-1,1,-1,-1,-1,-1,-1,-1,-1,1,1,-1,1,-1,1,1,1,-1,1,-1,1,1,-1,-1,1,1,1,-1,-1,-1,1,-1,1,1,-1,1,-1,1,-1,1,1,1,-1,-1,1,1,1,-1,1,-1,1,1,1,1,1,-1,-1,-1,1,-1,1,-1,-1,1,1,1,1,-1,1,1,-1,1,-1,1,1,1,-1,-1,-1,1,-1,-1,1,1,-1,-1,1,-1,1,1,1,1,-1,1,-1,1,-1,1,-1,-1,1,-1,-1,-1,-1,-1,1,1,1,-1,1,-1,1,-1,-1,-1,1,1,-1,-1,-202.3724565278801,1
58,-1,1,-1,1,1,1,1,1,1,-1,-1,-1,-1,1,-1,-1,1,1,1,1,-1,1,-1,-1,1,1,-1,-1,1,-1,-1,1,-1,1,1,-1,1,1,1,1,-1,-1,-1,-1,1,-1,1,-1,1,1,-1,-1,1,1,1,-1,1,-1,1,1,-1,-1,-1,1,-1,1,-1,1,-1,-1,1,-1,1,-1,1,-1,-1,1,1,-1,-1,1,-1,-1,-1,1,1,-1,1,-1,1,-1,1,-1,1,-1,-1,1,-1,-1,-1,-1,-1,-1,-1,1,-1,-1,1,-1,1,1,1,-1,1,-1,1,1,-1,-1,1,1,1,1,-1,-1,1,-1,1,1,-1,1,-1,1,-1,1,1,1,-1,-1,1,1,1,-1,1,-1,1,1,1,1,1,-1,1,-1,1,-1,1,-1,-1,1,1,1,1,-1,1,1,-1,1,-1,1,1,1,-1,-1,-1,1,-1,-1,1,1,-1,-1,1,-1,1,1,1,1,-1,1,-1,1,-1,1,-1,-1,-1,-1,-1,-1,-1,-1,-1,-1,-1,1,1,1,-1,1,-1,1,-1,-1,1,1,-202.35633506018596,1
59,-1,1,-1,1,1,1,1,1,1,-1,-1,-1,-1,1,-1,-1,1,1,1,1,-1,1,-1,-1,1,1,-1,-1,1,-1,-1,1,-1,1,1,-1,1,1,1,1,-1,-1,-1,-1,-1,-1,1,-1,1,1,-1,-1,1,1,1,-1,1,-1,1,-1,-1,-1,-1,1,-1,1,-1,1,-1,-1,1,-1,1,-1,1,-1,-1,1,1,-1,-1,1,-1,-1,-1,1,1,-1,1,-1,-1,-1,1,-1,1,-1,-1,1,-1,-1,-1,-1,-1,-1,-1,1,1,-1,1,-1,1,1,1,-1,1,-1,1,1,-1,-1,1,1,1,1,-1,-1,1,-1,1,1,-1,1,-1,1,-1,1,1,1,-1,-1,1,1,1,-1,1,-1,1,1,1,1,1,-1,-1,-1,1,-1,1,-1,-1,1,1,1,1,-1,1,1,-1,1,-1,1,1,1,-1,-1,-1,1,-1,-1,1,1,-1,-1,1,-1,1,1,1,1,-1,1,-1,1,-1,1,-1,-1,-1,-1,-1,-1,-1,-1,1,1,1,-1,1,1,1,-1,-1,1,-1,-1,1,1,-202.33032443772618,1
60,-1,1,-1,1,1,1,-1,1,1,-1,-1,-1,1,-1,-1,-1,1,1,1,1,-1,1,-1,-1,1,1,-1,-1,1,-1,-1,1,-1,-1,1,-1,1,1,1,1,-1,-1,-1,-1,-1,-1,1,-1,1,1,-1,-1,1,1,1,-1,1,-1,1,1,-1,-1,-1,1,-1,1,-1,1,-1,-1,1,-1,1,-1,1,-1,-1,1,1,-1,-1,1,-1,-1,-1,1,1,-1,1,-1,-1,-1,-1,-1,1,-1,-1,1,-1,-1,-1,-1,-1,-1,-1,1,1,-1,1,-1,1,1,1,-1,1,-1,1,1,-1,-1,1,1,1,-1,-1,-1,-1,-1,1,1,-1,1,-1,1,-1,1,1,1,-1,-1,1,1,1,-1,1,-1,1,1,1,1,1,-1,-1,-1,1,-1,1,-1,-1,1,1,1,1,-1,1,1,-1,1,-1,1,1,1,-1,-1,-1,1,-1,-1,1,1,-1,-1,1,-1,1,1,1,1,-1,1,-1,1,-1,1,-1,-1,-1,-1,-1,-1,-1,-1,-1,-1,1,-1,-1,1,-1,1,1,-1,1,-1,1,1,-202.32068362665638,1
61,-1,1,-1,-1,-1,-1,1,1,1,-1,-1,1,-1,1,-1,1,1,1,1,1,-1,1,-1,-1,1,1,-1,-1,1,-1,-1,1,-1,1,1,-1,1,1,1,1,-1,-1,-1,-1,-1,-1,1,-1,1,1,-1,-1,1,1,1,-1,1,-1,1,-1,-1,-1,-1,1,-1,1,-1,1,-1,-1,1,-1,1,-1,-1,-1,-1,-1,1,-1,-1,1,-1,-1,-1,1,1,-1,1,-1,-1,-1,1,-1,1,-1,-1,1,-1,-1,-1,-1,-1,-1,-1,1,1,-1,1,-1,1,1,1,-1,1,-1,1,1,-1,-1,1,1,1,1,-1,-1,1,-1,1,1,-1,1,-1,1,-1,1,1,1,-1,-1,1,1,1,-1,1,-1,1,1,1,1,1,-1,-1,-1,1,-1,1,-1,-1,1,1,1,1,-1,1,1,-1,1,-1,1,1,1,-1,-1,-1,1,-1,-1,1,1,-1,-1,1,-1,1,1,1,1,-1,1,-1,1,-1,1,-1,-1,1,-1,-1,-1,-1,-1,1,1,1,-1,1,-1,1,-1,-1,1,-1,1,-1,-1,-202.31462905194667,1
62,-1,1,-1,1,1,1,1,1,1,-1,-1,-1,-1,1,-1,-1,1,1,1,1,-1,1,-1,-1,1,1,-1,-1,1,-1,-1,1,-1,1,1,-1,1,1,1,1,-1,-1,-1,-1,-1,-1,1,-1,1,1,-1,-1,1,1,1,-1,1,-1,1,1,-1,-1,-1,1,-1,1,-1,1,-1,-1,1,-1,1,-1,1,-1,-1,1,1,-1,-1,1,1,-1,-1,1,1,-1,1,-1,1,-1,1,-1,1,-1,-1,1,-1,-1,-1,-1,-1,-1,-1,1,-1,-1,1,-1,1,1,1,-1,1,-1,1,1,-1,-1,1,1,1,1,-1,-1,1,-1,1,1,-1,1,-1,1,-1,1,1,1,-1,-1,1,1,1,-1,1,-1,1,1,1,1,1,-1,1,-1,1,-1,1,-1,-1,1,1,1,1,-1,1,1,-1,1,-1,1,1,1,-1,-1,-1,1,-1,-1,1,1,-1,-1,1,-1,1,1,1,1,-1,1,-1,1,-1,1,-1,-1,-1,-1,-1,-1,-1,-1,-1,-1,1,-1,1,1,1,-1,1,-1,1,-1,1,1,-202.31091009014466,1
63,-1,1,-1,1,1,1,1,1,1,-1,-1,-1,1,-1,-1,-1,1,1,1,1,-1,1,-1,-1,1,1,-1,-1,1,-1,-1,1,-1,1,1,-1,1,1,1,1,-1,-1,1,1,1,-1,1,-1,1,1,-1,-1,1,1,1,-1,1,-1,-1,1,-1,-1,-1,1,-1,1,-1,1,-1,-1,1,-1,1,-1,1,-1,-1,1,1,-1,1,1,-1,-1,-1,1,1,-1,1,-1,-1,-1,-1,-1,1,-1,-1,1,-1,-1,-1,-1,-1,-1,1,1,-1,1,1,-1,1,1,1,-1,1,-1,1,1,-1,-1,1,1,1,1,-1,-1,1,-1,1,1,-1,1,-1,1,-1,1,1,1,-1,1,1,1,1,-1,1,-1,1,1,1,1,1,-1,1,-1,1,-1,1,-1,-1,1,1,1,1,-1,1,1,1,-1,-1,1,1,1,-1,-1,-1,1,-1,-1,1,1,-1,-1,1,-1,1,1,1,-1,1,1,-1,1,-1,1,-1,-1,-1,1,-1,-1,-1,-1,-1,-1,-1,1,-1,1,-1,1,-1,1,-1,-1,1,1,-202.2953527654401,1
64,-1,1,-1,1,1,1,-1,1,1,-1,-1,-1,1,-1,-1,-1,1,1,1,1,-1,1,-1,-1,1,1,-1,-1,1,-1,-1,1,-1,-1,1,-1,1,1,1,1,-1,-1,-1,-1,-1,-1,1,-1,1,1,-1,-1,1,1,1,-1,1,-1,-1,1,-1,-1,-1,1,-1,1,-1,1,-1,-1,1,-1,1,-1,1,-1,-1,1,1,-1,-1,1,-1,-1,-1,1,1,-1,1,-1,1,-1,-1,-1,1,-1,-1,1,-1,-1,-1,-1,-1,-1,-1,1,1,-1,1,-1,1,1,1,-1,1,-1,1,1,-1,-1,1,1,1,-1,-1,-1,1,-1,1,1,-1,1,-1,1,-1,1,1,1,-1,1,1,1,1,-1,1,-1,1,1,1,1,1,-1,-1,-1,1,-1,1,-1,-1,1,1,1,1,-1,1,1,-1,1,-1,1,1,1,-1,-1,-1,1,-1,-1,1,1,-1,-1,1,-1,1,1,1,1,-1,1,-1,1,-1,1,-1,-1,-1,1,-1,-1,-1,-1,-1,-1,1,-1,-1,1,-1,1,1,-1,1,-1,1,1,-202.28584438663256,1
65,-1,1,-1,1,1,1,1,1,1,-1,-1,-1,-1,1,-1,-1,1,1,1,1,-1,1,-1,-1,1,1,-1,-1,1,-1,-1,1,-1,1,1,-1,1,1,1,1,-1,-1,-1,-1,-1,-1,1,-1,1,1,-1,-1,1,1,1,-1,1,-1,1,1,-1,-1,-1,1,-1,1,-1,1,-1,-1,1,-1,1,-1,1,-1,-1,1,1,-1,-1,1,-1,-1,-1,1,1,-1,1,-1,-1,-1,-1,-1,1,-1,-1,1,-1,-1,-1,-1,-1,-1,-1,-1,-1,-1,1,-1,1,1,1,-1,1,-1,1,1,-1,-1,1,1,1,1,-1,-1,1,-1,1,1,-1,1,-1,1,-1,1,1,1,-1,-1,1,1,1,-1,1,-1,1,1,1,1,1,-1,1,-1,1,-1,1,-1,-1,1,1,1,1,-1,1,1,-1,1,-1,1,1,1,-1,-1,-1,1,-1,-1,1,1,-1,-1,1,-1,1,1,1,1,-1,1,-1,1,-1,1,-1,-1,-1,-1,-1,-1,-1,-1,-1,-1,1,-1,-1,1,-1,1,1,-1,1,-1,1,1,-202.2672334974123,1
66,-1,1,-1,1,1,1,1,1,1,-1,-1,-1,1,-1,-1,-1,1,1,1,1,-1,1,-1,-1,1,1,-1,-1,1,-1,-1,1,-1,1,1,-1,1,1,1,1,-1,-1,-1,-1,-1,-1,1,-1,1,1,-1,-1,1,1,1,-1,1,-1,1,1,-1,-1,-1,1,-1,1,-1,1,-1,-1,1,-1,1,-1,1,-1,-1,1,1,-1,-1,1,-1,-1,-1,1,1,-1,1,-1,-1,-1,-1,-1,1,-1,-1,1,-1,-1,-1,-1,-1,-1,-1,1,1,-1,1,-1,1,1,1,-1,1,-1,1,1,-1,-1,1,1,1,1,-1,-1,1,-1,1,1,-1,1,-1,1,-1,1,1,1,-1,-1,1,1,1,-1,1,-1,1,1,1,1,1,-1,-1,-1,1,-1,1,-1,-1,1,1,1,1,-1,1,1,-1,1,-1,1,1,1,-1,-1,-1,1,-1,-1,1,1,-1,-1,1,-1,1,1,1,1,-1,1,-1,1,-1,1,-1,-1,-1,1,-1,-1,-1,-1,-1,-1,1,-1,-1,1,-1,1,-1,1,-1,-1,1,1,-202.26718843031833,1
67,-1,1,-1,1,1,1,-1,1,1,-1,-1,-1,1,-1,-1,-1,1,1,1,1,-1,1,-1,-1,1,1,-1,-1,1,-1,-1,1,-1,-1,1,-1,1,1,1,1,-1,-1,-1,-1,-1,-1,1,-1,1,1,-1,-1,1,1,1,-1,1,-1,1,1,-1,-1,-1,1,-1,1,-1,1,-1,-1,1,-1,1,-1,1,-1,-1,1,1,-1,-1,1,-1,-1,-1,1,1,-1,1,-1,-1,-1,1,-1,1,-1,-1,1,-1,-1,-1,-1,-1,-1,-1,1,1,-1,1,-1,1,1,1,-1,1,-1,1,1,-1,-1,1,1,1,-1,-1,-1,1,-1,1,1,-1,1,-1,1,-1,1,1,1,-1,-1,1,1,1,-1,1,-1,1,1,1,1,1,-1,-1,-1,1,-1,1,-1,-1,1,1,1,1,-1,1,1,-1,1,-1,1,1,1,-1,-1,-1,1,-1,-1,1,1,-1,-1,1,-1,1,1,1,1,-1,1,-1,1,-1,1,-1,-1,-1,-1,-1,-1,-1,-1,-1,-1,-1,1,1,1,-1,1,1,-1,1,-1,1,1,-202.264112216142,1
68,-1,1,-1,1,1,1,1,1,1,-1,-1,-1,1,-1,-1,-1,1,1,1,1,-1,1,-1,-1,1,1,-1,-1,1,-1,-1,1,-1,1,1,-1,1,1,1,1,-1,-1,-1,-1,-1,-1,1,-1,1,1,-1,-1,1,1,1,-1,1,-1,1,1,-1,-1,-1,1,-1,1,-1,1,-1,-1,1,-1,1,-1,1,-1,-1,1,1,-1,-1,1,-1,-1,-1,1,1,-1,1,-1,1,-1,-1,-1,1,-1,-1,1,-1,-1,-1,-1,-1,-1,-1,1,1,-1,1,-1,1,1,1,-1,1,-1,1,1,-1,-1,1,1,1,1,-1,-1,1,-1,1,1,-1,1,-1,1,-1,1,1,1,-1,-1,1,1,1,-1,1,-1,1,1,1,1,1,-1,-1,-1,1,-1,1,-1,-1,1,1,1,1,-1,1,1,-1,1,-1,1,1,1,-1,-1,-1,1,-1,-1,1,1,-1,-1,1,-1,1,1,1,1,-1,1,-1,1,-1,1,-1,-1,-1,1,-1,-1,-1,-1,-1,-1,1,-1,-1,1,-1,1,1,-1,1,-1,1,1,-202.24340890448843,1
69,-1,1,-1,1,1,1,1,1,1,-1,-1,-1,-1,1,-1,-1,1,1,1,1,-1,1,-1,-1,1,1,-1,-1,1,-1,-1,1,-1,1,1,-1,1,1,1,1,-1,-1,-1,-1,-1,-1,1,-1,1,1,-1,-1,1,1,1,-1,1,-1,-1,1,-1,-1,-1,1,-1,1,-1,1,-1,-1,1,-1,1,-1,1,-1,-1,1,1,-1,-1,1,-1,-1,-1,1,1,-1,1,-1,-1,-1,-1,-1,1,-1,-1,1,-1,-1,-1,-1,-1,-1,-1,1,1,-1,1,-1,1,1,1,-1,1,-1,1,1,-1,-1,1,1,1,1,-1,-1,1,-1,1,1,-1,1,-1,1,-1,1,1,1,-1,1,1,1,1,-1,1,-1,1,1,1,1,1,-1,-1,-1,1,-1,1,-1,-1,1,1,1,1,-1,1,1,-1,1,-1,1,1,1,-1,-1,-1,1,-1,-1,1,1,-1,-1,1,-1,1,1,1,1,-1,1,-1,1,-1,1,-1,-1,-1,1,-1,-1,-1,-1,-1,-1,-1,1,-1,1,-1,1,-1,1,-1,-1,1,1,-202.22943017303646,1
70,-1,1,-1,1,1,1,1,1,1,-1,-1,-1,-1,1,-1,-1,1,1,1,1,-1,1,-1,-1,1,1,-1,-1,1,-1,-1,1,-1,1,1,-1,1,1,1,1,-1,-1,1,1,1,-1,1,-1,1,1,-1,-1,1,1,1,-1,1,-1,-1,1,-1,-1,-1,1,-1,1,-1,1,-1,-1,1,-1,1,-1,1,-1,-1,1,1,-1,1,1,-1,-1,-1,1,1,-1,1,-1,-1,-1,-1,-1,1,-1,-1,1,-1,-1,-1,-1,-1,-1,1,1,-1,1,1,-1,1,1,1,-1,1,-1,1,1,-1,-1,1,1,1,1,-1,-1,1,-1,1,1,-1,1,-1,1,-1,1,1,1,-1,1,1,1,1,-1,1,-1,1,1,1,1,1,-1,1,-1,1,-1,1,-1,-1,1,1,1,1,-1,1,1,1,-1,-1,1,1,1,-1,-1,-1,1,-1,-1,1,1,-1,-1,1,-1,1,1,1,-1,1,1,-1,-1,-1,1,-1,-1,-1,1,-1,-1,1,-1,-1,-1,-1,1,-1,1,-1,1,-1,1,-1,-1,1,1,-202.22143549700593,1
71,-1,1,-1,-1,-1,-1,1,1,1,-1,-1,1,-1,1,-1,-1,1,1,1,1,-1,1,-1,-1,1,1,-1,-1,1,-1,-1,1,-1,1,1,-1,1,1,1,1,-1,-1,-1,-1,-1,-1,1,-1,1,1,-1,-1,1,1,1,-1,1,-1,1,-1,-1,-1,-1,1,-1,1,-1,1,-1,-1,1,-1,1,-1,-1,-1,-1,-1,1,-1,-1,1,1,1,-1,1,-1,-1,1,-1,-1,-1,1,-1,1,-1,-1,1,-1,-1,-1,-1,-1,-1,-1,1,1,-1,1,-1,1,1,1,-1,1,-1,1,1,-1,-1,1,1,1,1,-1,-1,1,-1,1,1,-1,1,-1,1,-1,1,1,1,-1,-1,1,1,1,-1,1,-1,1,1,1,1,1,-1,-1,-1,1,-1,1,-1,-1,1,1,1,1,-1,1,1,-1,1,-1,1,1,1,-1,-1,-1,1,-1,-1,1,1,-1,-1,1,-1,1,1,1,1,-1,1,1,1,-1,1,-1,-1,1,-1,-1,-1,-1,-1,1,1,1,-1,1,-1,1,-1,-1,1,-1,1,-1,-1,-202.1995722111965,1
72,-1,1,-1,1,1,1,1,1,1,-1,-1,-1,-1,1,-1,-1,1,1,1,1,-1,1,-1,-1,1,1,-1,-1,1,-1,-1,1,-1,1,1,-1,1,1,1,1,-1,-1,-1,-1,-1,-1,1,-1,1,1,-1,-1,1,1,1,-1,1,-1,1,1,-1,-1,-1,1,-1,1,-1,1,-1,-1,1,-1,1,-1,1,-1,-1,1,1,-1,-1,1,1,-1,-1,1,1,-1,1,-1,1,-1,1,-1,1,-1,-1,1,-1,-1,-1,-1,-1,-1,-1,1,-1,-1,1,-1,1,1,1,-1,1,-1,1,1,-1,-1,1,1,1,1,-1,-1,1,-1,1,1,-1,1,-1,1,-1,1,1,1,-1,-1,1,1,1,-1,1,-1,1,1,1,1,1,-1,1,-1,1,1,1,-1,-1,1,1,1,1,-1,1,1,-1,1,-1,1,1,1,-1,-1,-1,1,-1,-1,1,1,-1,-1,1,-1,1,1,1,1,-1,1,-1,1,-1,1,-1,-1,-1,-1,-1,-1,-1,-1,-1,-1,1,-1,1,1,1,-1,1,-1,1,-1,1,1,-202.19101712670215,1
73,-1,1,-1,-1,-1,-1,1,1,1,-1,-1,-1,-1,1,-1,-1,1,1,1,1,-1,1,-1,-1,1,1,-1,-1,1,-1,-1,1,-1,1,1,-1,1,1,1,1,-1,-1,-1,-1,-1,-1,1,-1,1,1,-1,-1,1,1,1,-1,1,-1,1,1,-1,-1,-1,1,-1,1,-1,1,-1,-1,1,-1,1,-1,1,-1,-1,1,1,-1,-1,1,-1,-1,-1,1,1,-1,1,-1,-1,-1,-1,-1,1,-1,-1,1,-1,-1,-1,-1,-1,-1,-1,1,-1,-1,1,-1,1,1,1,-1,1,-1,1,1,-1,-1,1,1,1,1,-1,-1,1,-1,1,1,-1,1,-1,1,-1,1,1,1,-1,-1,1,1,1,-1,1,-1,1,1,1,1,1,-1,1,-1,1,1,1,-1,-1,1,1,1,1,-1,1,1,-1,1,-1,1,1,1,-1,-1,-1,1,-1,-1,1,1,-1,-1,1,-1,1,1,1,1,-1,1,-1,1,-1,1,-1,-1,-1,1,-1,-1,-1,-1,-1,-1,1,-1,-1,1,-1,1,-1,-1,1,-1,1,1,-202.18079494818738,1
74,-1,1,-1,1,1,1,-1,1,1,-1,-1,-1,1,-1,-1,-1,1,1,1,1,-1,1,-1,-1,1,1,-1,-1,1,-1,-1,1,-1,-1,1,-1,1,1,1,1,-1,-1,-1,-1,1,-1,1,-1,1,1,-1,-1,1,1,1,-1,1,-1,-1,1,-1,-1,-1,1,-1,1,-1,1,-1,-1,1,-1,1,-1,1,-1,-1,1,1,-1,-1,1,-1,-1,-1,1,1,-1,1,-1,-1,-1,-1,-1,1,-1,-1,1,-1,-1,-1,-1,-1,-1,-1,1,-1,-1,1,-1,1,1,1,-1,1,-1,1,1,-1,-1,1,1,1,-1,-1,-1,1,-1,1,1,-1,1,-1,1,-1,1,1,1,-1,1,1,1,1,-1,1,-1,1,1,1,1,1,-1,1,-1,1,-1,1,-1,-1,1,1,1,1,-1,1,1,-1,1,-1,1,1,1,-1,-1,-1,1,-1,-1,1,1,-1,-1,1,-1,1,1,1,1,-1,1,-1,1,-1,1,-1,-1,-1,-1,-1,-1,-1,-1,-1,-1,-1,1,-1,1,-1,1,-1,1,-1,-1,1,1,-202.16789750431457,1
75,-1,1,-1,-1,-1,-1,-1,1,1,-1,-1,-1,1,-1,-1,-1,1,1,1,1,-1,1,-1,-1,1,1,-1,-1,1,-1,-1,1,-1,-1,1,-1,1,1,1,1,-1,-1,-1,-1,-1,-1,1,-1,1,1,-1,-1,1,1,1,-1,1,-1,1,1,-1,-1,-1,1,-1,1,-1,1,-1,-1,1,-1,1,-1,1,-1,-1,1,1,-1,-1,1,-1,-1,-1,1,1,-1,1,-1,-1,-1,-1,-1,1,-1,-1,1,-1,-1,-1,-1,-1,-1,-1,1,-1,-1,1,-1,1,1,1,-1,1,-1,1,1,-1,-1,1,1,1,-1,-1,-1,1,-1,1,1,-1,1,-1,1,-1,1,1,1,-1,-1,1,1,1,-1,1,-1,1,1,1,1,1,-1,1,-1,1,-1,1,-1,-1,1,1,1,1,-1,1,1,-1,1,-1,1,1,1,-1,-1,-1,1,-1,-1,1,1,-1,-1,1,-1,1,1,1,1,-1,1,-1,1,-1,1,-1,-1,-1,1,-1,-1,-1,-1,-1,-1,1,-1,-1,1,-1,1,-1,1,-1,-1,1,1,-202.15780453950205,1
76,-1,1,-1,1,1,1,1,1,1,-1,-1,-1,-1,1,-1,-1,1,1,1,1,-1,1,-1,-1,1,1,-1,-1,1,-1,1,-1,-1,1,1,-1,1,1,1,1,-1,-1,-1,-1,1,-1,1,-1,1,1,-1,-1,1,1,1,-1,1,1,1,1,-1,-1,-1,1,1,1,-1,1,-1,-1,1,-1,1,-1,1,-1,-1,1,1,-1,-1,1,-1,-1,-1,1,1,-1,1,-1,-1,-1,-1,-1,1,-1,-1,1,-1,-1,-1,-1,-1,-1,-1,1,1,-1,1,-1,1,1,1,-1,1,-1,1,1,-1,-1,1,1,1,1,-1,-1,1,1,1,1,-1,1,-1,1,-1,1,-1,1,-1,-1,1,1,1,-1,1,-1,1,1,1,1,1,-1,-1,-1,1,-1,1,-1,-1,1,1,1,1,-1,1,1,-1,1,-1,1,1,1,-1,-1,-1,1,-1,-1,1,1,-1,-1,1,-1,1,1,1,1,-1,1,-1,1,-1,1,-1,-1,-1,-1,-1,-1,-1,-1,-1,-1,-1,1,-1,1,-1,1,-1,1,-1,-1,1,1,-202.1455859675946,1
77,-1,1,-1,-1,-1,-1,1,1,1,-1,-1,1,-1,1,-1,-1,1,1,1,1,-1,1,-1,-1,1,1,-1,-1,1,-1,-1,1,-1,1,1,-1,1,1,1,1,-1,-1,-1,-1,-1,-1,1,-1,1,1,-1,-1,1,1,1,-1,1,-1,1,1,-1,-1,-1,1,-1,1,-1,1,-1,-1,1,-1,1,-1,1,-1,-1,1,1,-1,-1,1,-1,-1,-1,1,1,-1,1,-1,1,-1,1,-1,1,-1,-1,1,-1,-1,-1,-1,-1,-1,-1,1,1,-1,1,-1,1,1,1,-1,1,-1,1,1,-1,-1,1,1,1,1,-1,-1,1,-1,1,1,-1,1,-1,1,-1,1,1,1,-1,-1,1,1,1,-1,1,-1,1,1,1,1,1,-1,-1,-1,1,-1,1,-1,-1,1,1,1,1,-1,1,1,-1,1,-1,1,1,1,-1,-1,-1,1,-1,-1,1,1,-1,-1,1,-1,1,1,1,1,-1,1,-1,1,-1,1,-1,-1,-1,-1,-1,-1,-1,-1,-1,-1,1,-1,1,-1,1,-1,-1,1,-1,-1,1,1,-202.12734028011565,1
78,-1,1,-1,1,1,1,1,1,1,-1,-1,-1,-1,1,-1,-1,1,1,1,1,-1,1,-1,-1,1,1,-1,-1,1,-1,-1,1,-1,1,1,-1,1,1,1,1,-1,-1,-1,-1,-1,-1,1,-1,1,1,-1,-1,1,1,1,-1,1,-1,1,1,-1,-1,-1,1,-1,1,-1,1,-1,-1,1,-1,1,-1,1,-1,-1,1,1,-1,-1,1,-1,-1,-1,1,1,-1,1,-1,1,-1,1,-1,1,-1,-1,1,-1,-1,-1,-1,-1,-1,-1,1,1,-1,1,-1,1,1,1,-1,1,-1,1,1,-1,-1,1,1,1,1,-1,-1,1,-1,1,1,-1,1,-1,1,-1,1,1,1,-1,-1,1,1,1,-1,1,-1,1,1,1,1,1,-1,-1,-1,1,-1,1,-1,-1,1,1,1,1,-1,1,1,-1,1,-1,1,1,1,-1,-1,-1,1,-1,-1,1,1,-1,-1,1,-1,1,1,1,1,-1,1,-1,1,-1,1,-1,-1,-1,-1,-1,-1,-1,-1,-1,-1,-1,1,1,1,-1,1,-1,-1,1,-1,1,1,-202.11411408957218,1
79,-1,1,-1,1,1,1,1,1,1,-1,-1,-1,-1,1,-1,-1,1,1,1,1,-1,1,-1,-1,1,1,-1,-1,1,-1,-1,1,-1,1,1,-1,1,1,1,1,-1,-1,-1,-1,-1,-1,1,-1,1,1,-1,-1,1,1,1,-1,1,-1,-1,1,-1,-1,-1,1,-1,1,-1,1,-1,-1,1,-1,1,-1,1,-1,-1,1,1,-1,1,1,-1,-1,-1,1,1,-1,1,-1,-1,-1,-1,-1,1,-1,-1,1,-1,-1,-1,-1,-1,-1,1,1,1,-1,1,-1,1,1,1,-1,1,-1,1,1,-1,-1,1,1,1,1,-1,-1,1,-1,1,1,-1,1,-1,1,-1,1,1,1,-1,1,1,1,1,-1,1,-1,1,1,1,1,1,-1,-1,-1,1,-1,1,-1,-1,1,1,1,1,-1,1,1,1,-1,-1,1,1,1,-1,-1,-1,1,-1,-1,1,1,-1,-1,1,-1,1,1,1,-1,1,1,-1,1,-1,1,-1,-1,-1,1,-1,-1,1,-1,-1,-1,1,-1,-1,1,-1,1,-1,1,-1,-1,1,1,-202.10984150125552,1
80,-1,1,-1,1,1,1,-1,1,1,-1,-1,-1,1,-1,-1,-1,1,1,1,1,-1,1,-1,-1,1,1,-1,-1,1,-1,-1,1,-1,-1,1,-1,1,1,1,1,-1,-1,1,1,1,-1,1,-1,1,1,-1,-1,1,1,1,-1,1,-1,-1,1,-1,-1,-1,1,-1,1,-1,1,-1,-1,1,-1,1,-1,1,-1,-1,1,1,-1,1,1,-1,-1,-1,1,1,-1,1,-1,1,-1,-1,-1,1,-1,-1,1,-1,-1,-1,-1,-1,-1,1,1,-1,-1,1,-1,1,1,1,-1,1,-1,1,1,-1,-1,1,1,1,-1,-1,-1,1,-1,1,1,-1,1,-1,1,-1,1,1,1,-1,1,1,1,1,-1,1,-1,1,1,1,1,1,-1,1,-1,1,-1,1,-1,-1,1,1,1,1,-1,1,1,1,-1,-1,1,1,1,-1,-1,-1,1,-1,-1,1,1,-1,-1,1,-1,1,1,1,-1,1,1,-1,1,-1,1,-1,-1,-1,1,-1,-1,1,-1,-1,-1,-1,1,-1,1,-1,1,-1,1,-1,-1,1,1,-202.10104562223182,1
81,-1,1,-1,1,1,1,1,1,1,-1,-1,-1,-1,-1,-1,-1,1,1,1,1,-1,1,-1,-1,1,1,-1,-1,1,-1,-1,1,-1,1,1,-1,1,1,1,1,-1,-1,-1,-1,1,-1,1,-1,1,1,-1,-1,1,1,1,-1,1,-1,1,1,-1,-1,-1,1,-1,1,-1,1,-1,-1,1,-1,1,-1,1,-1,-1,1,1,-1,-1,1,-1,-1,-1,1,1,-1,1,-1,-1,-1,-1,-1,1,-1,-1,1,-1,-1,-1,-1,-1,-1,-1,1,1,-1,1,-1,1,1,1,-1,1,-1,1,1,-1,-1,1,1,1,1,-1,-1,1,-1,1,1,-1,1,-1,1,-1,1,1,1,-1,-1,1,1,1,-1,1,-1,1,1,1,1,1,-1,-1,-1,1,-1,1,-1,-1,1,1,1,1,-1,1,1,-1,1,-1,1,1,1,-1,-1,-1,1,-1,-1,1,1,-1,-1,1,-1,1,1,1,1,-1,1,-1,1,-1,1,-1,-1,-1,1,-1,-1,-1,-1,-1,-1,-1,1,-1,1,-1,1,-1,1,-1,-1,1,1,-202.0928154875886,1
82,-1,1,-1,1,1,1,1,1,1,-1,-1,-1,-1,1,-1,-1,1,1,1,1,-1,1,-1,-1,1,1,-1,-1,1,-1,-1,1,-1,1,1,-1,1,1,1,1,-1,-1,-1,-1,1,-1,1,-1,1,1,-1,-1,1,1,1,-1,1,-1,-1,1,-1,-1,-1,1,-1,1,-1,1,-1,-1,1,-1,1,-1,1,-1,-1,1,1,-1,1,1,-1,-1,-1,1,1,-1,1,-1,-1,-1,-1,-1,1,-1,-1,1,-1,-1,-1,-1,-1,-1,1,1,-1,1,1,-1,1,1,1,-1,1,-1,1,1,-1,-1,1,1,1,1,-1,-1,1,-1,1,1,-1,1,-1,1,-1,1,1,1,-1,1,1,1,1,-1,1,-1,1,1,1,1,1,-1,1,-1,1,-1,1,-1,-1,1,1,1,1,-1,1,1,1,-1,-1,1,1,1,-1,-1,-1,1,-1,-1,1,1,-1,-1,1,-1,1,1,1,-1,1,1,-1,1,-1,1,-1,-1,-1,1,-1,-1,-1,-1,-1,-1,-1,1,-1,1,-1,1,-1,1,-1,-1,1,1,-202.08301355638773,1
83,-1,1,-1,1,1,1,1,1,1,-1,-1,-1,1,-1,-1,-1,1,1,1,1,-1,1,-1,-1,1,1,-1,-1,1,-1,-1,1,-1,-1,1,-1,1,1,1,1,-1,-1,-1,-1,-1,-1,1,-1,1,1,-1,-1,1,1,1,-1,1,-1,-1,1,-1,-1,-1,1,-1,1,-1,1,-1,-1,1,-1,1,-1,1,-1,-1,1,1,-1,-1,1,-1,-1,-1,1,1,-1,1,-1,1,-1,-1,-1,1,-1,-1,1,-1,-1,-1,-1,-1,-1,-1,1,1,-1,1,-1,1,1,1,-1,1,-1,1,1,-1,-1,1,1,1,-1,-1,-1,1,-1,1,1,-1,1,-1,1,-1,1,1,1,-1,1,1,1,1,-1,1,-1,1,1,1,1,1,-1,-1,-1,1,-1,1,-1,-1,1,1,1,1,-1,1,1,-1,1,-1,1,1,1,-1,-1,-1,1,-1,-1,1,1,-1,-1,1,-1,1,1,1,1,-1,1,-1,1,-1,1,-1,-1,-1,-1,-1,-1,-1,-1,-1,-1,1,-1,-1,1,-1,1,-1,1,-1,-1,1,1,-202.04252045845777,1
84,-1,1,-1,1,1,1,1,1,1,-1,-1,-1,-1,1,-1,-1,1,1,1,1,-1,1,-1,-1,1,1,-1,-1,1,-1,-1,1,-1,1,1,-1,1,1,1,1,-1,-1,-1,-1,-1,-1,1,-1,1,1,-1,-1,1,1,1,-1,1,1,1,1,-1,-1,-1,1,1,1,-1,1,-1,-1,1,-1,1,-1,1,-1,-1,1,1,-1,-1,1,-1,-1,-1,1,1,-1,1,-1,-1,-1,-1,-1,1,-1,-1,1,-1,-1,-1,-1,-1,-1,-1,1,-1,-1,1,-1,1,1,1,-1,1,-1,1,1,-1,-1,1,1,1,1,-1,-1,1,1,1,1,-1,1,-1,1,-1,1,-1,1,-1,-1,1,1,1,-1,1,-1,1,1,1,1,1,-1,1,-1,1,1,1,-1,-1,1,1,1,1,-1,1,1,-1,1,-1,1,1,1,-1,-1,-1,1,-1,-1,1,1,-1,-1,1,-1,1,1,1,1,-1,1,-1,1,-1,1,-1,-1,-1,-1,-1,-1,-1,-1,-1,-1,1,-1,-1,1,-1,1,-1,1,-1,-1,1,1,-202.04215528621862,1
85,-1,1,-1,1,1,1,-1,1,1,-1,-1,-1,1,-1,-1,-1,1,1,1,1,-1,1,-1,-1,1,1,-1,-1,1,-1,-1,1,-1,-1,1,-1,1,1,1,1,-1,-1,-1,-1,-1,-1,1,-1,1,1,-1,-1,1,1,1,-1,1,-1,-1,1,-1,-1,-1,1,-1,1,-1,1,-1,-1,1,-1,1,-1,1,-1,-1,1,1,-1,-1,1,-1,-1,-1,1,1,-1,1,-1,-1,-1,-1,-1,1,-1,-1,1,-1,-1,-1,-1,-1,-1,-1,1,1,-1,1,-1,1,1,1,-1,1,-1,1,1,-1,-1,1,1,1,-1,-1,-1,1,-1,1,1,-1,1,-1,1,-1,1,1,1,-1,1,1,1,1,-1,1,-1,1,1,1,1,1,-1,-1,-1,1,-1,1,-1,-1,1,1,1,1,-1,1,1,-1,1,-1,1,1,1,-1,-1,-1,1,-1,-1,1,1,-1,-1,1,-1,1,1,1,1,-1,1,-1,1,-1,1,-1,-1,-1,-1,-1,-1,-1,-1,-1,-1,-1,1,-1,1,-1,1,-1,1,-1,-1,1,1,-202.037315420038,1
86,-1,1,-1,1,1,1,1,1,1,-1,-1,-1,-1,1,-1,-1,1,1,1,1,-1,1,-1,-1,1,1,-1,-1,1,-1,-1,1,-1,1,1,-1,1,1,1,1,-1,-1,1,1,1,-1,1,-1,1,1,-1,-1,1,1,1,-1,1,-1,-1,1,-1,-1,-1,1,-1,1,-1,1,-1,-1,1,-1,1,-1,1,-1,-1,1,1,-1,1,1,-1,-1,-1,1,1,-1,1,-1,-1,-1,-1,-1,1,-1,-1,1,-1,1,1,1,-1,-1,1,1,-1,1,1,-1,1,1,1,-1,1,-1,1,1,-1,-1,1,1,1,1,-1,-1,1,-1,1,1,-1,1,-1,1,-1,1,1,1,-1,1,1,1,1,-1,1,-1,1,1,1,1,1,-1,-1,-1,1,-1,1,-1,-1,1,1,1,1,-1,-1,1,1,-1,-1,1,1,1,-1,-1,-1,1,-1,-1,1,1,-1,-1,1,-1,1,1,1,-1,1,1,-1,1,-1,1,-1,-1,-1,1,-1,-1,1,-1,-1,-1,-1,1,-1,1,-1,1,-1,1,-1,-1,1,1,-202.03730457876998,1
87,1,1,-1,-1,-1,-1,1,1,1,-1,-1,1,-1,1,-1,-1,-1,1,-1,-1,1,1,1,-1,1,1,-1,-1,1,-1,-1,1,-1,1,1,-1,1,1,1,1,-1,-1,-1,-1,-1,-1,1,-1,1,1,-1,-1,1,1,1,-1,1,-1,1,-1,-1,-1,-1,1,-1,1,-1,1,-1,-1,1,-1,1,-1,-1,-1,-1,-1,1,-1,1,1,-1,1,-1,1,-1,-1,1,-1,-1,-1,1,-1,1,-1,-1,1,-1,-1,-1,-1,-1,-1,-1,1,-1,-1,1,-1,1,1,1,-1,1,-1,1,1,-1,-1,1,1,1,1,-1,-1,1,-1,1,1,-1,1,-1,1,-1,1,1,1,1,-1,1,-1,1,-1,1,-1,1,1,1,1,1,-1,1,-1,1,-1,1,-1,-1,1,1,1,1,-1,1,1,-1,1,-1,1,1,1,-1,-1,-1,1,-1,-1,1,1,-1,-1,1,-1,1,1,1,1,-1,1,1,-1,-1,1,-1,-1,1,-1,-1,1,1,-1,1,1,1,-1,1,-1,1,-1,-1,1,-1,1,-1,-1,-202.0372564332436,1
88,-1,1,-1,1,1,1,1,1,1,-1,-1,-1,-1,1,-1,-1,1,1,1,1,-1,1,-1,-1,1,1,-1,-1,1,-1,-1,1,-1,1,1,-1,1,1,1,1,-1,-1,-1,-1,1,-1,1,-1,1,1,-1,-1,1,1,1,-1,1,-1,-1,1,-1,-1,-1,1,-1,1,-1,1,-1,-1,1,-1,1,-1,1,-1,-1,1,1,-1,-1,1,-1,-1,-1,1,1,-1,1,-1,-1,-1,1,-1,1,-1,-1,1,-1,-1,-1,-1,-1,-1,-1,1,1,-1,1,-1,1,1,1,-1,1,-1,1,1,-1,-1,1,1,1,1,-1,-1,1,-1,1,1,-1,1,-1,1,-1,1,1,1,-1,1,1,1,1,-1,1,-1,1,1,1,1,1,-1,-1,-1,1,-1,1,-1,-1,1,1,1,1,-1,1,1,-1,1,-1,1,1,1,-1,-1,-1,1,-1,-1,1,1,-1,-1,1,-1,1,1,1,1,-1,1,-1,1,-1,1,-1,-1,-1,1,-1,-1,-1,-1,-1,-1,-1,1,1,1,1,-1,-1,1,-1,-1,1,1,-202.0207493781687,1
89,-1,1,-1,1,1,1,1,1,1,-1,-1,-1,-1,1,-1,-1,1,1,1,1,-1,1,-1,-1,1,1,-1,-1,1,-1,-1,1,-1,1,1,-1,1,1,1,1,-1,-1,1,1,1,-1,1,1,1,1,-1,-1,1,-1,1,-1,1,-1,-1,1,-1,-1,-1,1,-1,-1,-1,1,-1,-1,1,-1,1,-1,1,-1,-1,1,1,1,1,1,1,-1,-1,1,1,-1,1,-1,1,-1,-1,-1,1,-1,-1,1,-1,-1,-1,-1,-1,-1,1,1,-1,1,1,-1,1,1,1,-1,1,-1,1,1,-1,-1,1,1,1,1,-1,-1,1,-1,1,1,-1,1,-1,1,-1,1,1,1,-1,1,1,1,1,-1,1,-1,1,1,1,1,1,-1,1,-1,1,1,1,-1,-1,1,1,1,1,-1,1,1,1,-1,-1,1,1,1,-1,-1,-1,1,-1,-1,1,1,1,1,-1,-1,1,1,-1,-1,1,1,-1,1,-1,1,-1,-1,-1,1,-1,-1,1,-1,-1,-1,-1,1,-1,1,-1,1,-1,1,-1,-1,1,1,-202.00948609981373,1
90,-1,1,-1,-1,-1,-1,1,1,1,-1,-1,-1,-1,1,-1,-1,1,1,1,1,-1,1,-1,-1,1,1,-1,-1,1,-1,-1,1,-1,1,1,-1,1,1,1,1,-1,-1,-1,-1,-1,-1,1,-1,1,1,-1,-1,1,1,1,-1,1,-1,-1,1,-1,-1,-1,1,-1,1,-1,1,-1,-1,1,-1,1,-1,1,-1,-1,1,1,-1,-1,1,1,-1,-1,1,1,-1,1,-1,-1,-1,-1,-1,1,-1,-1,1,-1,-1,-1,-1,-1,-1,-1,1,1,-1,1,-1,1,1,1,-1,1,-1,1,1,-1,-1,1,1,1,1,-1,-1,1,-1,1,1,-1,1,-1,1,-1,1,1,1,-1,1,1,1,1,-1,1,-1,1,1,1,1,1,-1,-1,-1,1,-1,1,-1,-1,1,1,1,1,-1,1,1,-1,1,-1,1,1,1,-1,-1,-1,1,-1,-1,1,1,-1,-1,1,-1,1,1,1,1,-1,1,-1,1,-1,1,-1,-1,-1,-1,-1,-1,-1,-1,-1,-1,1,-1,-1,1,-1,1,-1,-1,1,-1,1,1,-202.00693114721957,1
91,-1,1,-1,1,1,1,1,1,1,-1,-1,-1,-1,1,-1,-1,1,1,1,1,-1,1,-1,-1,1,1,-1,-1,1,-1,-1,1,-1,1,1,-1,1,1,1,1,-1,-1,-1,-1,-1,-1,1,-1,1,1,-1,-1,1,1,1,-1,1,1,1,1,-1,-1,-1,1,1,1,-1,1,-1,-1,1,-1,1,-1,1,-1,-1,1,1,-1,-1,1,-1,-1,-1,1,1,-1,1,-1,1,-1,-1,-1,1,-1,-1,1,-1,-1,-1,-1,-1,-1,-1,1,-1,-1,1,-1,1,1,1,-1,1,-1,1,1,-1,-1,1,1,1,1,-1,-1,1,1,1,1,-1,1,-1,1,-1,1,-1,1,-1,-1,1,1,1,-1,1,-1,1,1,1,1,1,-1,1,-1,1,-1,1,-1,-1,1,1,1,1,-1,1,1,-1,1,-1,1,1,1,-1,-1,-1,1,-1,-1,1,1,-1,-1,1,-1,1,1,1,1,-1,1,-1,1,-1,1,-1,-1,-1,-1,-1,-1,-1,-1,-1,-1,1,-1,-1,1,-1,1,-1,1,-1,-1,1,1,-202.00371773739732,1
92,-1,1,-1,1,1,1,1,1,1,-1,-1,-1,-1,-1,-1,-1,1,1,1,1,-1,1,-1,-1,1,1,-1,-1,1,-1,-1,1,-1,1,1,-1,1,1,1,1,-1,-1,1,1,1,-1,1,-1,1,1,-1,-1,1,1,1,-1,1,-1,-1,1,-1,-1,-1,1,-1,1,-1,1,-1,-1,1,-1,1,-1,1,-1,-1,1,1,-1,-1,1,-1,-1,-1,1,1,-1,1,-1,-1,-1,-1,-1,1,-1,-1,1,-1,-1,-1,-1,-1,-1,1,1,1,-1,1,-1,1,1,1,-1,1,-1,1,1,-1,-1,1,1,1,1,-1,-1,1,-1,1,1,-1,1,-1,1,-1,1,1,1,-1,1,1,1,1,-1,1,-1,1,1,1,1,1,-1,-1,-1,1,-1,1,-1,-1,1,1,1,1,-1,1,1,1,-1,-1,1,1,1,-1,-1,-1,1,-1,-1,1,1,-1,-1,1,-1,1,1,1,1,-1,1,-1,1,-1,1,-1,-1,-1,1,-1,-1,-1,-1,-1,-1,-1,1,-1,1,-1,1,-1,1,-1,-1,1,1,-202.00335002380396,1
93,-1,1,-1,-1,-1,-1,1,1,1,-1,-1,1,-1,-1,-1,-1,1,1,1,1,-1,1,-1,-1,1,1,-1,-1,1,-1,-1,1,-1,1,1,-1,1,1,1,1,-1,-1,-1,-1,-1,-1,1,-1,1,1,-1,-1,1,1,1,-1,1,-1,1,-1,-1,-1,-1,1,-1,1,-1,1,-1,-1,1,-1,1,-1,-1,-1,-1,-1,1,-1,-1,1,-1,-1,-1,1,1,-1,1,-1,-1,-1,1,-1,1,-1,-1,1,-1,-1,-1,-1,-1,-1,-1,1,-1,-1,1,-1,1,1,1,-1,1,-1,1,1,-1,-1,1,1,1,1,-1,-1,1,-1,1,1,-1,1,-1,1,-1,1,1,1,-1,-1,1,1,1,-1,1,-1,1,1,1,1,1,-1,1,-1,1,-1,1,-1,-1,1,1,1,1,-1,1,1,-1,1,-1,1,1,1,-1,-1,-1,1,-1,-1,1,1,-1,-1,1,-1,1,1,1,1,-1,1,-1,1,-1,1,-1,-1,1,-1,-1,1,1,-1,1,1,1,-1,1,-1,1,-1,-1,-1,1,1,-1,-1,-201.99674247745827,1
94,-1,1,-1,1,1,1,1,1,1,-1,-1,-1,1,-1,-1,-1,1,1,1,1,-1,1,-1,-1,1,1,-1,-1,1,-1,-1,1,-1,-1,1,-1,1,1,1,1,-1,-1,1,1,1,-1,1,-1,1,1,-1,-1,1,1,1,-1,1,-1,-1,1,-1,-1,-1,1,-1,1,-1,1,-1,-1,1,-1,1,-1,1,-1,-1,1,1,-1,1,1,-1,-1,-1,1,1,-1,1,-1,1,-1,-1,-1,1,-1,-1,1,-1,-1,-1,-1,-1,-1,1,1,1,-1,1,-1,1,1,1,-1,1,-1,1,1,-1,-1,1,1,1,-1,-1,-1,1,-1,1,1,-1,1,-1,1,-1,1,1,1,-1,1,1,1,1,-1,1,-1,1,1,1,1,1,-1,-1,-1,1,-1,1,-1,-1,1,1,1,1,-1,1,1,1,-1,-1,1,1,1,-1,-1,-1,1,-1,-1,1,1,-1,-1,1,-1,1,1,1,-1,1,1,-1,1,-1,1,-1,-1,-1,1,-1,-1,1,-1,-1,-1,-1,1,-1,1,-1,1,-1,1,-1,-1,1,1,-201.9891391957181,1
95,-1,1,-1,1,1,1,1,1,1,-1,-1,-1,-1,1,-1,-1,1,1,1,1,-1,1,-1,-1,1,1,-1,-1,1,-1,1,1,-1,1,1,-1,1,1,1,1,-1,-1,1,1,1,-1,1,-1,1,1,-1,-1,1,1,1,-1,1,-1,-1,1,-1,-1,-1,1,-1,1,-1,1,-1,-1,1,-1,1,-1,1,-1,-1,1,1,-1,1,1,-1,-1,-1,1,1,-1,1,-1,-1,-1,-1,-1,1,-1,-1,1,-1,-1,-1,-1,-1,-1,1,1,-1,-1,1,-1,1,1,1,-1,1,-1,1,1,-1,-1,1,1,1,1,-1,-1,1,-1,1,1,-1,1,-1,1,-1,1,1,1,-1,1,1,1,1,-1,1,-1,1,1,1,1,1,-1,1,-1,1,-1,1,-1,-1,1,1,1,1,-1,1,1,1,-1,-1,1,1,1,-1,-1,-1,1,-1,-1,1,1,-1,-1,1,-1,1,1,1,-1,1,1,-1,1,-1,1,-1,-1,-1,1,-1,-1,1,-1,-1,-1,-1,1,-1,1,-1,1,-1,1,-1,-1,1,1,-201.98243390676424,1
96,-1,1,-1,-1,-1,-1,1,1,1,-1,-1,1,-1,1,-1,1,1,1,1,1,-1,1,-1,-1,1,1,-1,-1,1,-1,-1,1,-1,1,1,-1,1,1,1,1,-1,-1,-1,-1,-1,-1,1,-1,1,1,-1,-1,1,1,1,-1,1,-1,1,-1,-1,-1,-1,1,-1,1,-1,1,-1,-1,1,-1,1,-1,-1,-1,-1,-1,1,-1,-1,1,-1,-1,-1,1,1,-1,1,-1,1,-1,1,-1,1,-1,-1,1,-1,-1,-1,-1,-1,-1,-1,1,1,-1,1,-1,1,1,1,-1,1,-1,1,1,-1,-1,1,1,1,1,-1,-1,1,-1,1,1,-1,1,-1,1,-1,1,1,1,-1,-1,1,1,1,-1,1,-1,1,1,1,1,1,-1,-1,-1,1,-1,1,-1,-1,1,1,1,1,-1,1,1,-1,1,-1,1,1,1,-1,-1,-1,1,-1,-1,1,1,-1,-1,1,-1,1,1,1,1,-1,1,-1,1,-1,1,-1,-1,1,-1,-1,1,-1,-1,1,1,1,-1,1,-1,1,-1,-1,1,-1,1,-1,-1,-201.96853924682435,1
97,-1,1,-1,1,1,1,1,1,1,-1,-1,-1,-1,-1,-1,-1,1,1,1,1,-1,1,-1,-1,1,1,-1,-1,1,-1,1,-1,-1,1,1,-1,1,1,1,1,-1,-1,-1,-1,-1,-1,1,-1,1,1,-1,-1,1,1,1,-1,1,1,1,1,-1,-1,-1,1,1,1,-1,1,-1,-1,1,-1,1,-1,1,-1,-1,1,1,-1,-1,1,-1,-1,-1,1,1,-1,1,-1,1,-1,1,-1,1,-1,-1,1,-1,-1,-1,-1,-1,-1,-1,1,1,-1,1,-1,1,1,1,-1,1,-1,1,1,-1,-1,1,1,1,1,-1,-1,1,1,1,1,-1,1,-1,1,-1,1,-1,-1,-1,-1,1,1,1,-1,1,-1,1,1,1,1,1,-1,-1,-1,1,-1,1,-1,-1,1,1,1,1,-1,1,1,-1,1,-1,1,1,1,-1,-1,-1,1,-1,-1,1,1,-1,-1,1,-1,1,1,1,1,-1,1,-1,1,-1,1,-1,-1,-1,-1,-1,-1,-1,-1,-1,-1,1,-1,1,1,1,-1,1,-1,1,-1,1,1,-201.95793888004602,1
98,-1,1,-1,-1,-1,-1,1,1,1,-1,-1,-1,-1,1,-1,-1,1,1,1,1,-1,1,-1,-1,1,1,-1,-1,1,-1,-1,1,-1,1,1,-1,1,1,1,1,-1,-1,-1,-1,-1,-1,1,-1,1,1,-1,-1,1,1,1,-1,1,-1,1,1,-1,-1,-1,1,-1,1,-1,1,-1,-1,1,-1,1,-1,1,-1,-1,1,1,-1,-1,1,-1,-1,-1,1,1,-1,1,-1,-1,-1,-1,-1,1,-1,-1,1,-1,-1,-1,-1,-1,-1,-1,1,-1,-1,1,-1,1,1,1,-1,1,-1,1,1,-1,-1,1,1,1,1,-1,-1,1,-1,1,1,-1,1,-1,1,-1,1,1,1,-1,-1,1,1,1,-1,1,-1,1,1,1,1,1,-1,1,-1,1,-1,1,-1,-1,1,1,1,1,-1,1,1,-1,1,-1,1,1,1,-1,-1,-1,1,-1,-1,1,1,-1,-1,1,-1,1,1,1,1,-1,1,-1,1,-1,1,-1,-1,-1,-1,-1,-1,-1,-1,-1,-1,1,-1,-1,1,1,-1,-1,1,-1,-1,1,1,-201.95079192175427,1
99,-1,1,-1,1,1,1,1,1,1,-1,-1,-1,-1,1,-1,-1,1,1,1,1,-1,1,-1,-1,1,1,-1,-1,1,-1,-1,-1,-1,1,1,-1,1,1,1,1,-1,-1,-1,-1,1,-1,1,-1,1,1,-1,-1,1,1,1,-1,1,1,1,1,-1,-1,-1,1,1,1,-1,1,-1,-1,1,-1,1,-1,1,-1,-1,1,1,-1,-1,1,-1,-1,-1,1,1,-1,1,-1,-1,-1,-1,-1,1,-1,-1,1,-1,-1,-1,-1,-1,-1,-1,1,-1,-1,1,-1,1,1,1,-1,1,-1,1,1,-1,-1,1,1,1,1,-1,-1,1,1,1,1,-1,1,-1,1,-1,1,-1,1,-1,-1,1,1,1,-1,1,-1,1,1,1,1,1,-1,1,-1,1,-1,1,-1,-1,1,1,1,1,-1,1,1,-1,1,-1,1,1,1,-1,-1,-1,1,-1,-1,1,1,-1,-1,1,-1,1,1,1,1,-1,1,-1,1,-1,1,-1,-1,-1,-1,-1,-1,-1,-1,-1,-1,-1,1,-1,1,-1,1,-1,1,-1,-1,1,1,-201.9171447081838,1
100,-1,1,-1,1,1,1,1,1,1,-1,-1,-1,1,-1,-1,-1,1,1,1,1,-1,1,-1,-1,1,1,-1,-1,1,-1,-1,1,-1,-1,1,-1,1,1,1,1,-1,-1,-1,-1,1,-1,1,-1,1,1,-1,-1,1,1,1,-1,1,-1,1,1,-1,-1,-1,1,-1,1,-1,1,-1,-1,1,-1,1,-1,1,-1,-1,1,1,-1,-1,1,-1,-1,-1,1,1,-1,1,-1,-1,-1,1,-1,1,-1,-1,1,-1,-1,-1,-1,-1,-1,-1,1,-1,-1,1,-1,1,1,1,-1,1,-1,1,1,-1,-1,1,1,1,-1,-1,-1,1,-1,1,1,-1,1,-1,1,-1,1,1,1,-1,-1,1,1,1,-1,1,-1,1,1,1,1,1,-1,1,-1,1,1,1,-1,-1,1,1,1,1,-1,1,1,-1,1,-1,1,1,1,-1,-1,-1,1,-1,-1,1,1,-1,-1,1,-1,1,1,1,1,-1,1,-1,1,-1,1,-1,-1,-1,-1,-1,-1,-1,-1,-1,-1,-1,1,1,1,1,-1,-1,1,-1,-1,1,1,-201.91220671694143,1
101,-1,1,-1,-1,-1,-1,1,1,1,-1,-1,-1,-1,1,-1,-1,1,1,1,1,-1,1,-1,-1,1,1,-1,-1,1,-1,-1,1,-1,1,1,-1,1,1,1,1,-1,-1,-1,-1,-1,-1,1,-1,1,1,-1,-1,1,1,1,-1,1,-1,-1,1,-1,-1,-1,1,-1,1,-1,1,-1,-1,1,-1,1,-1,1,-1,-1,1,1,-1,-1,1,-1,-1,-1,1,1,-1,1,-1,-1,-1,-1,-1,1,-1,-1,1,-1,-1,-1,-1,-1,-1,-1,1,1,-1,1,-1,1,1,1,-1,1,-1,1,1,-1,-1,1,1,1,1,-1,-1,1,-1,1,1,-1,1,-1,1,-1,1,1,1,-1,1,1,1,1,-1,1,-1,1,1,1,1,1,-1,-1,-1,1,-1,1,-1,-1,1,1,1,1,-1,1,1,-1,1,-1,1,1,1,-1,-1,-1,1,-1,-1,1,1,-1,-1,1,-1,1,1,1,1,-1,1,-1,1,-1,1,-1,-1,-1,-1,-1,-1,-1,-1,-1,-1,1,-1,-1,1,1,-1,-1,1,-1,-1,1,1,-201.91117208678995,1
102,-1,1,-1,1,1,1,1,1,1,-1,-1,-1,-1,1,-1,-1,1,1,1,1,-1,1,-1,-1,1,1,-1,-1,1,-1,1,-1,-1,1,1,-1,1,1,1,1,-1,-1,-1,-1,-1,-1,1,-1,1,1,-1,-1,1,1,1,-1,1,1,1,1,-1,-1,-1,1,1,1,-1,1,-1,-1,1,-1,1,-1,1,-1,-1,1,1,-1,-1,1,-1,-1,-1,1,1,-1,1,-1,-1,-1,1,-1,1,-1,-1,1,-1,-1,-1,-1,-1,-1,-1,1,-1,-1,1,-1,1,1,1,-1,1,-1,1,1,-1,-1,1,1,1,1,-1,-1,1,1,1,1,-1,1,-1,1,-1,1,-1,1,-1,-1,1,1,1,-1,1,-1,1,1,1,1,1,-1,1,-1,1,1,1,-1,-1,1,1,1,1,-1,1,1,-1,1,-1,1,1,1,-1,-1,-1,1,-1,-1,1,1,-1,-1,1,-1,1,1,1,1,-1,1,-1,1,-1,1,-1,-1,-1,-1,-1,-1,-1,-1,-1,-1,-1,1,1,1,-1,1,1,-1,1,-1,1,1,-201.90446581893428,1
103,-1,1,-1,-1,-1,-1,1,1,1,-1,-1,-1,-1,1,-1,-1,1,1,1,1,-1,1,-1,-1,1,1,-1,-1,1,-1,-1,1,-1,1,1,-1,1,1,1,1,-1,-1,-1,-1,-1,-1,1,-1,1,1,-1,-1,1,1,1,-1,1,-1,-1,1,-1,-1,-1,1,-1,1,-1,1,-1,-1,1,-1,1,-1,1,-1,-1,1,1,-1,-1,1,1,-1,-1,1,1,-1,1,-1,1,-1,-1,-1,1,-1,-1,1,-1,-1,-1,-1,-1,-1,-1,1,1,-1,1,-1,1,1,1,-1,1,-1,1,1,-1,-1,1,1,1,1,-1,-1,1,-1,1,1,-1,1,-1,1,-1,1,1,1,-1,1,1,1,1,-1,1,-1,1,1,1,1,1,-1,-1,-1,1,-1,1,-1,-1,1,1,1,1,-1,1,1,-1,1,-1,1,1,1,-1,-1,-1,1,-1,-1,1,1,-1,-1,1,-1,1,1,1,1,-1,1,-1,1,-1,1,-1,-1,-1,1,-1,-1,-1,-1,-1,-1,1,-1,-1,1,-1,1,-1,1,-1,-1,1,1,-201.89783201582654,1
104,-1,1,-1,1,1,1,-1,1,1,-1,-1,-1,1,-1,-1,-1,1,1,1,1,-1,1,-1,-1,1,1,-1,-1,1,-1,-1,1,-1,-1,1,-1,1,1,1,1,-1,-1,1,1,1,-1,1,1,1,1,-1,-1,1,-1,1,-1,1,-1,-1,1,-1,-1,-1,1,-1,-1,-1,1,-1,-1,1,-1,1,-1,1,-1,-1,1,1,-1,1,1,1,-1,-1,1,1,-1,1,1,-1,-1,-1,-1,1,-1,-1,1,-1,-1,-1,-1,-1,-1,1,1,-1,1,1,-1,1,1,1,-1,1,-1,1,1,-1,-1,1,1,1,-1,-1,-1,1,-1,1,1,-1,1,-1,1,-1,1,1,1,-1,1,1,1,1,-1,1,-1,1,1,1,1,1,-1,1,-1,1,-1,1,-1,-1,1,1,1,1,-1,1,1,1,-1,-1,1,1,1,-1,-1,-1,1,-1,-1,1,1,1,1,-1,-1,1,1,-1,-1,1,1,-1,-1,-1,1,-1,-1,-1,1,-1,-1,-1,-1,-1,-1,-1,1,-1,1,-1,1,-1,1,-1,-1,1,1,-201.8594311552108,1
105,-1,1,-1,1,1,1,1,1,1,-1,-1,-1,-1,1,-1,-1,1,1,1,1,-1,1,-1,-1,1,1,-1,-1,1,-1,-1,1,-1,1,1,-1,1,1,1,1,-1,-1,1,1,1,-1,1,-1,1,1,-1,-1,1,1,1,-1,1,-1,-1,1,-1,-1,-1,1,-1,1,-1,1,-1,-1,1,-1,1,-1,1,-1,-1,1,1,-1,-1,1,-1,-1,-1,1,1,-1,1,-1,-1,-1,1,-1,1,-1,-1,1,-1,-1,-1,-1,-1,-1,1,1,-1,-1,1,-1,1,1,1,-1,1,-1,1,1,-1,-1,1,1,1,1,-1,-1,1,-1,1,1,-1,1,-1,1,-1,1,1,1,-1,1,1,1,1,-1,1,-1,1,1,1,1,1,-1,1,-1,1,1,1,-1,-1,1,1,1,1,-1,1,1,1,-1,-1,1,1,1,-1,-1,-1,1,-1,-1,1,1,-1,-1,1,-1,1,1,1,1,-1,1,-1,1,-1,1,-1,-1,-1,1,-1,-1,-1,-1,-1,-1,-1,1,1,1,1,-1,-1,1,-1,-1,1,1,-201.85101078590577,1
106,-1,1,-1,-1,-1,-1,1,1,1,-1,-1,1,-1,-1,-1,-1,1,1,1,1,-1,1,-1,-1,1,1,-1,-1,1,-1,-1,1,-1,1,1,-1,1,1,1,1,-1,-1,-1,-1,-1,-1,1,-1,1,1,-1,-1,1,1,1,-1,1,1,1,-1,-1,-1,-1,1,1,1,-1,1,-1,-1,1,-1,1,-1,-1,-1,-1,-1,1,-1,1,1,-1,1,-1,1,-1,-1,1,-1,-1,-1,1,-1,1,-1,-1,1,-1,-1,-1,-1,-1,-1,-1,1,1,-1,1,-1,1,1,1,-1,1,-1,1,1,-1,-1,1,1,1,1,-1,-1,1,1,1,1,-1,1,-1,1,-1,1,-1,-1,-1,-1,1,1,1,-1,1,-1,1,1,1,1,1,-1,-1,-1,1,-1,1,-1,-1,1,1,1,1,-1,1,1,-1,1,-1,1,1,1,-1,-1,-1,1,-1,-1,1,1,-1,-1,1,-1,1,1,1,1,-1,1,1,-1,-1,1,-1,1,1,-1,-1,1,1,-1,1,1,1,-1,1,-1,1,-1,-1,1,-1,1,-1,-1,-201.84604297512544,1
107,-1,1,-1,1,1,1,1,1,1,-1,-1,-1,-1,1,-1,-1,1,1,1,1,-1,1,-1,-1,1,1,-1,-1,1,-1,-1,1,-1,1,1,-1,1,1,1,1,-1,-1,-1,-1,-1,-1,1,-1,1,1,-1,-1,1,1,1,-1,1,-1,1,-1,-1,-1,-1,1,-1,1,-1,1,-1,-1,1,-1,1,-1,1,-1,-1,1,1,-1,-1,1,-1,-1,-1,1,1,-1,1,-1,-1,-1,1,-1,1,-1,-1,1,-1,-1,-1,-1,-1,-1,-1,1,1,-1,1,-1,1,1,1,-1,1,-1,1,1,-1,-1,1,1,1,1,-1,-1,1,-1,1,1,-1,1,-1,1,-1,1,1,1,-1,-1,1,1,1,-1,1,-1,1,1,1,1,1,-1,-1,-1,1,-1,1,-1,-1,1,1,1,1,-1,1,1,-1,1,-1,1,1,1,-1,-1,-1,1,-1,-1,1,1,-1,-1,1,-1,1,1,1,1,-1,1,-1,1,-1,1,-1,-1,-1,-1,-1,-1,-1,-1,1,1,-1,1,1,1,-1,1,1,-1,1,-1,1,1,-201.84201405365047,1
108,-1,1,-1,-1,-1,-1,-1,1,1,-1,-1,-1,1,-1,-1,-1,1,1,1,1,-1,1,-1,-1,1,1,-1,-1,1,-1,-1,1,-1,-1,1,-1,1,1,1,1,-1,-1,-1,-1,-1,-1,1,-1,1,1,-1,-1,1,1,1,-1,1,-1,-1,1,-1,-1,-1,1,-1,1,-1,1,-1,-1,1,-1,1,-1,1,-1,-1,1,1,-1,-1,1,-1,-1,-1,1,1,-1,1,-1,-1,-1,-1,-1,1,-1,-1,1,-1,-1,-1,-1,-1,-1,-1,1,-1,-1,1,-1,1,1,1,-1,1,-1,1,1,-1,-1,1,1,1,-1,-1,-1,1,-1,1,1,-1,1,-1,1,-1,1,1,1,-1,1,1,1,1,-1,1,-1,1,1,1,1,1,-1,1,-1,1,1,1,-1,-1,1,1,1,1,-1,1,1,-1,1,-1,1,1,1,-1,-1,-1,1,-1,-1,1,1,-1,-1,1,-1,1,1,1,1,-1,1,-1,1,-1,1,-1,-1,-1,1,-1,-1,-1,-1,-1,-1,1,-1,-1,1,-1,1,-1,-1,1,-1,1,1,-201.82737883406446,1
109,-1,1,-1,1,1,1,-1,1,1,-1,-1,-1,1,-1,-1,-1,1,1,1,1,-1,1,-1,-1,1,1,-1,-1,1,-1,-1,1,-1,-1,1,-1,1,1,1,1,-1,-1,-1,-1,-1,-1,1,-1,1,1,-1,-1,1,1,1,-1,1,-1,1,-1,-1,-1,-1,1,-1,1,-1,1,-1,-1,1,-1,1,-1,-1,-1,-1,-1,1,-1,-1,1,-1,-1,-1,1,1,-1,1,-1,-1,-1,1,-1,1,-1,-1,1,-1,-1,-1,-1,-1,-1,-1,1,1,-1,1,-1,1,1,1,-1,1,-1,1,1,-1,-1,1,1,1,-1,-1,-1,1,-1,1,1,-1,1,-1,1,-1,1,1,1,-1,-1,1,1,1,-1,1,-1,1,1,1,1,1,-1,-1,-1,1,-1,1,-1,-1,1,1,1,1,-1,1,1,-1,1,-1,1,1,1,-1,-1,-1,1,-1,-1,1,1,-1,-1,1,-1,1,1,1,1,-1,1,-1,1,-1,1,-1,-1,1,-1,-1,-1,-1,-1,1,1,1,-1,1,1,1,-1,1,-1,1,-1,-1,-1,-201.81459799482448,1
110,-1,1,-1,1,1,1,1,1,1,-1,-1,-1,1,-1,-1,-1,1,1,1,1,-1,1,-1,-1,1,1,-1,-1,1,-1,-1,1,-1,-1,1,-1,1,1,1,1,-1,-1,-1,-1,-1,-1,1,-1,1,1,-1,-1,1,1,1,-1,1,-1,1,1,-1,-1,-1,1,-1,1,-1,1,-1,-1,1,-1,1,-1,1,-1,-1,1,1,-1,1,1,-1,-1,-1,1,1,-1,1,-1,-1,-1,-1,-1,1,-1,-1,1,-1,-1,-1,-1,-1,-1,-1,1,1,-1,1,-1,1,1,1,-1,1,-1,1,1,-1,-1,1,1,1,-1,-1,-1,1,-1,1,1,-1,1,-1,1,-1,1,1,1,-1,-1,1,1,1,-1,1,-1,1,1,1,1,1,-1,-1,-1,1,-1,1,-1,-1,1,1,1,1,-1,1,1,-1,1,-1,1,1,1,-1,-1,-1,1,-1,-1,1,1,-1,-1,1,-1,1,1,1,-1,-1,1,-1,1,-1,1,-1,-1,-1,1,-1,-1,-1,-1,-1,-1,1,-1,-1,1,-1,1,-1,1,-1,-1,1,1,-201.81399418387355,1
111,-1,1,-1,1,1,1,1,1,1,-1,-1,-1,-1,1,-1,-1,1,1,1,1,-1,1,-1,-1,1,1,-1,-1,1,-1,-1,1,-1,1,1,-1,1,1,1,1,-1,-1,-1,-1,1,-1,1,-1,1,1,-1,-1,1,1,1,-1,1,-1,1,1,-1,-1,-1,1,-1,1,-1,1,-1,-1,1,-1,1,-1,1,-1,-1,1,1,-1,-1,1,-1,-1,-1,1,1,-1,1,-1,1,-1,-1,-1,1,-1,-1,1,-1,-1,-1,-1,-1,-1,-1,1,1,-1,1,-1,1,1,1,-1,1,-1,1,1,-1,-1,1,1,1,1,-1,-1,1,-1,1,1,-1,1,-1,1,-1,1,1,1,-1,-1,1,1,1,-1,1,-1,1,1,1,1,1,-1,-1,-1,1,-1,1,-1,-1,1,1,1,1,-1,1,1,-1,1,-1,1,1,1,-1,-1,-1,1,-1,-1,1,1,-1,-1,1,-1,1,1,1,1,-1,1,-1,-1,-1,1,-1,-1,-1,1,-1,-1,-1,-1,-1,-1,-1,1,-1,1,-1,1,-1,1,-1,-1,1,1,-201.80536557636992,1
112,-1,1,-1,1,1,1,-1,1,1,-1,-1,-1,1,-1,-1,-1,1,1,1,1,-1,1,-1,-1,1,1,-1,-1,1,-1,-1,1,-1,-1,1,-1,1,1,1,1,-1,-1,-1,-1,1,-1,1,-1,1,1,-1,-1,1,1,1,-1,1,-1,1,1,-1,-1,-1,1,-1,1,-1,1,-1,-1,1,-1,1,-1,1,-1,-1,1,1,-1,-1,1,-1,-1,-1,1,1,-1,1,-1,-1,-1,1,-1,1,-1,-1,1,-1,-1,-1,-1,-1,-1,-1,1,1,-1,1,-1,1,1,1,-1,1,-1,1,1,-1,-1,1,1,1,-1,-1,-1,1,-1,-1,1,-1,1,-1,1,-1,1,1,1,-1,-1,1,1,1,-1,1,-1,1,1,1,1,1,-1,-1,-1,1,-1,1,-1,-1,1,1,1,1,-1,1,1,-1,1,-1,1,1,1,-1,-1,-1,1,-1,-1,1,1,-1,-1,1,-1,1,1,1,1,-1,1,-1,1,-1,1,-1,-1,-1,-1,-1,-1,-1,-1,-1,-1,-1,1,1,1,-1,1,-1,1,-1,-1,1,1,-201.80023884561558,1
113,-1,1,-1,1,1,1,1,1,1,-1,-1,-1,-1,1,-1,-1,1,1,1,1,-1,1,-1,-1,1,1,-1,-1,1,-1,-1,1,-1,-1,1,-1,1,1,1,1,-1,-1,1,1,1,-1,1,1,1,1,-1,-1,1,-1,1,-1,1,-1,-1,1,-1,-1,-1,1,-1,-1,-1,1,-1,-1,1,-1,1,-1,1,-1,-1,1,1,1,1,1,1,-1,-1,1,1,-1,1,1,-1,-1,-1,-1,1,-1,-1,1,-1,-1,-1,-1,-1,-1,1,1,-1,1,1,-1,1,1,1,-1,1,-1,1,1,-1,-1,1,1,1,1,-1,-1,1,-1,1,1,-1,1,-1,1,-1,1,1,1,-1,1,1,1,1,-1,1,-1,1,1,1,1,1,-1,1,-1,1,-1,1,-1,-1,1,1,1,1,-1,1,1,1,-1,-1,1,1,1,-1,-1,-1,1,-1,-1,1,1,1,1,-1,-1,1,1,-1,-1,1,1,-1,1,-1,1,-1,-1,-1,1,-1,-1,-1,-1,-1,-1,-1,1,-1,1,-1,1,-1,1,-1,-1,1,1,-201.80004555534737,1
114,-1,1,-1,1,1,1,1,1,1,-1,-1,-1,-1,1,-1,-1,1,1,1,1,-1,1,-1,-1,1,1,-1,-1,1,-1,-1,1,-1,1,1,-1,1,1,1,1,-1,-1,1,1,1,-1,1,-1,1,1,-1,-1,1,1,1,-1,1,-1,-1,1,-1,-1,-1,1,-1,1,-1,1,-1,-1,1,-1,1,-1,1,-1,-1,1,1,-1,1,1,-1,-1,-1,1,1,-1,1,-1,1,-1,-1,-1,1,-1,-1,1,-1,-1,-1,-1,-1,-1,1,1,-1,1,1,-1,1,1,1,-1,1,-1,1,1,-1,-1,1,1,1,1,-1,-1,1,-1,1,1,-1,1,-1,1,-1,1,1,1,-1,1,1,1,1,-1,1,-1,1,1,1,1,1,-1,1,-1,1,-1,1,-1,-1,1,1,1,1,-1,1,1,1,-1,-1,1,1,1,-1,1,-1,1,-1,-1,1,1,-1,-1,1,-1,1,1,1,-1,1,1,-1,1,-1,1,-1,-1,-1,1,-1,-1,1,-1,-1,-1,-1,1,-1,1,-1,1,-1,1,-1,-1,1,1,-201.79940048364713,1
115,-1,-1,1,1,1,1,1,1,1,-1,-1,-1,-1,1,-1,-1,1,1,1,1,-1,1,-1,-1,1,1,-1,-1,1,-1,-1,1,-1,1,1,-1,1,1,1,1,-1,-1,-1,-1,-1,-1,1,-1,1,1,-1,-1,1,1,1,-1,1,-1,1,1,-1,-1,-1,1,-1,1,-1,1,-1,-1,1,-1,1,-1,1,-1,-1,1,1,-1,-1,1,-1,-1,-1,1,1,-1,1,-1,-1,-1,-1,-1,1,-1,-1,1,-1,-1,-1,-1,-1,-1,-1,1,-1,-1,1,-1,1,1,1,-1,1,-1,1,1,-1,-1,1,1,1,1,-1,-1,1,-1,1,1,-1,1,-1,1,-1,1,1,1,-1,-1,1,1,1,-1,1,-1,1,1,1,1,1,-1,1,-1,1,-1,1,-1,-1,1,1,1,1,-1,1,1,-1,1,-1,1,1,1,-1,-1,-1,1,-1,-1,1,1,-1,-1,1,-1,1,1,1,1,-1,1,-1,1,-1,1,-1,-1,-1,1,-1,-1,-1,-1,-1,-1,1,-1,-1,1,-1,1,1,-1,1,-1,1,1,-201.78528639099866,1
116,-1,1,-1,1,1,1,1,1,1,-1,-1,-1,1,-1,-1,-1,1,1,1,1,-1,1,-1,-1,1,1,-1,-1,1,-1,-1,1,-1,1,1,-1,1,1,1,1,-1,-1,-1,-1,-1,-1,1,-1,1,1,-1,-1,1,1,1,-1,1,-1,1,-1,-1,-1,-1,1,-1,1,-1,1,-1,-1,1,-1,1,-1,1,-1,-1,1,1,-1,-1,1,-1,-1,-1,1,1,-1,1,-1,-1,-1,-1,-1,1,-1,-1,1,-1,-1,-1,-1,-1,-1,-1,1,-1,-1,1,-1,1,1,1,-1,1,-1,1,1,-1,-1,1,1,1,1,-1,-1,1,-1,1,1,-1,1,-1,1,-1,1,1,1,-1,-1,1,1,1,-1,1,-1,1,1,1,1,1,-1,1,-1,1,1,1,-1,-1,1,1,1,1,-1,1,1,-1,1,-1,1,1,1,-1,-1,-1,1,-1,-1,1,1,-1,-1,1,-1,1,1,1,1,-1,1,-1,1,-1,1,-1,-1,-1,1,-1,-1,-1,-1,-1,-1,1,-1,-1,1,-1,1,1,-1,1,-1,1,1,-201.77679105338353,1
117,-1,1,-1,-1,-1,-1,1,1,1,-1,-1,1,-1,1,-1,-1,1,1,1,1,-1,1,-1,-1,1,1,-1,-1,1,-1,-1,1,-1,1,1,-1,1,1,1,1,-1,-1,-1,-1,-1,-1,1,-1,1,1,-1,-1,1,1,1,-1,1,1,1,-1,-1,-1,-1,1,1,1,-1,1,-1,-1,1,-1,1,-1,-1,-1,-1,-1,1,-1,-1,1,-1,-1,-1,1,1,-1,1,-1,1,-1,1,-1,1,-1,-1,1,-1,-1,-1,-1,-1,-1,-1,-1,-1,-1,1,-1,1,1,1,-1,1,-1,-1,1,-1,-1,1,1,1,1,-1,-1,1,1,1,1,-1,1,-1,1,-1,1,-1,-1,-1,-1,1,1,1,-1,1,-1,1,1,1,1,1,-1,1,-1,1,1,1,-1,-1,1,1,1,1,-1,1,1,-1,1,-1,1,1,1,-1,-1,-1,1,-1,-1,1,1,-1,-1,1,-1,1,1,1,1,-1,1,-1,1,-1,1,-1,-1,1,-1,-1,-1,-1,-1,1,1,1,-1,1,-1,1,-1,-1,-1,1,1,-1,-1,-201.76552740102184,1
118,-1,1,-1,1,1,1,1,1,1,-1,-1,-1,1,-1,-1,-1,1,1,1,1,-1,1,-1,-1,1,1,-1,-1,1,-1,-1,1,-1,-1,1,-1,1,1,1,1,-1,-1,-1,-1,-1,-1,1,-1,1,1,-1,-1,1,1,1,-1,1,-1,1,-1,-1,-1,-1,1,-1,1,-1,1,-1,-1,1,-1,1,-1,-1,-1,-1,-1,1,-1,-1,1,-1,-1,-1,1,1,-1,1,-1,-1,-1,1,-1,1,-1,-1,1,-1,-1,-1,-1,-1,-1,-1,1,-1,-1,1,-1,1,1,1,-1,1,-1,1,1,-1,-1,1,1,1,-1,-1,-1,1,-1,1,1,-1,1,-1,1,-1,1,1,1,-1,-1,1,1,1,-1,1,-1,1,1,1,1,1,-1,1,-1,1,-1,1,-1,-1,1,1,1,1,-1,1,1,-1,1,-1,1,1,1,-1,-1,-1,1,-1,-1,1,1,-1,-1,1,-1,1,1,1,1,-1,1,-1,1,-1,1,-1,-1,1,-1,-1,-1,-1,-1,1,1,1,-1,1,1,1,-1,-1,-1,1,-1,1,1,-201.75967494761198,1
119,-1,1,-1,-1,-1,-1,1,1,1,-1,-1,-1,-1,1,-1,-1,1,1,1,1,-1,1,-1,-1,1,1,-1,-1,1,-1,-1,1,-1,1,1,-1,1,1,1,1,-1,-1,-1,-1,-1,-1,1,-1,1,1,-1,-1,1,1,1,-1,1,1,1,1,-1,-1,-1,1,1,1,-1,1,-1,-1,1,-1,1,-1,1,-1,-1,1,1,-1,-1,1,-1,-1,-1,1,1,-1,1,-1,1,-1,-1,-1,1,-1,-1,1,-1,-1,-1,-1,-1,-1,-1,1,-1,-1,1,-1,1,1,1,-1,1,-1,1,1,-1,-1,1,1,1,1,-1,-1,1,1,1,1,-1,1,-1,1,-1,1,-1,1,-1,-1,1,1,1,-1,1,-1,1,1,1,1,1,-1,1,-1,1,-1,1,-1,-1,1,1,1,1,-1,1,1,-1,1,-1,1,1,1,-1,-1,-1,1,-1,-1,1,1,-1,-1,1,-1,1,1,1,1,-1,1,-1,1,-1,1,-1,-1,-1,1,-1,-1,-1,-1,-1,-1,1,-1,-1,1,-1,1,-1,1,-1,-1,1,1,-201.74987102400618,1
120,-1,1,-1,-1,-1,-1,1,1,1,-1,-1,1,-1,1,-1,-1,1,1,1,1,-1,1,-1,-1,1,1,-1,-1,1,-1,-1,1,-1,-1,1,-1,1,1,1,1,-1,-1,-1,-1,-1,-1,1,-1,1,1,-1,-1,1,1,1,-1,1,-1,1,-1,-1,-1,-1,1,-1,1,-1,1,-1,-1,1,-1,1,-1,-1,-1,-1,-1,1,-1,-1,1,-1,-1,-1,1,1,-1,1,-1,1,-1,1,-1,1,-1,-1,1,-1,-1,-1,-1,-1,-1,-1,1,1,-1,1,-1,1,1,1,-1,1,-1,1,1,-1,-1,1,1,1,-1,-1,-1,1,-1,1,1,-1,1,-1,1,-1,1,1,1,-1,-1,1,1,1,-1,1,-1,1,1,1,1,1,-1,-1,-1,1,-1,1,-1,-1,1,1,1,1,-1,1,1,-1,1,-1,1,1,1,-1,-1,-1,1,-1,-1,1,1,-1,-1,1,-1,1,1,1,1,-1,1,-1,1,-1,1,-1,-1,1,-1,-1,1,-1,-1,1,1,1,-1,1,-1,1,-1,-1,-1,1,1,-1,-1,-201.7290886303456,1
121,-1,1,-1,1,1,1,1,1,1,-1,-1,-1,1,-1,-1,-1,1,1,1,1,-1,1,-1,-1,1,1,-1,-1,1,-1,-1,1,-1,-1,1,-1,1,1,1,1,-1,-1,-1,-1,-1,-1,1,-1,1,1,-1,-1,1,1,1,-1,1,-1,1,-1,-1,-1,-1,1,-1,1,-1,1,-1,-1,1,-1,1,-1,1,-1,-1,1,1,-1,-1,1,-1,-1,-1,1,1,-1,1,-1,-1,-1,1,-1,1,-1,-1,1,-1,-1,-1,-1,-1,-1,-1,1,-1,-1,1,-1,1,1,1,-1,1,-1,1,1,-1,-1,1,1,1,-1,-1,-1,1,-1,1,1,-1,1,-1,1,-1,1,1,1,-1,-1,1,1,1,-1,1,-1,1,1,1,1,1,-1,1,-1,1,1,1,-1,-1,1,1,1,1,-1,1,1,-1,1,-1,1,1,1,-1,-1,-1,1,-1,-1,1,1,-1,-1,1,-1,1,1,1,1,-1,1,-1,1,-1,1,-1,-1,-1,-1,-1,-1,-1,-1,1,1,1,-1,1,1,1,-1,-1,1,-1,-1,1,1,-201.7254547479177,1
122,-1,1,-1,1,1,1,1,1,1,-1,-1,-1,-1,1,-1,-1,1,1,1,1,-1,1,-1,-1,1,1,-1,-1,1,-1,-1,1,-1,1,1,-1,1,1,1,1,-1,-1,-1,-1,-1,-1,1,-1,1,1,-1,-1,1,1,1,-1,1,-1,1,-1,-1,-1,-1,1,-1,1,-1,1,-1,-1,1,-1,1,-1,-1,-1,-1,-1,1,-1,-1,1,-1,-1,-1,1,1,-1,1,-1,-1,-1,1,-1,1,-1,-1,1,-1,-1,-1,-1,-1,-1,-1,1,-1,-1,1,-1,1,1,1,-1,1,-1,1,1,-1,-1,1,1,1,1,-1,-1,1,-1,1,1,-1,1,-1,1,-1,1,1,1,-1,-1,1,1,1,-1,1,-1,1,1,1,1,1,-1,1,-1,1,1,1,-1,-1,1,1,1,1,-1,1,1,-1,1,-1,1,1,1,-1,-1,-1,1,-1,-1,1,1,-1,-1,1,-1,1,1,1,1,-1,1,-1,1,-1,1,-1,-1,1,-1,-1,-1,-1,-1,1,1,-1,1,1,1,1,-1,1,-1,1,-1,1,1,-201.6950793211094,1
123,-1,1,-1,-1,-1,-1,1,1,1,-1,-1,-1,1,-1,-1,-1,1,1,1,1,-1,1,-1,-1,1,1,-1,-1,1,-1,-1,1,-1,1,1,-1,1,1,1,1,-1,-1,-1,-1,-1,-1,1,-1,1,1,-1,-1,1,1,1,-1,1,-1,-1,1,-1,-1,-1,1,-1,1,-1,1,-1,-1,1,-1,1,-1,1,-1,-1,1,1,-1,-1,1,-1,-1,-1,1,1,-1,1,-1,-1,-1,-1,-1,1,-1,-1,1,-1,-1,-1,-1,-1,-1,-1,1,-1,-1,1,-1,1,1,1,-1,1,-1,1,1,-1,-1,1,1,1,1,-1,-1,1,-1,1,1,-1,1,-1,1,-1,1,1,1,-1,1,1,1,1,-1,1,-1,1,1,1,1,1,-1,1,-1,1,1,1,-1,-1,1,1,1,1,-1,1,1,-1,1,-1,1,1,1,-1,-1,-1,1,-1,-1,1,1,-1,-1,1,-1,1,1,1,1,-1,1,-1,1,-1,1,-1,-1,-1,1,-1,-1,-1,-1,-1,-1,1,-1,-1,1,-1,1,-1,-1,1,-1,1,1,-201.6860494962624,1
124,-1,1,-1,1,1,1,1,1,1,-1,-1,-1,-1,-1,-1,-1,1,1,1,1,-1,1,-1,-1,1,1,-1,-1,1,-1,-1,1,-1,1,1,-1,1,1,1,1,-1,-1,1,1,1,-1,1,-1,1,1,-1,-1,1,1,1,-1,1,-1,-1,1,-1,-1,-1,1,-1,1,-1,1,-1,-1,1,-1,1,-1,1,-1,-1,1,1,-1,1,1,-1,-1,-1,1,1,-1,1,-1,-1,-1,-1,-1,1,-1,-1,1,-1,-1,-1,-1,-1,-1,1,1,-1,1,1,-1,1,1,1,-1,1,-1,1,1,-1,-1,1,1,1,1,-1,-1,1,-1,1,1,-1,1,-1,1,-1,1,1,1,-1,1,1,1,1,-1,1,-1,1,1,1,1,1,-1,1,-1,1,1,1,-1,-1,1,1,1,1,-1,1,1,1,-1,-1,1,1,1,-1,-1,-1,1,-1,-1,1,1,-1,-1,-1,-1,1,1,1,-1,1,1,-1,1,-1,1,-1,-1,-1,1,-1,-1,-1,-1,-1,-1,-1,1,-1,1,-1,1,-1,1,-1,-1,1,1,-201.67323772795322,1
125,-1,1,-1,1,1,1,1,1,1,-1,-1,-1,-1,1,-1,-1,1,1,1,1,-1,1,-1,-1,1,1,-1,-1,1,-1,-1,1,-1,1,1,-1,1,1,1,1,-1,-1,1,1,1,-1,1,-1,1,1,-1,-1,1,1,1,-1,1,-1,-1,1,-1,-1,-1,1,-1,1,-1,1,-1,-1,1,-1,1,-1,1,-1,-1,1,1,-1,-1,1,-1,-1,-1,1,1,-1,1,-1,-1,-1,-1,-1,1,-1,-1,1,-1,-1,-1,-1,-1,-1,-1,1,-1,-1,1,-1,1,1,1,-1,1,-1,1,1,-1,-1,1,1,1,1,-1,-1,1,1,1,1,-1,1,-1,1,-1,1,1,1,-1,1,1,1,1,-1,1,-1,1,1,1,1,1,-1,1,-1,1,1,1,-1,-1,1,1,1,1,-1,1,1,-1,1,-1,1,1,1,-1,-1,-1,1,-1,-1,1,1,-1,-1,1,-1,1,1,1,1,-1,1,-1,1,-1,1,-1,-1,-1,-1,-1,-1,-1,-1,-1,-1,-1,1,-1,1,-1,1,-1,1,-1,-1,1,1,-201.662886803902,1
126,-1,1,-1,1,1,1,-1,1,1,-1,-1,-1,1,-1,-1,1,1,1,1,1,-1,1,-1,-1,1,1,-1,-1,1,-1,-1,1,-1,-1,1,-1,1,1,1,1,-1,-1,-1,-1,-1,-1,1,-1,1,1,-1,-1,1,1,1,-1,1,-1,1,1,-1,-1,-1,1,-1,1,-1,1,-1,-1,1,-1,1,-1,1,-1,-1,1,1,-1,-1,1,-1,-1,-1,1,1,-1,1,-1,1,-1,1,-1,1,-1,-1,1,-1,-1,-1,-1,-1,-1,-1,1,1,-1,1,-1,1,1,1,-1,1,-1,1,1,-1,-1,1,1,1,-1,-1,-1,1,-1,1,1,-1,1,-1,1,-1,1,1,1,-1,-1,1,1,1,-1,1,-1,1,1,1,1,1,-1,-1,-1,1,-1,1,-1,-1,1,1,1,1,-1,1,1,-1,1,-1,1,1,1,-1,-1,-1,1,-1,-1,1,1,-1,-1,1,-1,1,1,1,1,-1,1,-1,1,-1,1,-1,-1,-1,-1,-1,-1,-1,-1,-1,-1,1,-1,1,1,1,-1,-1,-1,1,-1,1,1,-201.6563452383233,1
127,-1,1,-1,1,1,1,1,1,1,-1,-1,-1,1,-1,-1,-1,1,1,1,1,-1,1,-1,-1,1,1,-1,-1,1,-1,-1,1,-1,1,1,-1,1,1,1,1,-1,-1,-1,-1,1,-1,1,-1,1,1,-1,-1,1,1,1,-1,1,-1,1,1,-1,-1,-1,1,-1,1,-1,1,-1,-1,1,-1,1,-1,1,-1,-1,1,1,-1,-1,1,-1,-1,-1,1,1,-1,1,-1,-1,-1,-1,-1,1,-1,-1,1,-1,-1,-1,-1,-1,-1,-1,1,-1,-1,1,-1,1,1,1,-1,1,-1,1,1,-1,-1,1,1,1,1,-1,-1,1,-1,1,1,-1,1,-1,1,-1,1,1,1,-1,-1,1,1,1,-1,1,-1,1,1,1,1,1,-1,1,-1,1,-1,1,-1,-1,1,1,1,1,-1,1,1,-1,1,-1,1,1,1,-1,-1,-1,1,-1,-1,1,1,-1,-1,1,-1,1,1,1,1,-1,1,-1,1,-1,1,-1,-1,-1,1,-1,-1,-1,-1,-1,-1,-1,1,-1,1,-1,1,1,1,-1,-1,1,1,-201.62568719578195,1
128,-1,1,-1,-1,-1,-1,-1,1,1,-1,-1,-1,1,-1,-1,-1,1,1,1,1,-1,1,-1,-1,1,1,-1,-1,1,-1,-1,1,-1,-1,1,-1,1,1,1,1,-1,-1,-1,-1,-1,-1,1,-1,1,1,-1,-1,1,1,1,-1,1,-1,1,-1,-1,-1,-1,1,-1,1,-1,1,-1,-1,1,-1,1,-1,1,-1,-1,1,1,-1,-1,1,-1,-1,-1,1,1,-1,1,-1,1,-1,1,-1,1,-1,-1,1,-1,-1,-1,-1,-1,-1,-1,1,1,-1,1,-1,1,1,1,-1,1,-1,1,1,-1,-1,1,1,1,-1,-1,-1,1,-1,1,1,-1,1,-1,1,-1,1,1,1,-1,-1,1,1,1,-1,1,-1,1,1,1,1,1,-1,-1,-1,1,-1,1,-1,-1,1,1,1,1,-1,1,1,-1,1,-1,1,1,1,-1,-1,-1,1,-1,-1,1,1,-1,-1,1,-1,1,1,1,1,-1,1,-1,1,-1,1,-1,-1,-1,-1,-1,-1,-1,-1,1,1,1,-1,1,1,1,-1,-1,-1,1,-1,1,1,-201.6143935727356,1
129,-1,1,-1,1,1,1,1,1,1,-1,-1,-1,-1,1,-1,-1,1,1,1,1,-1,1,-1,-1,1,1,-1,-1,1,-1,-1,1,-1,1,1,-1,1,1,1,1,-1,-1,-1,-1,-1,-1,1,-1,1,1,-1,-1,1,1,1,-1,1,1,1,1,-1,-1,-1,1,1,1,-1,1,-1,-1,1,-1,1,-1,1,-1,-1,1,1,-1,-1,1,-1,-1,-1,1,1,-1,1,-1,1,-1,-1,-1,1,-1,-1,1,-1,-1,-1,-1,-1,-1,-1,-1,-1,-1,1,-1,1,1,1,-1,1,-1,-1,1,-1,-1,1,1,1,1,-1,-1,1,1,1,1,-1,1,-1,1,-1,1,-1,1,-1,-1,1,1,1,-1,1,-1,1,1,1,1,1,-1,1,-1,1,-1,1,-1,-1,1,1,1,1,-1,1,1,-1,1,-1,1,1,1,-1,-1,-1,1,-1,-1,1,1,-1,-1,1,-1,1,1,1,1,-1,1,-1,1,-1,1,-1,-1,-1,1,-1,-1,-1,-1,-1,-1,1,-1,-1,1,-1,1,1,-1,1,-1,1,1,-201.60614281870437,1
130,-1,1,-1,1,1,1,1,1,1,-1,-1,-1,-1,1,-1,-1,1,1,1,1,-1,1,-1,-1,1,1,-1,-1,1,-1,-1,1,-1,1,1,-1,1,1,1,1,-1,-1,1,1,1,-1,1,-1,1,1,-1,-1,1,1,1,-1,1,-1,-1,1,-1,-1,-1,1,-1,-1,-1,1,-1,-1,1,-1,1,-1,1,-1,-1,1,1,-1,1,1,-1,-1,-1,1,1,-1,1,-1,1,-1,-1,-1,1,-1,-1,1,-1,-1,-1,-1,-1,-1,1,-1,-1,1,1,-1,1,1,1,-1,1,-1,-1,1,-1,-1,1,1,1,1,-1,-1,1,-1,1,1,-1,1,-1,1,-1,1,1,1,-1,1,1,1,1,-1,1,-1,1,1,1,1,1,-1,1,-1,1,-1,1,-1,-1,1,1,1,1,-1,1,1,1,-1,-1,1,1,1,-1,-1,-1,1,-1,-1,1,1,-1,-1,1,-1,1,1,1,-1,1,1,-1,1,-1,1,-1,-1,-1,1,-1,-1,-1,-1,-1,-1,-1,1,-1,1,-1,1,-1,1,-1,-1,1,1,-201.60069537079758,1
131,-1,1,-1,-1,-1,-1,1,1,1,-1,-1,-1,-1,1,-1,-1,1,1,1,1,-1,1,-1,-1,1,1,-1,-1,1,-1,-1,1,-1,1,1,-1,1,1,1,1,-1,-1,-1,-1,-1,-1,1,-1,1,1,-1,-1,1,1,1,-1,1,-1,1,1,-1,-1,-1,1,-1,1,-1,1,-1,-1,1,-1,1,-1,1,-1,-1,1,1,-1,-1,1,-1,-1,-1,1,1,-1,1,-1,1,-1,1,-1,1,-1,-1,1,-1,-1,-1,-1,-1,-1,-1,1,-1,-1,1,-1,1,1,1,-1,1,-1,1,1,-1,-1,1,1,1,1,-1,-1,1,-1,1,1,-1,1,-1,1,-1,1,1,1,-1,-1,1,1,1,-1,1,-1,1,1,1,1,1,-1,1,-1,1,1,1,-1,-1,1,1,1,1,-1,1,1,-1,1,-1,1,1,1,-1,-1,-1,1,-1,-1,1,1,-1,-1,1,-1,1,1,1,1,-1,1,-1,1,-1,1,-1,-1,-1,-1,-1,-1,-1,-1,-1,-1,1,-1,1,-1,1,-1,-1,-1,1,-1,1,1,-201.59286522685852,1
132,-1,1,-1,-1,-1,-1,1,1,1,-1,-1,-1,-1,1,-1,-1,1,1,1,1,-1,1,-1,-1,1,1,-1,-1,1,-1,-1,1,-1,1,1,-1,1,1,1,1,-1,-1,-1,-1,-1,-1,1,-1,1,1,-1,-1,1,1,1,-1,1,-1,-1,1,-1,-1,-1,1,-1,1,-1,1,-1,-1,1,-1,1,-1,1,-1,-1,1,1,-1,-1,1,-1,-1,-1,1,1,-1,1,-1,1,-1,-1,-1,1,-1,-1,1,-1,-1,-1,-1,-1,-1,-1,1,1,-1,1,-1,1,1,1,-1,1,-1,1,1,-1,-1,1,1,1,1,-1,-1,1,-1,1,1,-1,1,-1,1,-1,1,1,1,-1,1,1,1,1,-1,1,-1,1,1,1,1,1,-1,1,-1,1,-1,1,-1,-1,1,1,1,1,-1,1,1,-1,1,-1,1,1,1,-1,-1,-1,1,-1,-1,1,1,-1,-1,1,-1,1,1,1,1,-1,1,-1,1,-1,1,-1,-1,-1,-1,-1,-1,-1,-1,-1,-1,1,-1,-1,1,-1,1,1,-1,1,-1,1,1,-201.58247846915927,1
133,-1,1,-1,-1,-1,-1,-1,1,1,-1,-1,-1,1,-1,-1,-1,1,1,1,1,-1,1,-1,-1,1,1,-1,-1,1,-1,-1,1,-1,-1,1,-1,1,1,1,1,-1,-1,-1,-1,-1,-1,1,-1,1,1,-1,-1,1,1,1,-1,1,1,1,1,-1,-1,-1,1,1,1,-1,1,-1,-1,1,-1,1,-1,1,-1,-1,1,1,-1,-1,1,-1,-1,-1,1,1,-1,1,-1,1,-1,1,-1,1,-1,-1,1,-1,-1,-1,-1,-1,-1,-1,1,-1,-1,1,-1,1,1,1,-1,1,-1,1,1,-1,-1,1,1,1,-1,-1,-1,1,1,1,1,-1,1,-1,1,-1,1,-1,1,-1,-1,1,1,1,-1,1,-1,1,1,1,1,1,-1,1,-1,1,-1,1,-1,-1,1,1,1,1,-1,1,1,-1,1,-1,1,1,1,-1,-1,-1,1,-1,-1,1,1,-1,-1,1,-1,1,1,1,1,-1,1,-1,1,-1,1,-1,-1,-1,-1,-1,-1,-1,-1,-1,-1,1,-1,1,1,1,-1,-1,1,-1,-1,1,1,-201.5428168105365,1
134,-1,1,-1,1,1,1,1,1,1,-1,-1,-1,-1,1,-1,-1,1,1,1,1,-1,1,-1,-1,1,1,-1,-1,1,-1,-1,1,-1,1,1,-1,1,1,1,1,-1,-1,-1,-1,-1,-1,1,-1,1,1,-1,-1,1,1,1,-1,1,1,1,-1,-1,-1,-1,1,1,1,-1,1,-1,-1,1,-1,1,-1,-1,-1,-1,-1,1,-1,-1,1,-1,-1,-1,1,1,-1,1,-1,1,-1,1,-1,1,-1,-1,1,-1,-1,-1,-1,-1,-1,-1,1,1,-1,1,-1,1,1,1,-1,1,-1,1,1,-1,-1,1,1,1,1,-1,-1,1,1,1,1,-1,1,-1,1,-1,1,-1,-1,-1,-1,1,1,1,-1,1,-1,1,1,1,1,1,-1,-1,-1,1,-1,1,-1,-1,1,1,1,1,-1,1,1,-1,1,-1,1,1,1,-1,-1,-1,1,-1,-1,1,1,-1,-1,1,-1,1,1,1,1,-1,1,-1,1,-1,1,-1,-1,1,-1,-1,-1,-1,-1,1,1,1,-1,1,1,1,-1,1,-1,1,-1,-1,-1,-201.5382411312365,1
135,-1,1,-1,1,1,1,1,1,1,-1,-1,-1,-1,-1,-1,-1,1,1,1,1,-1,1,-1,-1,1,1,-1,-1,1,-1,-1,1,-1,1,1,-1,1,1,1,1,-1,-1,-1,-1,-1,-1,1,-1,1,1,-1,-1,1,1,1,-1,1,-1,1,1,-1,-1,-1,1,-1,1,-1,1,-1,-1,1,-1,1,-1,1,-1,-1,1,1,-1,-1,1,-1,-1,-1,1,1,-1,1,-1,-1,-1,-1,-1,1,-1,-1,1,-1,-1,-1,-1,-1,-1,-1,1,-1,-1,1,-1,1,1,1,-1,1,-1,1,1,-1,-1,1,1,1,1,-1,-1,1,-1,1,1,-1,1,-1,1,-1,1,1,1,-1,-1,1,1,1,-1,1,-1,1,1,1,1,1,-1,1,-1,1,1,1,-1,-1,1,1,1,1,-1,1,1,-1,1,-1,1,1,1,-1,-1,-1,1,-1,-1,1,1,-1,-1,1,-1,1,1,1,1,-1,1,-1,1,-1,1,-1,-1,-1,1,-1,-1,-1,-1,-1,-1,1,-1,-1,1,1,-1,-1,1,-1,-1,1,1,-201.53456601469406,1
136,-1,1,-1,-1,-1,-1,1,1,1,-1,-1,-1,-1,1,-1,-1,1,1,1,1,-1,1,-1,-1,1,1,-1,-1,1,-1,1,-1,-1,1,1,-1,1,1,1,1,-1,-1,-1,-1,-1,-1,1,-1,1,1,-1,-1,1,1,1,-1,1,1,1,1,-1,-1,-1,1,1,1,-1,1,-1,-1,1,-1,1,-1,1,-1,-1,1,1,-1,-1,1,-1,-1,-1,1,1,-1,1,-1,1,-1,1,-1,1,-1,-1,1,-1,-1,-1,-1,-1,-1,-1,1,1,-1,1,-1,1,1,1,-1,1,-1,-1,1,-1,-1,1,1,1,1,-1,-1,1,1,1,1,-1,1,-1,1,-1,1,-1,-1,-1,-1,1,1,1,-1,1,-1,1,1,1,1,1,-1,-1,-1,1,-1,1,-1,-1,1,1,1,1,-1,1,1,-1,1,-1,1,1,1,-1,-1,-1,1,-1,-1,1,1,-1,-1,1,-1,1,1,1,1,-1,1,-1,1,-1,1,-1,-1,-1,-1,-1,-1,-1,-1,-1,-1,1,-1,1,1,1,-1,-1,1,-1,-1,1,1,-201.5088623013054,1
137,-1,1,-1,1,1,1,1,1,1,-1,-1,-1,-1,1,-1,-1,1,1,1,1,-1,1,-1,-1,1,1,-1,-1,1,-1,-1,1,-1,1,1,-1,1,1,1,1,-1,-1,-1,-1,1,-1,1,-1,1,1,-1,-1,1,1,1,-1,1,-1,-1,1,-1,-1,-1,1,-1,1,-1,1,-1,-1,1,-1,1,-1,1,-1,-1,1,1,-1,-1,1,-1,-1,-1,1,1,-1,1,-1,-1,-1,1,-1,1,-1,-1,1,-1,-1,-1,-1,-1,-1,-1,1,-1,-1,1,-1,1,1,1,-1,1,-1,1,1,-1,-1,1,1,1,1,-1,-1,-1,-1,1,1,-1,1,-1,1,-1,1,1,1,-1,1,1,1,1,-1,1,-1,1,1,1,1,1,-1,1,-1,1,1,1,-1,-1,1,1,1,1,-1,1,1,-1,1,-1,1,1,1,-1,-1,-1,1,-1,-1,1,1,-1,-1,1,-1,1,1,1,1,-1,1,-1,1,-1,1,-1,-1,-1,-1,-1,-1,-1,-1,-1,-1,-1,1,1,1,-1,1,-1,1,-1,-1,1,1,-201.4975271835593,1
138,-1,1,-1,1,1,1,1,1,1,-1,-1,-1,-1,1,-1,-1,1,1,1,1,-1,1,-1,-1,1,1,-1,-1,1,-1,1,-1,-1,1,1,-1,1,1,1,1,-1,-1,-1,-1,-1,-1,1,-1,1,1,-1,-1,1,1,1,-1,1,1,1,-1,-1,-1,-1,1,1,1,-1,1,-1,-1,1,-1,1,-1,1,-1,-1,1,1,-1,-1,1,1,-1,-1,1,1,-1,1,-1,1,-1,1,-1,1,-1,-1,1,-1,-1,-1,-1,-1,-1,-1,1,-1,-1,1,-1,1,1,1,-1,1,-1,1,1,-1,-1,1,1,1,1,-1,-1,1,1,1,1,-1,1,-1,1,-1,1,-1,1,-1,-1,1,1,1,-1,1,-1,1,1,1,1,1,-1,1,-1,1,-1,1,-1,-1,1,1,1,1,-1,1,1,-1,1,-1,1,1,1,-1,-1,-1,1,-1,-1,1,1,-1,-1,1,-1,1,1,1,1,-1,1,-1,1,-1,1,-1,-1,-1,-1,-1,-1,-1,-1,1,1,1,-1,1,1,1,-1,1,-1,1,-1,1,1,-201.49572478475363,1
139,-1,1,-1,-1,-1,-1,1,1,1,-1,-1,1,1,-1,-1,-1,1,1,1,1,-1,1,-1,-1,1,1,-1,-1,1,-1,-1,1,-1,1,1,-1,1,1,1,1,-1,-1,-1,-1,-1,-1,1,-1,1,1,-1,-1,1,1,1,-1,1,-1,1,-1,-1,-1,-1,1,-1,1,-1,1,-1,-1,1,-1,1,-1,1,-1,-1,-1,1,-1,-1,1,-1,-1,-1,1,1,-1,1,-1,1,-1,1,-1,1,-1,-1,1,-1,-1,-1,-1,-1,-1,-1,1,1,-1,1,-1,-1,1,1,-1,1,-1,1,1,-1,-1,1,1,1,1,-1,-1,1,-1,1,1,-1,1,-1,1,-1,1,1,1,-1,-1,1,1,1,-1,1,-1,1,1,1,1,1,-1,-1,-1,1,-1,1,-1,-1,1,1,1,1,-1,1,1,-1,1,-1,1,1,1,-1,-1,-1,1,-1,-1,1,1,-1,-1,1,-1,1,1,1,1,-1,1,-1,1,-1,1,-1,-1,1,-1,-1,-1,-1,-1,1,1,1,-1,1,-1,1,-1,-1,-1,1,1,-1,-1,-201.481354228425,1
140,-1,1,-1,1,1,1,1,1,1,-1,-1,-1,-1,1,-1,-1,1,1,1,1,-1,1,-1,-1,1,1,-1,-1,1,-1,1,-1,-1,1,1,-1,1,1,1,1,-1,-1,-1,-1,-1,-1,1,-1,1,1,-1,-1,1,1,1,-1,1,1,1,1,-1,-1,-1,1,1,1,-1,1,-1,-1,1,-1,1,-1,1,-1,-1,1,1,-1,-1,1,-1,-1,-1,1,1,-1,1,-1,-1,-1,-1,-1,1,-1,-1,1,-1,-1,-1,-1,-1,-1,-1,1,1,-1,1,-1,1,1,1,-1,1,-1,1,1,-1,-1,1,1,1,1,-1,-1,1,1,1,1,-1,1,-1,1,-1,1,-1,-1,-1,-1,1,1,1,-1,1,-1,1,1,1,1,1,-1,1,-1,1,-1,1,-1,-1,1,1,1,1,-1,1,1,-1,1,-1,1,1,1,-1,-1,-1,1,-1,-1,1,1,-1,-1,1,-1,1,1,1,1,-1,1,-1,1,-1,1,-1,-1,-1,1,-1,-1,-1,-1,-1,-1,1,-1,-1,1,-1,1,1,-1,1,-1,1,1,-201.46278419535594,1
141,1,1,-1,1,1,1,1,1,1,-1,-1,-1,-1,1,-1,-1,-1,1,-1,-1,1,1,1,-1,1,1,-1,-1,1,-1,-1,1,-1,1,1,-1,1,1,1,1,-1,-1,-1,-1,1,-1,1,-1,1,1,-1,-1,1,1,1,-1,1,-1,1,1,-1,-1,-1,1,-1,1,-1,1,-1,-1,1,-1,1,-1,1,-1,-1,1,1,-1,-1,1,-1,-1,-1,1,1,-1,1,-1,-1,-1,-1,-1,1,-1,-1,1,-1,-1,-1,-1,-1,-1,-1,1,-1,-1,1,-1,1,1,1,-1,1,-1,1,1,-1,-1,1,1,1,1,-1,-1,1,-1,1,1,-1,1,-1,1,-1,1,1,1,1,-1,1,-1,1,-1,1,-1,1,1,1,1,1,-1,1,-1,1,1,1,-1,-1,1,1,1,1,-1,1,1,-1,1,-1,1,1,1,-1,-1,-1,1,-1,-1,1,1,-1,-1,1,-1,1,1,1,1,-1,1,-1,1,-1,1,-1,-1,-1,1,-1,-1,-1,-1,-1,-1,-1,1,-1,1,-1,1,-1,1,-1,-1,1,1,-201.43727166423167,1
142,-1,1,-1,-1,-1,-1,1,1,1,-1,-1,-1,1,-1,-1,-1,1,1,1,1,-1,1,-1,-1,1,1,-1,-1,1,-1,-1,1,-1,1,1,-1,1,1,1,1,-1,-1,-1,-1,-1,-1,1,-1,1,1,-1,-1,1,1,1,-1,1,-1,1,1,-1,-1,-1,1,-1,1,-1,1,-1,-1,1,-1,1,-1,1,-1,-1,1,1,-1,-1,1,-1,-1,-1,1,1,-1,1,-1,-1,-1,-1,-1,1,-1,-1,1,-1,-1,-1,-1,-1,-1,-1,-1,-1,-1,1,-1,1,1,1,-1,1,-1,1,1,-1,-1,1,1,1,1,-1,-1,1,-1,1,1,-1,1,-1,1,-1,1,1,1,-1,-1,1,1,1,-1,1,-1,1,1,1,1,1,-1,1,-1,1,-1,1,-1,-1,1,1,1,1,-1,1,1,-1,1,-1,1,1,1,-1,-1,-1,1,-1,-1,1,1,-1,-1,1,-1,1,1,1,1,-1,1,-1,1,-1,1,-1,-1,-1,-1,-1,-1,-1,-1,-1,-1,1,-1,-1,1,-1,1,-1,-1,1,-1,1,1,-201.43375282044957,1
143,-1,1,-1,-1,-1,-1,1,1,1,-1,-1,1,-1,1,-1,-1,1,1,1,1,-1,1,-1,-1,1,1,-1,-1,1,-1,-1,1,-1,1,1,-1,1,1,1,1,-1,-1,-1,-1,-1,-1,1,-1,1,1,-1,-1,1,1,1,-1,1,-1,1,1,-1,-1,-1,1,-1,1,-1,1,-1,-1,1,-1,1,-1,1,-1,-1,1,1,-1,-1,1,-1,-1,-1,1,1,-1,1,-1,1,-1,1,-1,1,-1,-1,1,-1,-1,-1,-1,-1,-1,-1,1,-1,-1,1,-1,1,1,1,-1,1,-1,1,1,-1,-1,1,1,1,1,-1,-1,1,-1,1,1,-1,1,-1,1,-1,1,1,1,-1,-1,1,1,1,-1,1,-1,1,1,1,1,1,-1,-1,-1,1,-1,1,-1,-1,1,1,1,1,-1,1,1,-1,1,-1,1,1,1,-1,-1,-1,1,-1,-1,1,1,-1,-1,1,-1,1,1,1,1,-1,1,-1,1,-1,1,-1,-1,-1,-1,-1,-1,-1,-1,-1,-1,1,-1,1,-1,1,-1,-1,-1,1,1,-1,-1,-201.4325157415778,1
144,-1,1,-1,1,1,1,-1,1,1,-1,-1,-1,1,-1,-1,-1,1,1,1,1,-1,1,-1,-1,1,1,-1,-1,1,-1,-1,1,-1,-1,1,-1,1,1,1,1,-1,-1,1,1,1,-1,1,-1,1,1,-1,-1,1,1,1,-1,1,-1,-1,1,-1,-1,-1,1,-1,1,-1,1,-1,-1,1,-1,1,-1,1,-1,-1,1,1,-1,-1,1,-1,-1,-1,1,1,-1,1,-1,-1,-1,1,-1,1,-1,-1,1,-1,-1,-1,-1,-1,-1,1,1,1,-1,1,-1,1,1,1,-1,1,-1,1,1,-1,-1,1,1,1,-1,-1,-1,1,-1,-1,1,-1,1,-1,1,-1,1,1,1,-1,1,1,1,1,-1,1,-1,1,1,1,1,1,-1,-1,-1,1,-1,1,-1,-1,1,1,1,1,-1,1,1,1,-1,-1,1,1,1,-1,-1,-1,1,-1,-1,1,1,-1,-1,1,-1,1,1,1,1,-1,1,-1,1,-1,1,-1,-1,-1,-1,-1,-1,-1,-1,-1,-1,-1,1,1,1,1,-1,-1,1,-1,-1,1,1,-201.40236812265573,1
145,-1,1,-1,1,1,1,1,1,1,-1,-1,-1,-1,1,-1,-1,-1,1,-1,-1,1,1,1,-1,1,1,-1,-1,1,-1,-1,1,-1,1,1,-1,1,1,1,1,-1,-1,-1,-1,-1,-1,1,-1,1,1,-1,-1,1,1,1,-1,1,-1,1,1,-1,-1,-1,1,-1,1,-1,1,-1,-1,1,-1,1,-1,1,-1,-1,1,1,-1,-1,1,-1,-1,-1,1,1,-1,1,-1,-1,-1,-1,-1,1,-1,-1,1,-1,-1,-1,-1,-1,-1,-1,1,1,-1,1,-1,1,1,1,-1,1,-1,1,1,-1,-1,1,1,1,1,-1,-1,1,-1,1,1,-1,1,-1,1,-1,1,1,1,1,-1,1,-1,1,-1,1,-1,1,1,1,1,1,-1,-1,-1,1,-1,1,-1,-1,1,1,1,1,-1,1,1,-1,1,-1,1,1,1,-1,-1,-1,1,-1,-1,1,1,-1,-1,1,-1,1,1,1,1,-1,1,-1,1,-1,1,-1,-1,-1,1,-1,-1,-1,-1,-1,-1,-1,1,-1,1,-1,1,1,-1,1,-1,1,1,-201.38684139894866,1
146,-1,1,-1,-1,-1,1,1,1,1,-1,-1,-1,-1,1,-1,-1,1,1,1,1,-1,1,-1,-1,1,1,-1,-1,1,-1,-1,1,-1,1,1,-1,1,1,1,1,-1,-1,1,1,1,-1,1,-1,1,1,-1,-1,1,1,1,-1,1,-1,-1,1,-1,-1,-1,1,-1,1,-1,1,-1,-1,1,-1,1,-1,1,-1,-1,1,1,-1,-1,1,-1,-1,-1,1,1,-1,1,-1,1,-1,-1,-1,1,-1,-1,1,-1,-1,-1,-1,-1,-1,1,1,-1,-1,1,-1,1,1,1,-1,1,-1,1,1,-1,-1,1,1,1,1,-1,-1,1,-1,1,1,-1,1,-1,1,-1,1,1,1,-1,1,1,1,1,-1,1,-1,1,1,1,1,1,-1,1,-1,1,-1,1,-1,-1,1,1,1,1,-1,1,1,1,-1,-1,1,1,1,-1,-1,-1,1,-1,-1,1,1,-1,-1,1,-1,1,1,1,1,-1,1,-1,1,-1,1,-1,-1,-1,-1,-1,-1,-1,-1,-1,-1,-1,1,-1,1,-1,1,-1,1,-1,-1,1,1,-201.37144743331055,1
147,-1,1,-1,-1,-1,-1,1,1,1,-1,-1,1,-1,1,-1,-1,1,1,1,1,-1,1,-1,-1,1,1,-1,-1,1,-1,1,-1,-1,1,1,-1,1,1,1,1,-1,-1,-1,-1,-1,-1,1,-1,1,1,-1,-1,1,1,1,-1,1,1,1,-1,-1,-1,-1,1,1,1,1,-1,-1,-1,1,-1,1,-1,-1,-1,-1,-1,1,-1,-1,1,-1,-1,-1,1,1,-1,1,-1,1,-1,1,-1,1,-1,-1,1,-1,-1,-1,-1,-1,-1,-1,1,1,-1,1,-1,1,1,1,-1,1,-1,1,1,-1,-1,1,1,1,1,-1,-1,1,1,1,1,-1,1,-1,1,-1,1,-1,-1,-1,-1,1,1,1,1,1,-1,1,1,1,1,1,-1,-1,-1,1,-1,1,-1,-1,1,1,1,1,-1,1,1,-1,1,-1,1,1,1,-1,-1,-1,1,-1,-1,1,1,-1,-1,1,-1,1,1,1,1,-1,1,-1,1,-1,1,-1,-1,1,-1,-1,-1,-1,-1,1,1,1,-1,1,-1,1,-1,-1,-1,1,1,-1,-1,-201.3403190900432,1
148,-1,1,-1,1,1,1,1,1,1,-1,-1,-1,-1,1,-1,1,1,1,1,1,-1,1,-1,-1,1,1,-1,-1,1,-1,-1,1,-1,1,1,-1,1,1,1,1,-1,-1,1,1,1,-1,1,-1,1,1,-1,-1,1,1,1,-1,1,-1,-1,1,-1,-1,-1,1,-1,1,-1,1,-1,-1,1,-1,1,-1,1,-1,-1,1,1,-1,1,1,-1,-1,-1,1,1,-1,1,-1,-1,-1,-1,-1,1,-1,-1,1,-1,-1,-1,-1,-1,-1,1,1,-1,1,1,-1,1,1,1,-1,1,-1,1,1,-1,-1,1,1,1,1,-1,-1,1,-1,1,1,-1,1,-1,1,-1,1,1,1,-1,1,1,1,1,-1,1,-1,1,1,1,1,1,-1,1,-1,1,-1,1,-1,-1,1,1,1,1,-1,1,1,1,-1,-1,1,1,1,-1,-1,-1,1,-1,-1,1,1,-1,-1,1,-1,1,1,1,-1,1,1,-1,1,-1,1,-1,-1,-1,1,-1,-1,1,-1,-1,-1,1,-1,-1,1,-1,1,-1,1,-1,-1,1,1,-201.31940708563548,1
149,-1,1,-1,-1,-1,-1,1,1,1,-1,-1,-1,1,-1,-1,-1,1,1,1,1,-1,1,-1,-1,1,1,-1,-1,1,-1,-1,1,-1,-1,1,-1,1,1,1,1,-1,-1,-1,-1,-1,-1,1,-1,1,1,-1,-1,1,1,1,-1,1,-1,-1,1,-1,-1,-1,1,-1,1,-1,1,-1,-1,1,-1,1,-1,1,-1,-1,1,1,-1,1,1,-1,-1,-1,1,1,-1,1,-1,1,-1,-1,-1,1,-1,-1,1,-1,-1,-1,-1,-1,-1,-1,1,1,-1,1,-1,1,1,1,-1,1,-1,1,1,-1,-1,1,1,1,-1,-1,-1,1,-1,1,1,-1,1,-1,1,-1,1,1,1,-1,1,1,1,1,-1,1,-1,1,1,1,1,1,-1,-1,-1,1,-1,1,-1,-1,1,1,1,1,-1,1,1,-1,1,-1,1,1,1,-1,-1,-1,1,-1,-1,1,1,-1,-1,1,-1,1,1,1,-1,-1,1,-1,1,-1,1,-1,-1,-1,1,-1,-1,1,-1,-1,-1,1,-1,-1,1,-1,1,-1,1,-1,-1,1,1,-201.29567909117677,1
150,-1,1,-1,1,1,1,1,1,1,-1,-1,-1,-1,1,-1,-1,1,1,1,1,-1,1,-1,-1,1,1,-1,-1,1,-1,-1,1,-1,1,1,-1,1,1,1,1,-1,-1,-1,-1,-1,-1,1,-1,1,1,-1,-1,1,1,1,-1,1,1,1,-1,-1,-1,-1,1,1,1,-1,1,-1,-1,1,-1,1,-1,-1,-1,-1,-1,1,-1,-1,1,-1,-1,-1,1,1,-1,1,-1,1,-1,1,-1,1,-1,-1,1,-1,-1,-1,-1,-1,-1,-1,-1,-1,-1,1,-1,1,1,1,-1,1,-1,1,1,-1,-1,1,1,1,1,-1,-1,1,1,1,1,-1,1,-1,1,-1,1,-1,-1,-1,-1,1,1,1,-1,1,-1,1,1,1,1,1,-1,1,-1,1,-1,1,-1,-1,1,1,1,1,-1,1,1,-1,1,-1,1,1,1,-1,-1,-1,1,-1,-1,1,1,-1,-1,1,-1,1,1,1,1,-1,1,-1,1,-1,1,-1,-1,1,-1,-1,-1,-1,-1,1,1,1,-1,1,1,1,-1,-1,1,-1,-1,1,1,-201.28658870463428,1
151,-1,1,-1,-1,-1,1,1,1,1,-1,-1,-1,-1,1,-1,-1,1,1,1,1,-1,1,-1,-1,1,1,-1,-1,1,-1,-1,1,-1,1,1,-1,1,1,1,1,-1,-1,-1,-1,1,-1,1,-1,1,1,-1,-1,1,1,1,-1,1,1,1,1,-1,-1,-1,1,1,1,-1,1,-1,-1,1,-1,1,-1,1,-1,-1,1,1,-1,-1,1,-1,-1,-1,1,1,-1,1,-1,1,-1,1,-1,1,-1,-1,1,-1,-1,-1,-1,-1,-1,-1,1,1,-1,1,-1,1,1,1,-1,1,-1,1,1,-1,-1,1,1,1,1,-1,-1,1,1,1,1,-1,1,-1,1,-1,1,-1,1,-1,-1,1,1,1,-1,1,-1,1,1,1,1,1,-1,-1,-1,1,-1,1,-1,-1,1,1,1,1,-1,1,1,-1,1,-1,1,1,1,-1,-1,-1,1,-1,-1,1,1,-1,-1,1,-1,1,1,1,1,-1,1,-1,1,-1,1,-1,-1,-1,-1,-1,-1,-1,-1,-1,-1,-1,1,1,1,-1,1,-1,1,-1,-1,1,1,-201.26095568288582,1
152,-1,1,-1,1,1,1,-1,1,1,-1,-1,-1,1,-1,-1,-1,1,1,1,1,-1,1,-1,-1,1,1,-1,-1,1,-1,-1,1,-1,-1,1,-1,1,1,1,1,-1,-1,-1,-1,-1,-1,1,-1,1,1,-1,-1,1,1,1,-1,1,-1,-1,1,-1,-1,-1,1,-1,1,-1,1,-1,-1,1,-1,1,-1,1,-1,-1,1,1,-1,1,1,-1,-1,-1,1,1,-1,1,-1,-1,-1,-1,-1,1,-1,-1,1,-1,-1,-1,-1,-1,-1,1,1,-1,1,1,-1,1,1,1,-1,1,-1,1,1,-1,-1,1,1,1,-1,-1,-1,-1,-1,1,1,-1,1,-1,1,-1,1,1,1,-1,1,1,1,1,-1,1,-1,1,1,1,1,1,-1,1,-1,1,-1,1,-1,-1,1,1,1,1,-1,1,1,1,-1,-1,1,1,1,-1,-1,-1,1,-1,-1,1,1,-1,-1,1,-1,1,1,1,-1,1,1,-1,1,-1,1,-1,-1,-1,1,-1,-1,-1,-1,-1,-1,1,-1,-1,1,-1,1,1,1,-1,-1,1,1,-201.25119123655702,1
153,-1,1,-1,1,1,1,1,1,1,-1,-1,-1,-1,1,-1,-1,1,1,1,1,-1,1,-1,-1,1,1,-1,-1,1,-1,-1,1,-1,1,1,-1,1,1,1,1,-1,-1,-1,-1,-1,-1,1,-1,1,1,-1,-1,1,1,1,-1,1,-1,1,1,-1,-1,-1,1,-1,1,-1,1,-1,-1,1,-1,1,-1,1,-1,-1,1,1,-1,-1,1,-1,-1,-1,1,1,-1,1,-1,-1,-1,-1,-1,1,-1,-1,1,-1,-1,-1,-1,-1,-1,-1,-1,-1,-1,1,-1,1,1,1,-1,1,-1,1,1,-1,-1,1,1,1,1,-1,-1,1,-1,1,1,-1,1,-1,1,-1,1,1,1,-1,-1,1,1,1,-1,1,-1,1,1,1,1,1,-1,1,-1,1,-1,1,-1,-1,1,1,1,1,-1,1,1,-1,1,-1,1,1,1,-1,-1,-1,1,-1,-1,1,1,-1,-1,1,-1,1,1,1,1,-1,1,-1,1,-1,1,-1,-1,-1,1,-1,-1,1,-1,-1,-1,1,-1,-1,1,1,-1,-1,1,-1,-1,1,1,-201.2098860219536,1
154,-1,1,-1,-1,-1,-1,1,1,1,-1,-1,-1,-1,1,-1,-1,1,1,1,1,-1,1,-1,-1,1,1,-1,-1,1,-1,-1,1,-1,1,1,-1,1,1,1,1,-1,-1,-1,-1,-1,-1,1,-1,1,1,-1,-1,1,1,1,-1,1,1,1,-1,-1,-1,-1,1,1,1,-1,1,-1,-1,1,-1,1,-1,-1,-1,-1,-1,1,-1,-1,1,1,1,-1,1,-1,-1,1,-1,-1,-1,1,-1,1,-1,-1,1,-1,-1,-1,-1,-1,-1,-1,1,1,-1,1,-1,1,1,1,-1,1,-1,1,1,-1,-1,1,1,1,1,-1,-1,1,1,1,1,-1,1,-1,1,-1,1,-1,-1,-1,-1,1,1,1,-1,1,-1,1,1,1,1,1,-1,-1,-1,1,-1,1,-1,-1,1,1,1,1,-1,1,1,-1,1,-1,1,1,1,-1,-1,-1,1,-1,-1,1,1,-1,-1,1,-1,1,1,1,1,-1,1,1,-1,-1,1,-1,-1,1,-1,-1,-1,-1,-1,1,1,1,-1,1,1,1,-1,1,-1,1,1,-1,-1,-201.20510290820056,1
155,-1,1,-1,1,1,1,-1,1,1,-1,-1,-1,1,-1,-1,-1,1,1,1,1,-1,1,-1,-1,1,1,-1,-1,1,-1,-1,1,-1,1,1,-1,1,1,1,1,-1,-1,-1,-1,-1,-1,1,-1,1,1,-1,-1,1,1,1,-1,1,-1,1,1,-1,-1,-1,1,-1,1,-1,1,-1,-1,1,-1,1,-1,1,-1,-1,1,1,-1,-1,1,-1,-1,-1,1,1,-1,1,-1,1,-1,-1,-1,1,-1,-1,1,-1,-1,-1,-1,-1,-1,-1,1,-1,-1,1,-1,1,1,1,-1,1,-1,1,1,-1,-1,1,1,1,-1,-1,-1,-1,-1,1,1,-1,1,-1,1,-1,1,1,1,-1,-1,1,1,1,-1,1,-1,1,1,1,1,1,-1,1,-1,1,-1,1,-1,-1,1,1,1,1,-1,1,1,-1,1,-1,1,1,1,-1,-1,-1,1,-1,-1,1,1,-1,-1,1,-1,1,1,1,1,-1,1,-1,1,-1,1,-1,-1,-1,-1,-1,-1,-1,-1,-1,-1,-1,1,-1,1,-1,1,1,-1,1,-1,1,1,-201.15784395167577,1
156,-1,1,-1,-1,-1,-1,1,1,1,-1,-1,-1,1,-1,-1,-1,1,1,1,1,-1,1,-1,-1,1,1,-1,-1,1,-1,-1,1,-1,-1,1,-1,1,1,1,1,-1,-1,-1,-1,-1,-1,1,-1,1,1,-1,-1,1,1,1,-1,1,1,1,1,-1,-1,-1,1,1,1,-1,1,-1,-1,1,-1,1,-1,1,-1,-1,1,1,-1,-1,1,1,-1,-1,1,1,-1,1,-1,-1,-1,1,-1,1,-1,-1,1,-1,-1,-1,-1,-1,-1,-1,1,-1,-1,1,-1,1,1,1,-1,1,-1,1,1,-1,-1,1,1,1,-1,-1,-1,1,1,1,1,-1,1,-1,1,-1,1,-1,1,-1,-1,1,1,1,-1,1,-1,1,1,1,1,1,-1,1,-1,1,-1,1,-1,-1,1,1,1,1,-1,1,1,-1,1,-1,1,1,1,-1,-1,-1,1,-1,-1,1,1,-1,-1,1,-1,1,1,1,1,-1,1,-1,1,-1,1,-1,-1,-1,-1,-1,-1,-1,-1,-1,-1,1,-1,1,1,1,-1,-1,-1,1,-1,1,1,-201.1017835543434,1
157,-1,1,-1,1,1,1,1,1,1,-1,-1,-1,-1,1,-1,-1,1,1,1,1,-1,1,-1,-1,1,1,-1,-1,1,-1,-1,1,-1,1,1,-1,1,1,1,1,-1,-1,-1,1,1,-1,1,-1,1,1,-1,-1,1,1,1,-1,1,-1,-1,1,-1,-1,-1,1,-1,1,-1,1,-1,-1,1,-1,1,-1,1,-1,-1,1,1,-1,1,1,-1,-1,-1,1,1,-1,1,-1,1,-1,-1,-1,1,-1,-1,1,-1,-1,-1,-1,-1,-1,1,1,-1,1,1,-1,1,1,1,-1,1,-1,1,1,-1,-1,1,1,1,1,-1,-1,1,-1,1,1,-1,1,-1,1,-1,1,1,1,-1,1,1,1,1,-1,1,-1,1,1,1,1,1,-1,1,-1,1,1,1,-1,-1,1,1,1,1,-1,1,1,1,-1,-1,1,1,1,-1,1,-1,1,-1,-1,1,1,-1,-1,1,-1,1,1,1,-1,1,1,-1,1,-1,1,-1,-1,-1,1,-1,-1,-1,-1,-1,-1,-1,1,-1,1,-1,1,-1,1,-1,-1,1,1,-201.06812164342386,1
158,-1,1,-1,-1,-1,-1,1,1,1,-1,-1,-1,-1,1,-1,-1,1,1,1,1,-1,1,-1,-1,-1,1,-1,-1,1,-1,-1,1,-1,1,1,-1,1,1,1,1,-1,-1,-1,-1,-1,-1,1,-1,1,1,-1,-1,1,1,1,-1,1,-1,1,1,-1,-1,-1,1,-1,1,-1,1,-1,-1,1,-1,1,-1,1,-1,-1,1,1,-1,-1,1,-1,-1,-1,1,1,-1,1,-1,-1,-1,1,-1,1,-1,-1,1,-1,-1,-1,-1,-1,-1,-1,1,-1,-1,1,-1,1,1,1,-1,1,-1,1,1,-1,-1,1,1,1,1,-1,-1,1,-1,1,1,-1,1,-1,1,-1,1,1,1,-1,-1,1,1,1,-1,1,-1,1,1,1,1,1,-1,1,-1,1,-1,1,-1,-1,1,1,1,1,-1,1,1,-1,1,-1,1,1,1,-1,-1,-1,1,-1,-1,1,1,-1,-1,1,-1,1,1,1,1,-1,1,-1,1,-1,1,-1,-1,-1,-1,-1,-1,-1,-1,-1,-1,1,-1,1,1,1,-1,1,-1,1,-1,1,1,-201.0450145898005,1
159,-1,1,-1,-1,-1,-1,1,1,1,-1,-1,-1,1,-1,-1,1,1,1,1,1,-1,1,-1,-1,1,1,-1,-1,1,-1,-1,1,-1,-1,1,-1,1,1,1,1,-1,-1,-1,-1,-1,-1,1,-1,1,1,-1,-1,1,1,1,-1,1,-1,-1,1,-1,-1,-1,1,-1,1,-1,1,-1,-1,1,-1,1,-1,1,-1,-1,1,1,-1,1,1,-1,-1,-1,1,1,-1,1,-1,-1,-1,-1,-1,1,-1,-1,1,-1,-1,-1,-1,-1,-1,1,1,1,-1,1,-1,1,1,1,-1,1,-1,1,1,-1,-1,1,1,1,-1,-1,-1,1,-1,1,1,-1,1,-1,1,-1,1,1,1,-1,1,1,1,1,-1,1,-1,1,1,1,1,1,-1,-1,-1,1,-1,1,-1,-1,1,1,1,1,-1,1,1,1,-1,-1,1,1,1,-1,-1,-1,1,-1,-1,1,1,-1,-1,1,-1,1,1,1,-1,1,1,-1,1,-1,1,-1,-1,-1,1,-1,-1,-1,-1,-1,-1,1,-1,-1,1,-1,1,-1,1,-1,-1,1,1,-201.0326799283173,1
160,-1,1,-1,-1,-1,-1,1,1,1,-1,-1,1,-1,-1,-1,-1,-1,1,-1,-1,1,1,1,-1,1,1,-1,-1,1,-1,-1,-1,-1,-1,1,-1,1,1,1,1,-1,-1,-1,-1,-1,-1,1,-1,1,1,-1,-1,1,1,1,-1,1,1,1,-1,-1,-1,-1,1,1,1,-1,1,-1,-1,1,-1,1,-1,-1,-1,-1,-1,1,-1,1,1,1,1,-1,1,-1,-1,1,-1,1,-1,1,-1,1,-1,-1,1,-1,-1,-1,-1,-1,-1,-1,1,1,-1,1,-1,1,1,1,-1,1,-1,1,1,-1,-1,1,1,1,1,-1,-1,1,1,1,1,-1,1,-1,1,-1,1,-1,-1,1,-1,1,-1,1,-1,1,-1,1,1,1,1,1,-1,-1,-1,1,-1,1,-1,-1,1,1,1,1,-1,1,1,-1,1,-1,1,1,1,-1,-1,-1,1,-1,-1,1,1,-1,-1,1,-1,1,1,1,1,-1,1,1,-1,-1,1,-1,-1,1,-1,-1,1,1,-1,1,1,1,-1,1,-1,1,-1,-1,1,-1,1,-1,-1,-201.02422736876738,1
161,-1,1,-1,-1,-1,-1,1,1,1,-1,-1,-1,-1,1,-1,-1,1,1,1,1,-1,1,-1,-1,1,1,-1,-1,1,-1,-1,1,-1,1,1,-1,1,1,1,1,-1,-1,-1,-1,-1,-1,1,-1,1,1,-1,-1,1,1,1,-1,1,-1,-1,1,-1,-1,-1,1,-1,1,-1,1,-1,-1,1,-1,1,-1,1,-1,-1,1,1,-1,-1,1,-1,-1,-1,1,1,-1,1,-1,-1,-1,-1,-1,1,-1,-1,1,-1,-1,-1,-1,-1,-1,1,1,1,-1,1,-1,1,1,1,-1,1,-1,1,1,-1,-1,1,1,1,1,-1,-1,1,-1,1,1,-1,1,-1,1,-1,1,1,1,-1,1,1,1,1,-1,1,-1,1,1,1,1,1,-1,-1,-1,1,-1,1,-1,-1,1,1,1,1,-1,1,1,1,-1,-1,1,1,1,-1,-1,-1,1,-1,-1,1,1,-1,-1,1,-1,1,1,1,1,-1,1,-1,1,-1,1,-1,-1,-1,-1,-1,-1,-1,-1,-1,-1,1,-1,-1,1,-1,1,1,1,-1,-1,1,1,-201.00796625576848,1
162,-1,1,-1,1,1,1,1,1,1,-1,1,-1,-1,1,-1,-1,1,1,1,1,-1,1,1,-1,1,1,-1,-1,1,-1,-1,1,-1,1,1,-1,1,1,1,1,-1,-1,1,1,1,-1,1,-1,1,1,-1,-1,1,1,1,-1,1,-1,-1,1,-1,-1,-1,1,-1,1,-1,1,-1,-1,1,-1,1,-1,1,-1,-1,1,1,-1,1,1,-1,-1,-1,1,1,-1,1,-1,-1,-1,-1,-1,1,-1,-1,1,-1,-1,-1,-1,-1,-1,1,1,-1,1,1,-1,1,1,1,-1,1,-1,1,1,-1,-1,1,1,1,1,-1,-1,1,-1,1,1,-1,1,-1,1,-1,1,1,1,-1,1,1,1,1,-1,1,-1,1,1,1,1,1,-1,1,-1,1,-1,1,-1,-1,1,1,1,1,-1,1,1,1,-1,-1,1,1,-1,-1,-1,-1,1,-1,-1,1,1,-1,-1,1,-1,1,1,1,-1,1,1,-1,1,-1,1,-1,-1,-1,1,-1,-1,-1,-1,-1,-1,1,-1,-1,1,-1,1,-1,1,-1,-1,1,1,-200.97413468011882,1
163,-1,1,-1,1,1,1,1,1,1,-1,-1,-1,-1,-1,-1,-1,1,1,-1,-1,1,1,-1,-1,1,1,-1,-1,1,-1,-1,1,-1,1,1,-1,1,1,1,1,-1,-1,-1,-1,1,-1,1,-1,1,1,-1,-1,1,1,1,-1,1,-1,1,1,-1,-1,-1,1,-1,1,-1,1,-1,-1,1,-1,1,-1,1,-1,-1,1,1,-1,-1,1,-1,-1,-1,1,1,-1,1,-1,-1,-1,1,-1,1,-1,-1,1,-1,-1,-1,-1,-1,-1,-1,1,1,-1,1,-1,1,1,1,-1,1,-1,1,1,-1,-1,1,1,1,1,-1,-1,1,-1,1,1,-1,1,-1,1,-1,1,1,1,1,-1,1,1,1,-1,1,-1,1,1,1,1,1,-1,-1,-1,1,-1,1,-1,-1,1,1,1,1,-1,1,1,-1,1,-1,1,1,1,-1,-1,-1,1,-1,-1,1,1,-1,-1,1,-1,1,1,1,1,-1,1,-1,1,-1,1,-1,-1,-1,-1,-1,-1,-1,-1,-1,-1,-1,1,1,1,-1,1,-1,1,-1,-1,1,1,-200.91451346003652,1
164,-1,1,-1,-1,-1,-1,1,1,1,-1,-1,-1,-1,1,-1,-1,1,1,1,1,-1,1,-1,-1,1,1,-1,-1,1,-1,-1,1,-1,1,1,-1,1,1,1,1,-1,-1,-1,-1,-1,-1,1,-1,1,1,-1,-1,1,1,1,-1,1,1,1,-1,-1,-1,-1,1,1,1,-1,1,-1,-1,1,-1,1,-1,1,-1,-1,1,1,-1,-1,1,-1,-1,-1,1,1,-1,1,-1,1,-1,1,-1,1,-1,-1,1,-1,-1,-1,-1,-1,-1,-1,-1,-1,-1,1,-1,1,1,1,-1,1,-1,1,1,-1,-1,1,1,1,1,-1,-1,1,1,1,1,-1,1,-1,1,-1,1,-1,-1,-1,-1,1,1,1,-1,1,-1,1,1,1,1,1,-1,1,-1,1,1,1,-1,-1,1,1,1,1,-1,1,1,-1,1,-1,1,1,1,-1,-1,-1,1,-1,-1,1,1,-1,-1,1,-1,1,1,1,1,-1,1,-1,1,-1,1,-1,-1,-1,-1,-1,-1,-1,-1,1,1,1,-1,1,1,1,-1,-1,1,-1,-1,1,1,-200.8953481232326,1
165,-1,1,-1,1,1,1,1,1,1,-1,-1,-1,-1,-1,-1,-1,1,1,1,1,-1,1,-1,-1,1,1,-1,-1,1,-1,-1,1,-1,1,1,-1,1,1,1,1,-1,-1,1,1,1,-1,1,-1,1,1,-1,-1,1,1,1,-1,1,-1,-1,1,-1,-1,-1,1,-1,1,-1,1,-1,-1,1,-1,1,-1,1,-1,-1,1,1,-1,1,1,-1,-1,-1,1,1,-1,1,-1,1,-1,-1,-1,1,-1,-1,1,-1,-1,-1,-1,-1,-1,1,1,1,-1,1,-1,1,1,1,-1,1,-1,1,1,-1,-1,1,1,1,1,-1,-1,1,-1,1,1,-1,1,-1,1,-1,1,1,1,-1,1,1,1,1,-1,1,-1,1,1,1,1,1,-1,-1,-1,1,-1,1,-1,-1,1,1,1,1,-1,1,1,-1,-1,-1,1,1,1,-1,-1,-1,1,-1,-1,1,1,-1,-1,1,-1,1,1,1,-1,1,1,-1,1,-1,1,-1,-1,-1,1,-1,-1,-1,-1,-1,-1,-1,1,-1,1,-1,1,-1,1,-1,-1,1,1,-200.88530609922003,1
166,1,1,-1,1,1,1,1,1,1,-1,-1,-1,-1,1,-1,-1,-1,1,-1,-1,1,1,1,-1,1,1,-1,-1,1,-1,-1,1,-1,1,1,-1,1,1,1,1,-1,-1,-1,-1,1,-1,1,-1,1,1,-1,-1,1,1,1,-1,1,-1,1,1,-1,-1,-1,1,-1,1,-1,1,-1,-1,1,-1,1,-1,1,-1,-1,1,1,-1,-1,1,-1,-1,-1,1,1,-1,1,-1,1,-1,-1,-1,1,-1,-1,1,-1,-1,-1,-1,-1,-1,-1,1,-1,-1,1,-1,1,1,1,-1,1,-1,-1,1,-1,-1,1,1,1,1,-1,-1,1,-1,1,1,-1,1,-1,1,-1,1,1,1,1,-1,1,-1,1,-1,1,-1,1,1,1,1,1,-1,1,-1,1,-1,1,-1,-1,1,1,1,1,-1,1,1,-1,1,-1,1,1,1,-1,-1,-1,1,-1,-1,1,1,-1,-1,1,-1,1,1,1,1,-1,1,-1,1,-1,1,-1,-1,-1,1,-1,-1,-1,-1,-1,-1,-1,1,-1,1,-1,1,-1,1,-1,-1,1,1,-200.85038308495234,1
167,-1,1,-1,1,1,1,1,1,1,-1,-1,-1,-1,1,-1,-1,1,1,1,1,-1,1,-1,-1,1,1,-1,-1,1,-1,-1,-1,-1,1,1,-1,1,1,1,1,-1,-1,-1,-1,-1,-1,1,-1,1,1,-1,-1,1,1,1,-1,1,1,1,-1,-1,-1,-1,1,1,1,-1,1,-1,-1,1,-1,1,-1,-1,-1,-1,-1,1,-1,-1,1,-1,-1,-1,1,1,-1,1,-1,1,-1,1,-1,1,-1,-1,1,-1,-1,-1,-1,-1,-1,-1,-1,-1,-1,1,-1,1,1,1,-1,1,-1,1,1,-1,-1,1,1,1,1,-1,-1,1,1,1,1,-1,1,-1,1,-1,1,-1,1,-1,-1,1,1,1,-1,1,-1,1,1,1,1,1,-1,1,-1,1,1,1,-1,-1,1,1,1,1,-1,1,1,-1,1,-1,1,1,1,-1,-1,-1,1,-1,-1,1,1,-1,-1,1,-1,1,1,1,1,-1,1,-1,1,-1,1,-1,-1,1,-1,-1,1,-1,-1,1,1,1,-1,1,1,1,-1,1,-1,1,-1,1,1,-200.827924846857,1
168,1,1,-1,1,1,1,1,1,1,-1,-1,-1,1,-1,-1,-1,-1,1,-1,-1,1,1,1,-1,1,1,-1,-1,1,-1,-1,1,-1,1,1,-1,1,1,1,1,-1,-1,-1,-1,-1,-1,1,-1,1,1,-1,-1,1,1,1,-1,1,-1,1,1,-1,-1,-1,1,-1,1,-1,1,-1,-1,1,-1,1,-1,1,-1,-1,1,1,-1,-1,1,-1,-1,-1,1,1,-1,1,-1,-1,-1,-1,-1,1,-1,-1,1,-1,-1,-1,-1,-1,-1,-1,1,-1,-1,1,-1,1,1,1,-1,1,-1,1,1,-1,-1,1,1,1,1,-1,-1,1,-1,1,1,-1,1,-1,1,-1,1,1,1,1,-1,1,-1,1,-1,1,-1,1,1,1,1,1,-1,1,-1,1,1,1,-1,-1,1,1,1,1,-1,1,1,-1,1,-1,1,1,1,-1,-1,-1,1,-1,-1,1,1,-1,-1,1,-1,1,1,1,1,-1,1,-1,1,-1,1,-1,-1,-1,-1,-1,-1,-1,-1,-1,-1,1,-1,-1,1,-1,1,1,-1,1,-1,1,1,-200.82434996752926,1
169,-1,1,-1,-1,-1,-1,1,1,1,-1,-1,1,-1,1,-1,-1,1,1,1,1,-1,1,-1,-1,1,1,-1,-1,1,-1,1,-1,-1,1,1,-1,1,1,1,1,-1,-1,-1,-1,-1,-1,1,-1,1,1,-1,-1,1,1,1,-1,1,1,1,-1,-1,-1,-1,1,1,1,-1,1,-1,-1,1,-1,1,-1,-1,-1,-1,-1,1,-1,-1,1,-1,-1,-1,1,1,-1,1,-1,-1,-1,1,-1,1,-1,-1,1,-1,-1,-1,-1,-1,-1,-1,1,1,-1,1,-1,1,1,1,-1,1,-1,1,1,-1,-1,1,1,1,1,-1,-1,1,1,-1,1,-1,1,-1,1,-1,1,-1,1,-1,-1,1,1,1,-1,1,-1,1,1,1,1,1,-1,-1,-1,1,-1,1,-1,-1,1,1,1,1,-1,1,1,-1,1,-1,1,1,1,-1,-1,-1,1,-1,-1,1,1,-1,-1,1,-1,1,1,1,1,-1,1,-1,1,-1,1,-1,-1,1,-1,-1,-1,-1,-1,1,1,1,-1,1,-1,1,-1,-1,-1,1,1,-1,-1,-200.75751632652808,1
170,-1,1,-1,1,1,1,-1,1,1,-1,-1,-1,1,-1,-1,-1,1,1,1,1,-1,1,-1,-1,1,1,-1,-1,1,-1,-1,1,-1,1,1,-1,1,1,1,1,-1,-1,-1,-1,-1,-1,1,-1,1,1,-1,-1,1,1,1,-1,1,-1,1,1,-1,-1,-1,1,-1,1,-1,1,-1,-1,1,-1,1,-1,1,-1,-1,1,1,-1,-1,1,-1,-1,-1,1,1,-1,1,-1,-1,-1,1,-1,1,-1,-1,1,-1,-1,-1,-1,-1,-1,-1,1,-1,-1,1,-1,1,1,1,-1,1,-1,1,1,-1,-1,1,1,1,-1,-1,-1,1,-1,1,1,-1,1,-1,1,-1,1,1,1,-1,-1,1,1,1,-1,1,-1,1,1,1,1,1,-1,1,-1,1,1,1,-1,-1,1,1,1,1,-1,1,1,-1,1,-1,1,1,1,-1,-1,-1,1,-1,-1,1,1,-1,-1,1,-1,1,1,1,1,-1,1,-1,1,-1,1,-1,-1,-1,-1,-1,-1,-1,-1,1,1,1,-1,1,1,1,-1,-1,1,-1,-1,1,1,-200.74979149015357,1
171,-1,1,-1,1,1,1,1,1,1,-1,-1,-1,-1,1,-1,-1,1,1,1,1,-1,1,-1,-1,1,1,-1,-1,1,-1,-1,1,-1,1,1,-1,1,1,1,1,-1,-1,-1,-1,-1,-1,1,-1,1,1,-1,-1,1,1,1,-1,1,-1,1,1,-1,-1,-1,1,-1,1,-1,1,-1,-1,1,-1,1,-1,1,-1,-1,1,1,-1,-1,1,-1,-1,-1,1,1,-1,1,-1,1,-1,-1,-1,1,-1,-1,1,-1,-1,-1,-1,-1,-1,-1,1,1,-1,1,-1,1,1,1,-1,1,-1,1,1,-1,-1,1,1,1,1,-1,-1,1,-1,-1,1,-1,1,-1,1,-1,1,1,1,-1,-1,1,1,1,-1,1,-1,1,1,1,1,1,-1,-1,-1,1,-1,1,-1,-1,1,1,1,1,-1,1,1,-1,1,-1,1,1,1,-1,1,-1,1,-1,-1,1,1,-1,-1,1,-1,1,1,1,1,-1,1,-1,1,-1,1,-1,-1,-1,-1,-1,-1,1,-1,-1,-1,1,-1,-1,1,-1,1,1,-1,1,-1,1,1,-200.72898860514204,1
172,-1,1,-1,-1,-1,-1,-1,-1,-1,1,1,1,-1,1,-1,1,1,1,1,1,-1,1,-1,-1,1,-1,1,-1,-1,1,-1,1,1,-1,1,1,-1,-1,-1,1,1,1,1,-1,-1,1,-1,-1,1,-1,1,-1,-1,1,-1,1,-1,1,1,-1,1,1,1,-1,-1,-1,1,-1,1,1,-1,1,-1,1,-1,1,1,-1,1,-1,-1,1,-1,1,1,-1,-1,1,-1,1,1,1,1,-1,-1,1,-1,-1,1,1,1,1,1,1,-1,1,1,-1,1,1,1,1,1,-1,1,-1,1,1,-1,-1,1,1,1,-1,1,1,1,1,-1,-1,1,-1,1,-1,1,-1,1,1,-1,1,-1,1,1,1,-1,1,-1,-1,-1,-1,-1,1,-1,1,-1,-1,-1,1,1,-1,-1,-1,-1,1,-1,-1,-1,1,1,-1,-1,-1,1,1,1,-1,1,-1,-1,-1,-1,-1,1,1,-1,-1,1,1,-1,-1,1,-1,1,-1,1,1,1,-1,1,1,-1,1,1,1,1,-1,1,-1,1,-1,-1,1,-1,1,-1,-1,-200.6837429143155,3
173,-1,1,-1,1,1,1,1,1,1,-1,-1,-1,-1,-1,-1,-1,1,1,1,1,-1,1,-1,-1,1,1,-1,-1,1,-1,-1,1,-1,1,1,-1,1,1,1,1,-1,-1,-1,-1,-1,-1,1,-1,1,1,-1,-1,1,1,1,-1,1,-1,-1,1,-1,-1,-1,1,-1,1,-1,1,-1,-1,1,-1,1,-1,1,-1,-1,1,1,-1,-1,1,-1,-1,-1,1,1,-1,1,-1,1,-1,1,-1,1,-1,-1,1,-1,-1,-1,-1,-1,-1,1,-1,-1,-1,1,-1,1,1,1,-1,1,-1,-1,1,-1,-1,1,1,1,1,-1,-1,1,-1,1,1,-1,1,-1,1,-1,1,1,1,-1,1,1,1,1,-1,1,-1,1,1,1,1,1,-1,1,-1,1,-1,1,-1,-1,1,1,1,1,-1,1,1,1,-1,-1,1,1,1,-1,-1,-1,1,-1,-1,1,1,-1,-1,1,-1,1,1,1,1,-1,1,-1,1,-1,1,-1,-1,-1,-1,-1,-1,-1,-1,-1,-1,1,-1,1,1,1,-1,-1,1,-1,-1,1,1,-200.64862215100106,1
174,-1,1,-1,1,1,1,-1,1,1,-1,-1,-1,1,-1,-1,-1,1,1,1,1,-1,1,-1,-1,1,1,-1,-1,1,-1,-1,1,-1,-1,1,-1,1,1,1,1,-1,-1,-1,-1,-1,-1,1,-1,1,1,-1,-1,1,1,1,-1,1,-1,1,1,-1,-1,-1,1,-1,1,-1,1,-1,-1,1,-1,1,-1,1,-1,-1,1,1,-1,1,1,-1,-1,-1,1,1,-1,1,-1,1,-1,-1,-1,1,-1,-1,1,-1,-1,-1,-1,-1,-1,-1,1,1,-1,1,-1,-1,1,1,-1,1,-1,1,1,-1,-1,1,1,1,-1,-1,-1,1,-1,1,1,-1,1,-1,1,-1,1,1,1,-1,-1,1,1,1,-1,1,-1,1,1,1,1,1,-1,-1,-1,1,-1,1,-1,-1,1,1,1,1,-1,1,1,-1,1,-1,1,1,1,-1,-1,-1,1,-1,-1,1,1,-1,-1,1,-1,1,1,1,-1,-1,1,-1,1,-1,1,-1,-1,-1,1,-1,-1,-1,-1,-1,-1,1,-1,-1,1,-1,1,1,1,-1,-1,1,1,-200.639703836242,1
175,-1,1,-1,1,1,1,1,1,1,-1,-1,-1,-1,-1,-1,-1,1,1,-1,-1,1,1,-1,-1,1,1,-1,-1,1,-1,-1,1,-1,1,1,-1,1,1,1,1,-1,-1,-1,-1,-1,-1,1,-1,1,1,-1,-1,1,1,1,-1,1,-1,1,1,-1,-1,-1,1,-1,1,-1,1,-1,-1,1,-1,1,-1,1,-1,-1,1,1,-1,-1,1,-1,-1,-1,1,1,-1,1,-1,-1,-1,-1,-1,1,-1,-1,1,-1,-1,-1,-1,-1,-1,-1,1,1,-1,1,-1,1,1,1,-1,1,-1,1,1,-1,-1,1,1,1,1,-1,-1,1,-1,1,1,-1,1,-1,1,-1,1,1,1,1,-1,1,1,1,-1,1,-1,1,1,1,1,1,-1,-1,-1,1,-1,1,-1,-1,1,1,1,1,-1,1,1,-1,1,-1,1,1,1,-1,-1,-1,1,-1,-1,1,1,-1,-1,1,-1,1,1,1,1,-1,1,-1,1,-1,1,-1,-1,-1,-1,-1,-1,-1,-1,-1,-1,-1,1,-1,1,-1,1,-1,-1,1,-1,1,1,-200.61966651471693,1
176,-1,1,-1,-1,-1,-1,-1,-1,-1,1,1,1,-1,1,-1,1,1,1,1,1,-1,1,-1,-1,1,-1,1,-1,-1,1,-1,1,1,-1,1,1,-1,-1,-1,1,1,1,1,-1,-1,1,-1,-1,1,-1,1,-1,-1,1,-1,1,-1,1,1,-1,1,1,1,-1,-1,-1,1,-1,1,1,-1,1,-1,1,-1,1,1,-1,1,-1,-1,1,-1,1,1,-1,-1,1,-1,1,1,1,1,-1,-1,1,-1,-1,1,1,1,1,1,1,-1,1,1,-1,1,1,1,1,1,-1,1,-1,1,1,-1,-1,1,1,1,-1,1,1,1,1,-1,-1,1,-1,1,-1,1,-1,1,1,-1,1,-1,1,1,1,-1,1,-1,-1,-1,-1,-1,1,-1,1,-1,1,-1,1,1,-1,-1,-1,-1,1,-1,-1,-1,1,1,-1,-1,-1,1,1,1,-1,1,-1,-1,-1,-1,-1,1,1,-1,-1,1,1,-1,-1,1,-1,1,-1,1,1,1,-1,1,1,-1,1,1,1,1,-1,1,-1,1,-1,-1,1,-1,1,-1,-1,-200.61644043442632,1
177,-1,1,-1,-1,-1,-1,-1,-1,-1,1,1,1,-1,1,-1,1,1,1,1,1,-1,1,-1,-1,1,-1,1,-1,-1,1,-1,1,1,-1,1,1,-1,-1,-1,1,1,1,1,-1,-1,1,-1,-1,1,-1,1,-1,-1,1,-1,1,-1,1,1,-1,1,1,1,-1,-1,-1,1,-1,1,1,-1,1,-1,1,-1,1,1,-1,1,-1,-1,1,-1,1,1,-1,-1,1,-1,1,1,1,1,-1,-1,1,-1,-1,1,1,1,1,1,1,-1,1,1,-1,1,1,1,1,1,-1,1,-1,1,1,-1,-1,1,1,1,-1,1,1,1,1,-1,-1,1,-1,1,-1,1,-1,1,-1,-1,1,-1,1,1,1,-1,1,-1,-1,-1,-1,-1,1,-1,1,-1,-1,-1,1,1,-1,-1,-1,-1,1,-1,-1,-1,1,1,-1,-1,-1,1,1,1,-1,1,-1,-1,-1,-1,-1,1,1,-1,-1,1,1,-1,-1,1,-1,1,-1,1,1,1,-1,1,1,-1,1,1,1,1,-1,1,-1,1,-1,-1,1,-1,1,-1,-1,-200.60718959509384,3
178,-1,1,-1,-1,-1,-1,-1,-1,-1,1,1,1,-1,1,-1,1,1,1,1,1,-1,1,-1,-1,1,-1,1,-1,-1,1,-1,1,1,-1,1,1,-1,-1,-1,1,1,1,1,-1,-1,1,-1,-1,1,-1,1,-1,-1,1,-1,1,-1,1,1,-1,1,1,1,-1,-1,-1,1,-1,1,1,-1,1,-1,1,-1,1,1,-1,1,-1,1,1,-1,1,1,-1,-1,1,-1,1,1,1,1,-1,-1,1,-1,-1,1,1,1,1,1,1,-1,1,1,-1,1,1,1,1,1,-1,1,-1,1,1,-1,-1,1,1,1,-1,1,1,1,1,-1,-1,1,-1,1,-1,1,-1,1,1,-1,1,-1,1,1,1,-1,1,-1,-1,-1,-1,-1,1,-1,1,-1,-1,-1,1,1,-1,-1,-1,-1,1,-1,-1,-1,1,1,-1,-1,-1,1,1,1,-1,1,-1,-1,-1,-1,-1,1,1,-1,-1,1,1,-1,-1,1,-1,1,-1,1,1,1,-1,1,1,-1,1,1,1,1,-1,1,-1,1,-1,-1,1,-1,1,-1,-1,-200.58850167041123,1
179,-1,1,-1,-1,-1,-1,-1,-1,-1,1,1,1,-1,1,-1,1,1,1,1,1,-1,1,-1,-1,-1,-1,1,-1,-1,1,-1,1,1,-1,1,1,-1,-1,-1,1,1,1,1,-1,-1,1,-1,-1,1,-1,1,-1,-1,1,-1,1,-1,1,1,-1,1,1,1,-1,-1,-1,1,-1,1,1,-1,1,-1,1,-1,1,1,-1,1,-1,-1,1,-1,1,1,-1,-1,1,-1,1,1,1,1,-1,-1,1,-1,-1,1,1,1,1,1,1,-1,1,1,-1,1,1,1,1,1,-1,1,-1,1,1,-1,-1,1,1,1,-1,1,1,1,1,-1,-1,1,-1,1,-1,1,-1,1,1,-1,1,-1,1,1,1,-1,1,-1,-1,-1,-1,-1,1,-1,1,-1,1,-1,1,1,-1,-1,-1,-1,1,-1,-1,-1,1,1,-1,-1,-1,1,1,1,-1,1,-1,-1,-1,-1,-1,1,1,-1,-1,1,1,-1,-1,1,-1,1,-1,1,1,1,-1,1,1,-1,1,1,1,1,-1,1,-1,1,-1,-1,1,-1,1,-1,-1,-200.57999680980666,1
180,-1,1,-1,-1,-1,-1,-1,-1,-1,1,1,1,-1,1,-1,1,1,1,1,1,-1,1,-1,-1,-1,-1,1,-1,-1,1,-1,1,1,-1,1,1,-1,-1,-1,1,1,1,1,-1,-1,1,-1,-1,1,-1,1,-1,-1,1,-1,1,-1,1,1,-1,1,1,1,-1,-1,-1,1,-1,1,1,-1,1,-1,1,-1,1,1,-1,1,-1,-1,1,-1,1,1,-1,-1,1,-1,1,1,1,1,-1,-1,1,-1,-1,1,1,1,1,1,1,-1,1,1,-1,1,1,1,1,1,-1,1,-1,1,1,-1,-1,1,1,1,-1,1,1,1,1,-1,-1,1,-1,1,-1,1,-1,1,-1,-1,1,-1,1,1,1,-1,1,-1,-1,-1,-1,-1,1,-1,1,-1,-1,-1,1,1,-1,-1,-1,-1,1,-1,-1,-1,1,1,-1,-1,-1,1,1,1,-1,1,-1,-1,-1,-1,-1,1,1,-1,-1,1,1,-1,-1,1,-1,1,-1,1,1,1,-1,1,1,-1,1,1,1,1,-1,1,-1,1,-1,-1,1,-1,1,-1,-1,-200.57074597047415,2
181,-1,1,-1,1,1,1,1,1,1,-1,-1,-1,-1,1,-1,-1,1,1,1,1,-1,1,-1,-1,1,1,-1,-1,1,-1,1,-1,-1,1,1,-1,1,1,1,1,-1,-1,-1,-1,-1,-1,1,-1,1,1,-1,-1,1,1,1,-1,1,1,1,1,-1,-1,-1,1,1,1,1,-1,-1,1,1,-1,1,-1,1,-1,-1,1,1,-1,1,1,-1,-1,-1,1,1,-1,1,-1,1,1,-1,-1,1,-1,-1,1,-1,-1,-1,-1,-1,-1,1,1,-1,1,1,-1,1,1,1,-1,1,-1,1,1,-1,-1,1,1,1,1,-1,-1,1,1,1,1,-1,1,-1,1,-1,1,-1,-1,-1,-1,1,1,1,1,1,-1,1,1,1,1,1,-1,1,-1,1,-1,1,-1,-1,1,1,1,1,-1,1,1,-1,-1,-1,1,1,1,-1,-1,-1,1,-1,-1,1,1,-1,-1,1,-1,1,1,1,-1,1,1,-1,1,-1,1,-1,-1,-1,1,-1,-1,-1,-1,-1,-1,-1,1,-1,1,-1,1,-1,1,-1,-1,1,1,-200.54461559372695,1
182,-1,1,-1,-1,-1,-1,-1,-1,-1,1,1,1,-1,1,-1,1,1,1,1,1,-1,1,-1,-1,1,-1,1,-1,-1,1,-1,1,1,-1,1,1,-1,-1,-1,1,1,1,1,-1,-1,1,-1,-1,1,-1,1,-1,-1,1,-1,1,-1,1,1,-1,1,1,1,-1,-1,-1,1,-1,1,1,-1,1,-1,1,-1,1,1,-1,1,-1,-1,1,-1,1,1,-1,-1,1,-1,1,1,1,1,-1,-1,1,-1,-1,1,1,1,1,1,1,-1,1,1,-1,1,1,1,1,1,-1,1,-1,1,1,-1,-1,1,1,1,-1,1,1,1,1,-1,-1,1,-1,1,-1,1,-1,1,-1,-1,1,-1,1,1,1,-1,1,-1,-1,-1,-1,-1,1,-1,1,-1,1,-1,1,1,-1,-1,-1,-1,1,-1,-1,-1,1,1,-1,-1,-1,1,1,1,-1,1,-1,-1,-1,-1,-1,1,1,-1,-1,1,1,-1,-1,1,-1,1,-1,1,1,1,-1,1,1,-1,1,1,1,1,-1,1,-1,1,-1,-1,1,-1,1,-1,-1,-200.53988711520466,1
183,1,1,-1,-1,-1,1,1,1,1,-1,-1,-1,-1,1,-1,-1,-1,1,-1,-1,1,1,1,-1,1,1,-1,-1,1,-1,-1,1,-1,1,1,-1,1,1,1,1,-1,-1,-1,-1,-1,-1,1,-1,1,1,-1,-1,1,1,1,-1,1,-1,1,1,-1,-1,-1,1,-1,1,-1,1,-1,-1,1,-1,1,-1,1,-1,-1,1,1,-1,-1,1,-1,-1,-1,1,1,-1,1,-1,1,-1,-1,-1,1,-1,-1,1,-1,-1,-1,-1,-1,-1,-1,1,-1,-1,1,-1,1,1,1,-1,1,-1,1,1,-1,-1,1,1,1,1,-1,-1,1,-1,1,1,-1,1,-1,1,-1,1,1,1,1,-1,1,-1,1,-1,1,-1,1,1,1,1,1,-1,1,-1,1,-1,1,-1,-1,1,1,1,1,-1,1,1,-1,1,-1,1,1,1,-1,-1,-1,1,-1,-1,1,1,-1,-1,1,-1,1,1,1,1,-1,1,-1,1,-1,1,-1,-1,-1,1,-1,-1,-1,-1,-1,-1,-1,1,-1,1,-1,1,1,-1,1,-1,1,1,-200.53779074026028,1
184,-1,1,-1,-1,-1,-1,1,1,1,-1,1,1,-1,1,-1,-1,1,1,1,1,-1,1,-1,-1,1,1,-1,-1,1,-1,-1,1,-1,1,1,-1,1,1,1,1,-1,-1,-1,-1,-1,-1,1,-1,1,1,-1,-1,1,1,1,-1,1,-1,1,-1,-1,-1,-1,1,-1,1,-1,1,-1,-1,1,-1,1,-1,-1,-1,-1,-1,1,-1,-1,1,-1,1,-1,1,-1,-1,1,-1,1,-1,1,-1,1,-1,-1,1,-1,-1,-1,-1,-1,-1,-1,1,1,-1,1,-1,1,1,1,-1,1,-1,1,1,-1,-1,1,1,1,1,-1,-1,1,-1,1,1,-1,1,-1,1,-1,1,1,1,-1,-1,1,1,1,-1,1,-1,1,1,1,1,1,-1,-1,-1,1,-1,1,-1,-1,1,1,1,1,-1,1,1,-1,1,-1,1,1,1,-1,-1,-1,1,-1,-1,1,1,-1,-1,1,-1,1,1,1,1,-1,1,1,1,-1,1,-1,-1,1,-1,-1,-1,-1,-1,1,1,1,-1,1,-1,1,-1,-1,1,-1,1,-1,-1,-200.5259859188685,1
185,-1,1,-1,-1,-1,-1,-1,-1,-1,1,1,1,-1,1,-1,1,1,1,1,1,-1,1,-1,-1,1,-1,1,-1,-1,1,-1,1,1,-1,1,1,-1,-1,-1,1,1,1,1,-1,-1,1,-1,-1,1,-1,1,-1,-1,1,-1,1,-1,1,1,-1,1,1,1,-1,-1,-1,1,-1,1,1,-1,1,-1,1,-1,1,1,-1,1,-1,1,1,-1,1,1,-1,-1,1,-1,1,1,1,1,-1,-1,1,-1,-1,1,1,1,1,1,1,-1,1,1,-1,1,1,1,1,1,-1,1,-1,1,1,-1,-1,1,1,1,-1,1,1,1,1,-1,-1,1,-1,1,-1,1,-1,1,1,-1,1,-1,1,1,1,-1,1,-1,-1,-1,-1,-1,1,-1,1,-1,1,-1,1,1,-1,-1,-1,-1,1,-1,-1,-1,1,1,-1,-1,-1,1,1,1,-1,1,-1,-1,-1,-1,-1,1,1,-1,-1,1,1,-1,-1,1,-1,1,-1,1,1,1,-1,1,1,-1,1,1,1,1,-1,1,-1,1,-1,-1,1,-1,1,-1,-1,-200.52119919052205,1
186,-1,1,-1,-1,-1,-1,-1,-1,-1,1,1,1,-1,1,-1,1,1,1,1,1,-1,1,-1,-1,-1,-1,1,-1,-1,1,-1,1,1,-1,1,1,-1,-1,-1,1,1,1,1,-1,-1,1,-1,-1,1,-1,1,-1,-1,1,-1,1,-1,1,1,-1,1,1,1,-1,-1,-1,1,-1,1,1,-1,1,-1,1,-1,1,1,-1,1,-1,1,1,-1,1,1,-1,-1,1,-1,1,1,1,1,-1,-1,1,-1,-1,1,1,1,1,1,1,-1,1,1,-1,1,1,1,1,1,-1,1,-1,1,1,-1,-1,1,1,1,-1,1,1,1,1,-1,-1,1,-1,1,-1,1,-1,1,1,-1,1,-1,1,1,1,-1,1,-1,-1,-1,-1,-1,1,-1,1,-1,-1,-1,1,1,-1,-1,-1,-1,1,-1,-1,-1,1,1,-1,-1,-1,1,1,1,-1,1,-1,-1,-1,-1,-1,1,1,-1,-1,1,1,-1,-1,1,-1,1,-1,1,1,1,-1,1,1,1,1,1,1,1,-1,1,-1,1,-1,-1,1,-1,1,-1,-1,-200.51604049554686,1
187,-1,1,-1,-1,-1,-1,-1,-1,-1,1,1,1,-1,1,-1,1,1,1,1,1,-1,1,-1,-1,-1,-1,1,-1,-1,1,-1,1,1,-1,1,1,-1,-1,-1,1,1,1,1,-1,-1,1,-1,-1,1,-1,1,-1,-1,1,-1,1,-1,1,1,-1,1,1,1,-1,-1,-1,1,-1,1,1,-1,1,-1,1,-1,1,1,-1,1,-1,-1,1,-1,1,1,-1,-1,1,-1,1,1,1,1,-1,-1,1,-1,-1,1,1,1,1,1,1,-1,1,1,-1,1,1,1,1,1,-1,1,-1,1,1,-1,-1,1,1,1,-1,1,1,1,1,-1,-1,1,-1,1,-1,1,-1,1,-1,-1,1,-1,1,1,1,-1,1,-1,-1,-1,-1,-1,1,-1,1,-1,1,-1,1,1,-1,-1,-1,-1,1,-1,-1,-1,1,1,-1,-1,-1,1,1,1,-1,1,-1,-1,-1,-1,-1,1,1,-1,-1,1,1,-1,-1,1,-1,1,-1,1,1,1,-1,1,1,-1,1,1,1,1,-1,1,-1,1,-1,-1,1,-1,1,-1,-1,-200.50344349058497,1
188,-1,1,-1,1,1,1,-1,1,1,-1,-1,-1,-1,1,-1,-1,1,1,1,1,-1,1,-1,-1,1,1,-1,-1,1,-1,-1,1,-1,1,1,-1,1,1,1,1,-1,-1,-1,-1,-1,-1,1,1,1,1,-1,-1,1,1,1,-1,1,-1,1,1,-1,-1,-1,1,-1,1,-1,1,-1,-1,1,-1,1,-1,1,-1,-1,1,1,-1,1,1,1,-1,-1,1,1,-1,1,-1,-1,-1,-1,-1,1,-1,-1,1,-1,-1,-1,-1,-1,-1,-1,1,-1,-1,1,-1,1,1,1,-1,1,-1,1,1,-1,-1,1,1,1,1,-1,-1,1,-1,1,1,-1,1,-1,1,-1,1,1,1,-1,-1,1,1,1,-1,1,-1,1,1,1,1,1,-1,1,-1,1,-1,1,-1,-1,1,1,1,1,-1,1,1,-1,1,-1,1,1,1,-1,-1,-1,1,-1,-1,1,1,-1,-1,1,-1,1,1,-1,-1,-1,1,-1,1,-1,1,-1,-1,-1,1,-1,-1,-1,-1,-1,-1,-1,1,-1,1,-1,1,1,-1,1,-1,1,1,-200.45928330740705,1
189,-1,1,-1,1,1,1,1,1,1,-1,-1,-1,-1,-1,-1,-1,1,1,1,1,-1,1,-1,-1,1,1,-1,-1,1,-1,1,-1,-1,1,1,-1,1,1,1,1,-1,-1,-1,-1,1,-1,1,-1,1,1,-1,-1,1,1,1,-1,1,1,1,1,-1,-1,-1,1,1,1,-1,1,-1,-1,1,-1,1,-1,1,-1,-1,1,1,-1,-1,1,-1,-1,-1,1,1,-1,1,-1,-1,-1,-1,-1,1,-1,-1,1,-1,-1,-1,-1,-1,-1,-1,1,1,-1,1,-1,-1,1,1,-1,1,-1,1,1,-1,-1,1,1,1,1,-1,-1,1,1,1,1,-1,1,-1,1,-1,1,-1,1,-1,-1,1,1,1,-1,1,-1,1,1,1,1,1,-1,-1,-1,1,-1,1,-1,-1,1,1,1,1,-1,1,1,-1,1,-1,1,1,1,-1,-1,-1,1,-1,-1,1,1,-1,-1,1,-1,1,1,1,1,-1,1,-1,1,-1,1,-1,-1,-1,-1,-1,-1,-1,-1,-1,-1,-1,1,-1,1,-1,1,1,1,-1,-1,1,1,-200.4400791428351,1
190,-1,1,-1,-1,-1,-1,-1,-1,-1,1,1,1,-1,1,-1,1,1,1,1,1,-1,1,-1,-1,-1,-1,1,-1,-1,1,-1,1,1,-1,1,1,-1,-1,-1,1,1,1,1,-1,-1,1,-1,-1,1,-1,1,-1,-1,1,-1,1,-1,1,1,-1,1,1,1,-1,-1,-1,1,-1,1,1,-1,1,-1,1,-1,1,1,-1,1,-1,1,1,-1,1,1,-1,-1,1,-1,1,1,1,1,-1,-1,1,-1,-1,1,1,1,1,1,1,-1,1,1,-1,1,1,1,1,1,-1,1,-1,1,1,-1,-1,1,1,1,-1,1,1,1,1,-1,-1,1,-1,1,-1,1,-1,1,-1,-1,1,-1,1,1,1,-1,1,-1,-1,-1,-1,-1,1,-1,1,-1,-1,-1,1,1,-1,-1,-1,-1,1,-1,-1,-1,1,1,-1,-1,-1,1,1,1,-1,1,-1,-1,-1,-1,-1,1,1,-1,-1,1,1,-1,-1,1,-1,1,-1,1,1,1,-1,1,1,1,1,1,1,1,-1,1,-1,1,-1,-1,1,-1,1,-1,-1,-200.43948717632517,1
191,-1,1,-1,-1,-1,-1,-1,-1,-1,1,1,1,-1,1,-1,1,1,1,1,1,-1,1,-1,-1,-1,-1,1,-1,-1,1,-1,1,1,-1,1,1,-1,-1,-1,1,1,1,1,-1,-1,1,-1,-1,1,-1,1,-1,-1,1,-1,1,-1,1,1,-1,1,1,1,-1,-1,-1,1,-1,1,1,-1,1,-1,1,-1,1,1,-1,1,-1,-1,1,-1,1,1,-1,-1,1,-1,1,1,1,1,-1,-1,1,-1,-1,1,1,1,1,1,1,-1,1,1,-1,1,1,1,1,1,-1,1,-1,1,1,-1,-1,1,1,1,-1,1,1,1,1,-1,-1,1,-1,1,-1,1,-1,1,1,-1,1,-1,1,1,1,-1,1,-1,-1,-1,-1,-1,1,-1,1,-1,-1,-1,1,1,-1,-1,-1,-1,1,-1,-1,-1,1,1,-1,-1,-1,1,1,-1,-1,1,-1,-1,-1,-1,-1,1,1,-1,-1,1,1,-1,-1,1,-1,1,-1,1,1,1,-1,1,1,-1,1,1,1,1,-1,1,-1,1,-1,-1,1,-1,1,-1,-1,-200.43304797995603,1
192,-1,1,-1,-1,-1,-1,-1,-1,-1,1,1,1,-1,1,-1,1,1,1,1,1,-1,1,-1,-1,1,-1,1,-1,-1,1,-1,1,1,-1,1,1,-1,-1,-1,1,1,1,1,-1,-1,1,-1,-1,1,-1,1,-1,-1,1,-1,1,-1,1,1,-1,1,1,1,-1,-1,-1,1,-1,1,1,-1,1,-1,1,-1,1,1,-1,1,-1,-1,1,-1,1,1,-1,-1,1,-1,1,1,1,1,-1,-1,1,-1,-1,1,1,1,1,1,1,-1,1,1,-1,1,1,1,1,1,-1,1,-1,1,1,-1,-1,1,1,1,-1,1,1,1,1,-1,-1,1,-1,1,-1,1,-1,1,1,-1,1,-1,1,1,1,-1,1,-1,-1,-1,-1,-1,1,-1,1,-1,1,-1,1,1,-1,-1,-1,-1,1,-1,-1,-1,1,1,-1,-1,-1,1,1,-1,-1,1,-1,-1,-1,-1,-1,1,1,-1,-1,1,1,-1,-1,1,-1,1,-1,1,1,1,-1,1,1,-1,1,1,1,1,-1,1,-1,1,-1,-1,1,-1,1,-1,-1,-200.40218912468652,3
193,-1,1,-1,1,1,1,1,1,1,-1,-1,-1,-1,1,-1,-1,1,1,1,1,-1,1,-1,-1,1,1,-1,-1,1,-1,-1,1,-1,-1,1,-1,1,1,1,1,-1,-1,-1,-1,-1,-1,1,-1,1,1,-1,-1,1,1,1,-1,1,1,1,1,-1,-1,-1,1,1,1,1,-1,-1,-1,1,-1,1,-1,1,-1,-1,1,1,-1,-1,1,-1,-1,-1,1,1,-1,1,-1,1,1,-1,-1,1,-1,-1,1,-1,-1,-1,-1,-1,-1,-1,1,-1,-1,1,-1,1,1,1,-1,1,-1,1,1,-1,-1,1,1,1,1,-1,-1,1,1,1,1,-1,1,-1,1,-1,1,-1,-1,-1,-1,1,1,1,1,1,-1,1,1,1,1,1,-1,1,-1,1,-1,1,-1,-1,1,1,1,1,-1,1,1,-1,1,-1,1,1,1,-1,1,-1,1,-1,-1,1,1,-1,-1,1,-1,1,1,1,1,-1,1,-1,1,-1,1,-1,-1,-1,-1,-1,-1,1,-1,-1,-1,1,-1,-1,1,-1,1,1,-1,1,-1,1,1,-200.40016487517323,1
194,-1,1,-1,-1,-1,-1,-1,-1,-1,1,1,1,-1,1,-1,1,1,1,1,1,-1,1,-1,-1,1,-1,1,-1,-1,1,-1,1,1,-1,1,1,-1,-1,-1,1,1,1,1,-1,-1,1,-1,-1,1,-1,1,-1,-1,1,-1,1,-1,1,1,-1,1,1,1,-1,-1,-1,1,-1,1,1,-1,1,-1,1,-1,1,1,-1,1,-1,-1,1,-1,1,1,-1,-1,1,-1,1,1,1,1,-1,-1,1,-1,-1,1,1,1,1,1,1,-1,1,1,-1,1,1,1,1,1,-1,1,-1,1,1,-1,-1,1,1,1,-1,1,1,1,1,-1,-1,1,-1,1,-1,1,-1,1,1,-1,1,-1,1,1,1,-1,1,-1,-1,-1,-1,-1,1,-1,1,-1,1,-1,1,1,-1,-1,-1,-1,1,-1,-1,-1,1,1,-1,-1,-1,1,1,1,-1,1,-1,-1,-1,-1,-1,1,1,-1,-1,1,1,-1,-1,1,-1,1,-1,1,1,1,-1,1,1,-1,1,1,1,1,-1,1,-1,1,-1,-1,-1,1,1,-1,-1,-200.39886527016057,1
195,-1,1,-1,-1,-1,-1,-1,-1,-1,-1,-1,1,1,-1,1,-1,1,1,1,1,-1,1,-1,-1,1,1,-1,-1,1,-1,1,-1,-1,-1,1,-1,1,1,-1,1,-1,1,-1,-1,-1,-1,1,-1,1,1,-1,-1,1,1,1,-1,1,1,1,-1,-1,-1,-1,1,1,1,-1,1,-1,-1,1,-1,1,-1,-1,-1,-1,-1,1,-1,1,1,-1,1,-1,1,-1,-1,1,-1,-1,-1,1,-1,1,-1,-1,1,-1,-1,-1,-1,-1,-1,-1,1,-1,-1,1,-1,1,1,1,-1,1,-1,1,1,-1,-1,1,1,1,-1,-1,-1,1,1,1,1,-1,1,-1,1,-1,1,-1,1,-1,-1,1,1,1,-1,1,-1,1,1,1,1,1,-1,1,-1,1,-1,1,-1,-1,1,1,1,1,-1,1,1,-1,1,-1,1,1,1,-1,-1,-1,1,-1,-1,1,1,-1,-1,1,-1,1,1,1,1,-1,-1,1,-1,1,1,-1,1,1,-1,1,1,1,1,1,1,1,-1,1,-1,1,-1,-1,1,-1,1,-1,-1,-200.39787210584362,1
196,-1,1,-1,-1,-1,-1,-1,-1,-1,1,1,1,-1,1,-1,1,1,1,1,1,-1,1,-1,-1,1,-1,1,-1,-1,1,-1,1,1,-1,1,1,-1,-1,-1,1,1,1,1,-1,-1,1,-1,-1,1,-1,1,-1,-1,1,-1,1,-1,1,1,-1,1,1,1,-1,-1,-1,1,-1,1,1,-1,1,-1,1,-1,1,1,-1,1,-1,-1,1,-1,1,1,-1,-1,1,-1,1,1,1,1,-1,-1,1,-1,-1,1,1,1,1,1,1,-1,1,1,-1,1,1,1,1,1,-1,1,-1,1,1,-1,-1,1,1,1,-1,1,1,1,1,-1,-1,1,-1,1,-1,1,-1,1,-1,-1,1,-1,1,1,1,-1,1,-1,-1,-1,-1,-1,1,-1,1,-1,-1,-1,1,1,-1,-1,-1,-1,1,-1,-1,-1,1,1,-1,-1,-1,1,1,-1,-1,1,-1,-1,-1,-1,-1,1,1,-1,-1,1,1,-1,-1,1,-1,1,-1,1,1,1,-1,1,1,-1,1,1,1,1,-1,1,-1,1,-1,-1,1,-1,1,-1,-1,-200.392938285354,1
197,-1,1,-1,-1,-1,-1,-1,-1,-1,1,1,1,-1,1,-1,1,1,1,1,1,-1,1,-1,-1,1,-1,1,-1,-1,1,-1,1,1,-1,1,1,-1,-1,-1,1,1,1,1,-1,-1,1,-1,-1,1,-1,1,-1,-1,1,-1,1,-1,1,1,-1,1,1,1,-1,-1,-1,1,-1,1,1,-1,1,-1,1,-1,1,1,-1,1,-1,-1,1,-1,1,1,-1,-1,1,-1,1,1,1,1,-1,-1,1,-1,-1,1,1,1,1,1,1,-1,1,1,-1,1,1,1,1,1,-1,1,-1,1,1,-1,-1,1,1,1,-1,1,1,1,1,-1,-1,1,-1,1,-1,1,-1,1,-1,-1,1,-1,1,1,1,-1,1,-1,-1,-1,-1,-1,1,-1,1,-1,-1,-1,1,1,-1,-1,-1,-1,1,-1,-1,-1,1,1,-1,-1,-1,1,1,1,-1,1,-1,-1,-1,-1,-1,1,1,-1,-1,1,1,-1,-1,1,-1,1,-1,1,1,1,-1,1,1,-1,1,1,1,1,-1,1,-1,1,-1,-1,-1,1,1,-1,-1,-200.3896144308281,1
198,-1,1,-1,-1,-1,-1,-1,-1,-1,1,1,1,-1,1,-1,1,1,1,1,1,-1,1,-1,-1,-1,-1,1,-1,-1,1,-1,1,1,-1,1,1,-1,-1,-1,1,1,1,1,-1,-1,1,-1,-1,1,-1,1,-1,-1,1,-1,1,-1,1,1,-1,1,1,1,-1,-1,-1,1,-1,1,1,-1,1,-1,1,-1,1,1,-1,1,-1,-1,1,-1,1,1,-1,-1,1,-1,1,1,1,1,-1,-1,1,-1,-1,1,1,1,1,1,1,-1,1,1,-1,1,1,1,1,1,-1,1,-1,1,1,-1,-1,1,1,1,-1,1,1,1,1,-1,-1,1,-1,1,-1,1,-1,1,1,-1,1,-1,1,1,1,-1,1,-1,-1,-1,-1,-1,1,-1,1,-1,1,-1,1,1,-1,-1,-1,-1,1,-1,-1,-1,1,1,-1,-1,-1,1,1,-1,-1,1,-1,-1,-1,-1,-1,1,1,-1,-1,1,1,-1,-1,1,-1,1,-1,1,1,1,-1,1,1,-1,1,1,1,1,-1,1,-1,1,-1,-1,1,-1,1,-1,-1,-200.36574550006685,1
199,-1,1,-1,-1,-1,-1,-1,-1,-1,1,1,1,-1,1,-1,1,1,1,1,1,-1,1,-1,-1,-1,-1,1,-1,-1,1,-1,1,1,-1,1,1,-1,-1,-1,1,1,1,1,-1,-1,1,-1,-1,1,-1,1,-1,-1,1,-1,1,-1,1,1,-1,1,1,1,-1,-1,-1,1,-1,1,1,-1,1,-1,1,-1,1,1,-1,1,-1,-1,1,-1,1,1,-1,-1,1,-1,1,1,1,1,-1,-1,1,-1,-1,1,1,1,1,1,1,-1,1,1,-1,1,1,1,1,1,-1,1,-1,1,1,-1,-1,1,1,1,-1,1,1,1,1,-1,-1,1,-1,1,-1,1,-1,1,-1,-1,1,-1,1,1,1,-1,1,-1,-1,-1,-1,-1,1,-1,1,-1,-1,-1,1,1,-1,-1,-1,-1,1,-1,-1,-1,1,1,-1,-1,-1,1,1,1,-1,1,-1,-1,-1,-1,-1,1,1,-1,-1,1,1,-1,-1,1,-1,1,-1,1,1,1,-1,1,1,-1,1,1,1,1,-1,1,-1,1,-1,-1,-1,1,1,-1,-1,-200.35317080620842,1
200,-1,1,-1,-1,-1,-1,-1,-1,-1,1,1,1,-1,1,-1,1,1,1,1,1,-1,1,-1,-1,1,-1,1,-1,-1,1,-1,1,1,-1,1,1,-1,-1,-1,1,1,1,1,-1,-1,1,-1,-1,1,-1,1,-1,-1,1,-1,1,-1,1,1,-1,1,1,1,-1,-1,-1,1,-1,1,1,-1,1,-1,1,-1,1,1,-1,1,-1,-1,1,-1,1,1,-1,-1,1,-1,1,1,1,1,-1,-1,1,-1,-1,1,1,1,1,1,1,-1,1,1,-1,1,1,1,1,1,-1,1,-1,1,1,-1,-1,1,1,1,-1,1,1,1,1,-1,-1,1,-1,1,-1,1,-1,1,-1,-1,1,-1,1,1,1,-1,1,-1,-1,-1,-1,-1,1,-1,1,-1,1,-1,1,1,-1,-1,-1,-1,1,-1,-1,-1,1,1,-1,-1,-1,1,1,1,-1,1,-1,-1,-1,-1,-1,1,1,-1,-1,1,1,-1,-1,1,-1,1,-1,1,1,1,-1,1,1,-1,1,1,1,1,-1,1,-1,1,-1,-1,-1,1,1,-1,-1,-200.3223119509389,1
201,-1,1,-1,-1,-1,-1,-1,-1,-1,1,1,1,-1,1,-1,1,1,1,1,1,-1,1,-1,-1,1,-1,1,-1,-1,1,-1,1,1,-1,1,1,-1,-1,-1,1,1,1,1,-1,-1,1,-1,-1,1,-1,1,-1,-1,1,-1,1,-1,1,1,-1,1,1,1,-1,-1,-1,1,-1,1,1,-1,1,-1,1,-1,1,1,-1,1,-1,1,1,-1,1,1,-1,-1,1,-1,1,1,1,1,-1,-1,1,-1,-1,1,1,1,1,1,1,-1,1,1,-1,1,1,1,1,1,-1,1,-1,1,1,-1,-1,1,1,1,-1,1,1,1,1,-1,-1,1,-1,1,-1,1,-1,1,1,-1,1,-1,1,1,1,-1,1,-1,-1,-1,-1,-1,1,-1,1,-1,1,-1,1,1,-1,-1,-1,-1,1,-1,-1,-1,1,1,-1,-1,-1,1,1,-1,-1,1,-1,-1,-1,-1,-1,1,1,-1,-1,1,1,-1,-1,1,-1,1,-1,1,1,1,-1,1,1,-1,1,1,1,1,-1,1,-1,1,-1,-1,1,-1,1,-1,-1,-200.30694788078222,1
202,-1,1,-1,1,1,1,1,1,1,-1,-1,-1,1,-1,-1,-1,1,1,1,1,-1,1,-1,-1,1,1,-1,-1,1,-1,-1,1,-1,1,1,-1,1,1,1,1,-1,-1,-1,-1,1,-1,1,-1,1,1,-1,-1,1,1,-1,1,1,-1,-1,1,-1,-1,-1,1,-1,1,-1,1,-1,-1,1,-1,1,-1,1,-1,-1,1,1,-1,-1,1,-1,-1,-1,1,1,-1,1,-1,-1,-1,1,-1,1,-1,-1,1,-1,-1,-1,-1,-1,-1,-1,1,-1,-1,1,-1,1,1,1,-1,1,-1,1,1,-1,-1,1,1,1,1,-1,-1,1,-1,1,1,-1,1,-1,1,-1,1,1,1,-1,1,1,1,1,-1,1,-1,1,1,1,1,1,-1,1,-1,1,-1,1,-1,-1,1,1,1,1,-1,1,1,-1,1,-1,1,1,1,-1,-1,-1,1,-1,-1,1,1,-1,-1,1,-1,1,1,1,1,-1,1,-1,1,-1,1,-1,-1,-1,-1,-1,-1,-1,-1,-1,-1,-1,1,1,1,-1,1,-1,1,-1,-1,1,1,-200.28791127518164,1
203,-1,1,-1,-1,-1,-1,-1,-1,-1,1,1,1,-1,1,-1,1,1,1,1,1,-1,1,-1,-1,-1,-1,1,-1,-1,1,-1,1,1,-1,1,1,-1,-1,-1,1,1,1,1,-1,-1,1,-1,-1,1,-1,1,-1,-1,1,-1,1,-1,1,1,-1,1,1,1,-1,-1,-1,1,-1,1,1,-1,1,-1,1,-1,1,1,-1,1,-1,-1,1,-1,1,1,-1,-1,1,-1,1,1,1,1,-1,-1,1,-1,-1,1,1,1,1,1,1,-1,1,1,-1,1,1,1,1,1,-1,1,-1,1,1,-1,-1,1,1,1,-1,1,1,1,1,-1,-1,1,-1,1,-1,1,-1,1,-1,-1,1,-1,1,1,1,-1,1,-1,-1,-1,-1,-1,1,-1,1,-1,1,-1,1,1,-1,-1,-1,-1,1,-1,-1,-1,1,1,-1,-1,-1,1,1,1,-1,1,-1,-1,-1,-1,-1,1,1,-1,-1,1,1,-1,-1,1,-1,1,-1,1,1,1,-1,1,1,-1,1,1,1,1,-1,1,-1,1,-1,-1,-1,1,1,-1,-1,-200.28586832631925,1
204,-1,1,-1,-1,-1,-1,-1,-1,-1,1,1,1,-1,1,-1,1,1,1,1,1,-1,1,-1,-1,1,-1,1,-1,-1,1,-1,1,1,-1,1,1,-1,-1,-1,1,1,1,1,-1,-1,1,-1,-1,1,-1,1,-1,-1,1,-1,1,-1,1,1,-1,1,1,1,-1,-1,-1,1,-1,1,1,-1,1,-1,1,-1,1,1,-1,1,-1,1,1,-1,1,1,-1,-1,1,-1,-1,1,1,1,-1,-1,1,-1,-1,1,1,1,1,1,1,-1,1,1,-1,1,1,1,1,1,-1,1,-1,1,1,-1,-1,1,1,1,-1,1,1,1,1,-1,-1,1,-1,1,-1,1,-1,1,1,-1,1,-1,1,1,1,-1,1,-1,-1,-1,-1,-1,1,-1,1,-1,1,-1,1,1,-1,-1,-1,-1,1,-1,-1,-1,1,1,-1,-1,-1,1,1,1,-1,1,-1,-1,-1,-1,-1,1,1,-1,-1,1,1,-1,-1,1,-1,1,-1,1,1,1,-1,1,1,1,1,1,1,1,-1,1,-1,1,-1,-1,1,-1,1,-1,-1,-200.27965834596174,1
205,-1,1,-1,-1,-1,-1,-1,-1,-1,1,1,1,-1,1,-1,1,1,1,1,1,-1,1,-1,-1,1,-1,1,-1,-1,1,-1,1,1,-1,1,1,-1,-1,-1,1,1,1,1,-1,-1,1,-1,-1,1,-1,1,-1,-1,1,-1,1,-1,1,1,-1,1,1,1,-1,-1,-1,1,-1,1,1,-1,1,-1,1,-1,1,1,-1,1,-1,1,1,-1,1,1,-1,-1,1,-1,1,1,1,1,-1,-1,1,-1,-1,1,1,1,1,1,1,-1,1,1,-1,1,1,1,1,1,-1,1,-1,1,1,-1,-1,1,1,1,-1,1,1,1,1,-1,-1,1,-1,1,-1,1,-1,1,1,-1,1,-1,1,1,1,-1,1,-1,-1,-1,-1,-1,1,-1,1,-1,1,-1,1,1,-1,-1,-1,-1,1,-1,-1,-1,1,1,-1,-1,-1,1,1,1,-1,1,-1,-1,-1,-1,-1,1,1,-1,-1,1,1,-1,-1,1,-1,1,-1,1,1,1,1,1,1,1,1,1,1,1,-1,1,-1,1,-1,-1,1,-1,1,-1,-1,-200.2696900350284,1
206,-1,1,-1,-1,-1,-1,-1,-1,-1,1,1,1,-1,1,-1,1,1,1,1,1,-1,1,-1,-1,1,-1,1,-1,-1,1,-1,1,1,-1,1,1,-1,-1,-1,1,1,1,1,-1,-1,1,-1,-1,1,-1,1,-1,-1,1,-1,1,-1,1,1,-1,1,1,1,-1,-1,-1,1,-1,1,1,-1,1,-1,1,-1,1,1,-1,1,-1,-1,1,-1,1,1,-1,-1,1,-1,1,1,1,1,-1,-1,1,-1,-1,1,1,1,1,1,1,-1,1,1,-1,1,1,1,1,1,-1,1,-1,-1,1,-1,-1,1,1,1,-1,1,1,1,1,-1,-1,1,-1,1,-1,1,-1,1,1,-1,1,-1,1,1,1,-1,1,-1,-1,-1,-1,-1,1,-1,1,-1,1,-1,1,1,-1,-1,-1,-1,1,-1,-1,-1,1,1,-1,-1,-1,1,1,1,-1,1,-1,-1,-1,-1,-1,1,1,-1,-1,1,1,-1,-1,1,-1,1,-1,1,1,1,-1,1,1,-1,1,1,1,1,-1,1,-1,1,-1,-1,1,-1,1,-1,-1,-200.25328811364545,1
207,-1,1,-1,-1,-1,-1,-1,-1,-1,1,1,1,-1,1,-1,1,1,1,1,1,-1,1,-1,-1,1,-1,1,-1,-1,1,-1,1,1,-1,1,1,-1,-1,-1,1,1,1,1,-1,-1,1,-1,-1,1,-1,1,-1,-1,1,-1,1,-1,1,1,-1,1,1,1,-1,-1,-1,1,-1,1,1,-1,1,-1,1,-1,1,1,-1,1,-1,1,1,-1,1,1,-1,-1,1,-1,1,1,1,1,-1,-1,1,-1,-1,1,1,1,1,1,1,-1,1,1,-1,1,1,1,1,1,-1,1,-1,1,1,-1,-1,1,1,1,-1,1,1,1,1,-1,-1,1,-1,1,-1,1,-1,1,1,-1,1,-1,1,1,1,-1,1,-1,-1,-1,-1,-1,1,-1,1,-1,1,-1,1,1,-1,-1,-1,-1,1,-1,-1,-1,1,1,-1,-1,-1,1,1,1,-1,1,-1,-1,-1,-1,-1,1,1,-1,-1,1,1,-1,-1,1,-1,1,-1,1,1,1,-1,1,1,1,1,1,1,1,-1,-1,-1,1,-1,-1,1,-1,1,-1,-1,-200.22998925291884,1
208,-1,1,-1,-1,-1,-1,1,1,1,-1,-1,-1,-1,-1,-1,1,1,1,1,1,-1,1,-1,-1,1,1,-1,-1,1,-1,-1,1,-1,1,1,-1,1,1,1,1,-1,-1,-1,-1,-1,-1,1,-1,1,1,-1,-1,1,1,1,-1,1,-1,-1,1,-1,-1,-1,1,-1,1,-1,1,-1,-1,1,-1,1,-1,1,-1,-1,1,1,-1,1,1,-1,-1,-1,1,1,-1,1,-1,-1,-1,-1,-1,1,-1,-1,1,-1,1,1,1,-1,-1,1,1,-1,1,1,-1,1,1,1,-1,1,-1,1,1,-1,-1,1,1,1,1,-1,-1,1,-1,1,1,-1,1,-1,1,-1,1,1,1,-1,1,1,1,1,-1,1,-1,1,1,1,1,1,-1,-1,-1,1,-1,1,-1,-1,1,1,1,1,-1,-1,1,1,-1,-1,1,1,1,-1,-1,-1,1,-1,-1,1,1,-1,-1,1,-1,1,1,1,-1,1,1,-1,-1,-1,1,-1,-1,-1,1,-1,-1,1,-1,-1,-1,1,-1,-1,1,-1,1,-1,1,-1,-1,1,1,-200.19685771745156,1
209,-1,1,-1,-1,-1,-1,1,1,1,-1,-1,1,-1,1,-1,-1,1,1,1,1,-1,1,-1,-1,1,1,-1,-1,1,-1,-1,1,-1,1,1,-1,1,1,1,1,-1,-1,-1,-1,-1,-1,1,-1,1,1,-1,-1,1,1,1,-1,1,-1,1,-1,-1,-1,-1,1,-1,1,-1,1,-1,-1,1,-1,1,-1,-1,-1,-1,-1,1,-1,1,1,-1,1,-1,1,-1,-1,1,-1,1,-1,1,-1,1,-1,-1,1,-1,-1,-1,-1,-1,-1,-1,1,1,-1,1,-1,1,1,1,-1,1,-1,1,1,-1,-1,1,1,1,1,-1,-1,1,-1,1,1,-1,1,-1,1,-1,1,1,1,-1,-1,1,1,1,-1,1,-1,1,1,1,1,1,-1,-1,-1,1,-1,1,-1,-1,1,1,1,1,-1,1,1,-1,1,-1,1,1,1,-1,-1,1,1,-1,-1,1,1,-1,-1,1,-1,1,1,1,1,-1,1,1,-1,-1,1,-1,-1,1,-1,-1,1,1,-1,1,1,1,-1,1,-1,1,-1,-1,1,-1,1,-1,-1,-200.17965382506026,1
210,-1,1,-1,-1,-1,-1,-1,-1,-1,1,1,1,-1,1,-1,1,1,1,1,1,-1,1,-1,-1,-1,-1,1,-1,-1,1,-1,1,1,-1,1,1,-1,-1,-1,1,1,1,1,-1,-1,1,-1,-1,1,-1,1,-1,-1,1,-1,1,-1,1,1,-1,1,1,1,-1,-1,-1,1,-1,1,1,-1,1,-1,1,-1,1,1,-1,1,-1,-1,1,-1,1,1,-1,-1,1,-1,1,1,1,1,-1,-1,1,1,-1,1,1,1,1,1,1,-1,1,1,-1,1,1,1,1,1,-1,1,-1,1,1,-1,-1,1,1,1,-1,1,1,1,1,-1,-1,1,-1,1,-1,1,-1,1,-1,-1,1,-1,1,1,1,-1,1,-1,-1,-1,-1,-1,1,-1,1,-1,-1,-1,1,1,-1,-1,-1,-1,1,-1,-1,-1,1,1,-1,-1,-1,1,1,1,-1,1,-1,-1,-1,-1,-1,1,1,-1,-1,1,1,-1,-1,1,-1,1,-1,1,1,1,-1,1,1,-1,1,1,1,1,-1,1,-1,1,-1,-1,1,-1,1,-1,-1,-200.15378057931906,1
211,-1,1,-1,-1,-1,-1,-1,-1,-1,1,1,1,-1,1,-1,1,1,1,1,1,-1,1,-1,-1,1,-1,1,-1,-1,1,-1,1,1,-1,1,1,-1,-1,-1,1,1,1,1,-1,-1,1,-1,-1,1,-1,1,-1,-1,1,-1,1,-1,1,1,-1,1,1,1,-1,-1,-1,1,-1,1,1,-1,1,-1,1,-1,1,1,-1,1,-1,1,1,-1,1,1,-1,-1,1,-1,1,1,1,1,-1,-1,1,-1,-1,1,1,1,1,1,1,-1,1,1,-1,1,1,1,1,1,-1,1,-1,-1,1,-1,-1,1,1,1,-1,1,1,1,1,-1,-1,1,-1,1,-1,1,-1,1,-1,-1,1,-1,1,1,1,-1,1,-1,-1,-1,-1,-1,1,-1,1,-1,-1,-1,1,1,-1,-1,-1,-1,1,-1,-1,-1,1,1,-1,-1,-1,1,1,1,-1,1,-1,-1,-1,-1,-1,1,1,-1,-1,1,1,-1,-1,1,-1,1,-1,1,1,1,-1,1,1,-1,1,1,1,1,-1,1,-1,1,-1,-1,1,-1,1,-1,-1,-200.14879603040868,1
212,-1,1,-1,-1,-1,-1,-1,-1,-1,1,1,1,-1,1,-1,1,1,1,1,1,-1,1,-1,-1,-1,-1,1,-1,-1,1,-1,1,1,-1,1,1,-1,-1,-1,1,1,1,1,-1,-1,1,-1,-1,1,-1,1,-1,-1,1,-1,1,-1,1,1,-1,1,1,1,-1,-1,-1,1,-1,1,1,-1,1,-1,1,-1,1,1,-1,1,-1,-1,1,-1,1,1,-1,-1,1,-1,1,1,1,1,-1,-1,1,-1,-1,1,1,1,1,1,1,-1,1,1,-1,1,1,1,1,1,-1,1,-1,1,1,-1,-1,1,1,1,-1,1,1,1,1,-1,-1,1,-1,1,-1,1,-1,1,1,-1,1,-1,1,1,1,-1,1,-1,-1,-1,-1,-1,1,-1,1,-1,1,-1,1,1,-1,-1,-1,-1,1,-1,-1,-1,1,1,-1,-1,-1,1,1,-1,-1,1,-1,-1,-1,-1,-1,1,1,-1,-1,1,1,-1,-1,1,-1,1,-1,1,1,1,-1,1,1,-1,1,1,1,1,-1,1,-1,1,-1,-1,-1,1,1,-1,-1,-200.1481703358011,1
213,-1,1,-1,-1,-1,-1,-1,-1,-1,1,1,1,-1,1,-1,1,1,1,1,1,-1,1,-1,-1,-1,-1,1,-1,-1,1,-1,1,1,-1,1,1,-1,-1,-1,1,1,1,1,-1,-1,1,-1,-1,1,-1,1,-1,-1,1,-1,1,-1,1,1,-1,1,1,1,-1,-1,-1,1,-1,1,1,-1,1,-1,1,-1,1,1,-1,1,-1,-1,1,-1,1,1,-1,-1,1,-1,1,1,1,1,-1,-1,1,-1,-1,1,1,1,1,1,1,-1,1,1,-1,1,1,1,1,1,-1,1,-1,-1,1,-1,-1,1,1,1,-1,1,1,1,1,-1,-1,1,-1,1,-1,1,-1,1,-1,-1,1,-1,1,1,1,-1,1,-1,-1,-1,-1,-1,1,-1,1,-1,1,-1,1,1,-1,-1,-1,-1,1,-1,-1,-1,1,1,-1,-1,-1,1,1,1,-1,1,-1,-1,-1,-1,-1,1,1,-1,-1,1,1,-1,-1,1,-1,1,-1,1,1,1,-1,1,1,-1,1,1,1,1,-1,1,-1,1,-1,-1,1,-1,1,-1,-1,-200.14029116980413,1
214,-1,1,-1,-1,-1,-1,-1,-1,-1,1,1,1,-1,1,-1,1,1,1,1,1,-1,1,-1,-1,-1,-1,1,-1,-1,1,-1,1,1,-1,1,1,-1,-1,-1,1,1,1,1,-1,-1,1,-1,-1,1,-1,1,-1,-1,1,-1,1,-1,1,1,-1,1,1,1,-1,-1,-1,1,-1,1,1,-1,1,-1,1,-1,1,1,-1,1,-1,-1,1,-1,1,1,-1,-1,1,-1,1,1,1,1,-1,-1,1,-1,-1,1,1,1,1,1,1,-1,1,1,-1,1,1,1,1,1,-1,1,-1,1,1,-1,-1,1,1,1,-1,1,1,1,1,-1,-1,1,-1,1,-1,1,-1,1,1,-1,1,-1,1,1,1,-1,1,-1,-1,-1,-1,-1,1,-1,1,-1,-1,-1,1,1,-1,-1,-1,-1,1,-1,-1,-1,1,1,-1,-1,-1,1,1,1,-1,1,-1,-1,-1,-1,-1,1,1,-1,-1,1,1,-1,-1,1,-1,1,-1,1,1,1,-1,1,1,1,1,1,1,1,-1,1,-1,1,-1,-1,-1,1,1,-1,-1,-200.12691149015652,1
215,-1,1,-1,-1,-1,-1,-1,-1,-1,1,1,1,-1,1,-1,1,1,1,1,1,-1,1,-1,-1,1,-1,1,-1,-1,1,-1,1,1,-1,1,1,-1,-1,-1,1,1,1,1,-1,-1,1,-1,-1,1,-1,1,-1,-1,1,-1,1,-1,1,1,-1,1,1,1,-1,-1,-1,1,-1,1,1,-1,1,-1,1,-1,1,1,-1,1,-1,1,1,-1,1,1,-1,-1,1,-1,1,1,1,1,-1,-1,1,-1,-1,1,1,1,1,1,1,-1,1,1,-1,1,1,1,1,1,-1,1,-1,1,1,-1,-1,1,1,1,-1,1,1,1,1,-1,-1,1,-1,1,-1,1,-1,1,1,-1,1,-1,1,1,1,-1,1,-1,-1,-1,-1,-1,1,-1,1,-1,-1,-1,1,1,-1,-1,-1,-1,1,-1,-1,-1,1,1,-1,-1,-1,1,1,-1,-1,1,-1,-1,-1,-1,-1,1,1,-1,-1,1,1,-1,-1,1,-1,1,-1,1,1,1,-1,1,1,-1,1,1,1,1,-1,-1,-1,1,-1,-1,1,-1,1,-1,-1,-200.1190579733129,1
216,-1,1,-1,-1,-1,-1,-1,-1,-1,1,1,1,-1,1,-1,1,1,1,1,1,-1,1,-1,-1,1,-1,1,-1,-1,1,-1,1,1,-1,1,-1,-1,-1,-1,1,1,1,1,-1,-1,1,-1,-1,1,-1,1,-1,-1,1,-1,1,-1,1,1,-1,1,1,1,-1,-1,-1,1,-1,1,1,-1,1,-1,1,-1,1,1,-1,1,-1,-1,1,-1,1,1,-1,-1,1,-1,1,1,1,1,-1,-1,1,-1,-1,1,1,1,1,1,1,-1,1,1,-1,1,1,1,1,1,-1,1,-1,1,1,-1,-1,1,1,1,-1,1,1,1,1,-1,-1,1,-1,1,-1,1,-1,1,1,-1,1,-1,1,1,1,-1,1,-1,-1,-1,-1,-1,1,-1,1,-1,1,-1,1,1,-1,-1,-1,-1,1,-1,-1,-1,1,1,-1,-1,-1,1,1,1,-1,1,-1,1,-1,-1,-1,1,1,-1,-1,1,1,-1,-1,1,-1,1,-1,1,1,1,-1,1,1,-1,1,1,1,1,-1,1,-1,1,-1,-1,1,-1,1,-1,-1,-200.10362539388115,1
217,-1,1,-1,-1,-1,-1,-1,-1,-1,1,1,1,-1,1,-1,1,1,1,1,1,-1,1,-1,-1,1,-1,1,-1,-1,1,-1,1,1,-1,1,1,-1,-1,-1,1,1,1,1,-1,-1,1,-1,-1,1,-1,1,-1,-1,1,-1,1,-1,1,1,-1,1,1,1,-1,-1,-1,1,-1,1,1,-1,1,-1,1,-1,1,1,-1,1,-1,-1,1,-1,1,1,-1,-1,1,-1,1,1,1,1,-1,-1,1,-1,-1,1,1,1,1,1,1,-1,1,1,-1,1,1,1,1,1,-1,1,-1,1,1,-1,-1,1,1,1,-1,1,1,1,1,-1,-1,1,-1,1,-1,1,-1,1,1,-1,1,-1,1,1,1,-1,1,-1,-1,-1,-1,-1,1,-1,1,-1,1,-1,1,1,-1,-1,-1,-1,1,-1,-1,-1,1,1,-1,-1,-1,1,1,1,-1,1,-1,-1,-1,-1,-1,1,1,-1,-1,1,1,-1,-1,1,-1,1,-1,1,1,1,-1,1,1,1,1,1,1,1,-1,1,-1,1,-1,-1,-1,1,1,-1,-1,-200.09605263488697,1
218,-1,1,-1,1,1,1,1,1,1,-1,-1,-1,1,-1,-1,-1,1,1,1,1,-1,1,-1,-1,1,1,-1,-1,1,-1,-1,1,-1,1,1,-1,1,1,1,1,-1,-1,-1,-1,-1,-1,1,-1,1,1,-1,-1,1,1,1,-1,1,1,1,1,-1,-1,-1,1,1,1,1,-1,-1,-1,1,-1,1,-1,1,-1,-1,1,1,-1,-1,1,-1,-1,-1,1,1,-1,1,-1,-1,-1,-1,-1,1,-1,-1,1,-1,-1,-1,-1,-1,-1,-1,1,-1,-1,1,-1,1,1,1,-1,1,-1,1,1,-1,-1,1,1,1,1,-1,-1,1,1,1,1,-1,1,-1,1,-1,1,-1,-1,-1,-1,1,1,1,-1,1,-1,1,1,1,1,1,-1,1,-1,1,-1,1,-1,-1,1,1,1,1,-1,1,1,-1,1,-1,1,1,1,-1,-1,-1,1,-1,-1,1,1,-1,-1,1,-1,1,1,1,1,-1,1,-1,1,-1,1,-1,-1,-1,-1,-1,-1,-1,-1,-1,-1,-1,1,-1,1,-1,1,1,-1,1,-1,1,1,-200.08098579607935,1
219,-1,1,-1,-1,-1,-1,-1,-1,-1,1,1,1,-1,1,-1,1,1,1,1,1,-1,1,-1,-1,-1,-1,1,-1,-1,1,-1,1,1,-1,1,1,-1,-1,-1,1,1,1,1,-1,-1,1,-1,-1,1,-1,1,-1,-1,1,-1,1,-1,1,1,-1,1,1,1,-1,-1,-1,1,-1,1,1,-1,1,-1,1,-1,1,1,-1,1,-1,1,1,-1,1,1,-1,-1,1,-1,1,1,1,1,-1,-1,1,-1,-1,1,1,1,1,1,1,-1,1,1,-1,1,1,1,1,1,-1,1,-1,1,1,-1,-1,1,1,1,-1,1,1,1,1,-1,-1,1,-1,1,-1,1,-1,1,1,-1,1,-1,1,1,1,-1,1,-1,-1,-1,-1,-1,1,-1,1,-1,-1,-1,1,1,-1,-1,-1,-1,1,-1,-1,-1,1,1,-1,-1,-1,1,1,1,-1,1,-1,-1,-1,-1,-1,1,1,-1,-1,1,1,-1,-1,1,-1,1,-1,1,1,1,1,1,1,1,1,1,1,1,-1,-1,-1,1,-1,-1,1,-1,1,-1,-1,-200.04535650293943,1
220,-1,-1,1,-1,-1,-1,-1,-1,-1,1,1,1,-1,1,-1,1,1,1,1,1,-1,1,-1,-1,-1,-1,1,-1,-1,1,-1,1,1,-1,1,1,-1,-1,-1,1,1,1,1,-1,-1,1,-1,-1,1,-1,1,-1,-1,1,-1,1,-1,1,1,-1,1,1,1,-1,-1,-1,1,-1,1,1,-1,1,-1,1,-1,1,1,-1,1,-1,-1,1,-1,1,1,-1,-1,1,-1,1,1,1,1,-1,-1,1,-1,-1,1,1,1,1,1,1,-1,1,1,-1,1,1,1,1,1,-1,1,-1,1,1,-1,-1,1,1,1,-1,1,1,1,1,-1,-1,1,-1,1,-1,1,-1,1,1,-1,1,-1,1,1,1,-1,1,-1,-1,-1,-1,-1,1,-1,1,-1,1,-1,1,1,-1,-1,-1,-1,1,-1,-1,-1,1,1,-1,-1,-1,1,1,1,-1,1,-1,-1,-1,-1,-1,1,1,-1,-1,1,1,-1,-1,1,-1,1,-1,1,1,1,-1,1,1,-1,1,1,1,1,-1,1,-1,1,-1,1,-1,1,1,-1,-1,-200.02154721958723,1
221,-1,1,-1,-1,-1,-1,-1,-1,-1,1,1,1,-1,1,-1,1,1,1,1,1,-1,1,-1,-1,-1,-1,1,-1,-1,1,-1,1,1,-1,1,-1,-1,-1,-1,1,1,1,1,-1,-1,1,-1,-1,1,-1,1,-1,-1,1,-1,1,-1,1,1,-1,1,1,1,-1,-1,-1,1,-1,1,1,-1,1,-1,1,-1,1,1,-1,1,-1,1,1,-1,1,1,-1,-1,1,-1,1,1,1,1,-1,-1,1,-1,-1,1,1,1,1,1,1,-1,1,1,-1,1,1,1,1,1,-1,1,-1,1,1,-1,-1,1,1,1,-1,1,1,1,1,-1,-1,1,-1,1,-1,1,-1,1,-1,-1,1,-1,1,1,1,-1,1,-1,-1,-1,-1,-1,1,-1,1,-1,-1,-1,1,1,-1,-1,-1,-1,1,-1,-1,-1,1,1,-1,-1,-1,1,1,1,-1,1,-1,1,-1,-1,-1,1,1,-1,-1,1,1,-1,-1,1,-1,1,-1,1,1,1,-1,1,1,-1,1,1,1,1,-1,1,-1,1,-1,-1,1,-1,1,-1,-1,-199.9626896860247,1
222,-1,-1,1,1,1,1,1,1,1,-1,-1,-1,-1,1,-1,-1,1,1,1,1,-1,1,-1,-1,1,1,-1,-1,1,-1,-1,1,-1,1,1,-1,1,1,1,1,-1,-1,-1,-1,-1,-1,1,-1,1,1,-1,-1,1,1,1,-1,1,-1,1,1,-1,-1,-1,1,-1,1,-1,1,-1,-1,1,-1,1,-1,1,-1,-1,1,1,-1,-1,1,1,-1,-1,1,1,-1,1,-1,-1,-1,1,-1,1,-1,-1,1,-1,-1,-1,-1,-1,-1,-1,1,-1,-1,1,-1,1,1,1,-1,1,-1,1,1,-1,-1,1,1,1,1,-1,-1,1,-1,1,1,-1,1,-1,1,-1,1,1,1,-1,-1,1,1,1,-1,1,-1,1,1,1,1,1,-1,-1,-1,1,-1,1,-1,-1,1,1,1,1,-1,1,1,-1,1,-1,1,1,1,-1,-1,-1,1,-1,-1,1,1,-1,-1,1,-1,1,1,1,1,-1,1,-1,1,-1,1,-1,-1,-1,-1,-1,-1,-1,-1,-1,-1,-1,1,1,1,-1,1,1,1,-1,-1,1,1,-199.94191034680458,1
223,-1,1,-1,-1,-1,-1,-1,-1,-1,1,1,1,-1,1,-1,1,1,1,1,1,-1,1,-1,-1,-1,-1,1,-1,-1,1,-1,1,1,-1,1,-1,-1,-1,-1,1,1,1,1,-1,-1,1,-1,-1,1,-1,1,-1,-1,1,-1,1,-1,1,1,-1,1,1,1,-1,-1,-1,1,-1,1,1,-1,1,-1,1,-1,1,1,-1,1,-1,-1,1,-1,1,1,-1,-1,1,-1,1,1,1,1,-1,-1,1,-1,-1,1,1,1,1,1,1,-1,1,1,-1,1,1,1,1,1,-1,1,-1,1,1,-1,-1,1,1,1,-1,1,1,1,1,-1,-1,1,-1,1,-1,1,-1,1,1,-1,1,-1,1,1,1,-1,1,-1,-1,-1,-1,-1,1,-1,1,-1,-1,-1,1,1,-1,-1,-1,-1,1,-1,-1,-1,1,1,-1,-1,-1,1,1,1,-1,1,-1,1,-1,-1,-1,1,1,-1,-1,1,1,-1,-1,1,-1,1,-1,1,1,1,-1,1,1,-1,1,1,1,1,-1,1,-1,1,-1,-1,-1,1,1,-1,-1,-199.91690908488494,1
224,-1,1,-1,-1,-1,-1,-1,-1,-1,1,1,1,-1,1,-1,1,1,1,1,1,-1,1,-1,-1,-1,-1,1,-1,-1,1,-1,1,1,-1,1,1,-1,-1,-1,1,1,1,1,-1,-1,1,-1,-1,1,-1,1,-1,-1,1,-1,1,-1,1,1,-1,1,1,1,-1,-1,-1,1,-1,1,1,-1,1,-1,1,-1,1,1,-1,1,-1,-1,1,-1,1,1,-1,-1,1,-1,1,1,1,1,-1,-1,1,-1,-1,1,1,1,1,1,1,-1,1,1,-1,1,1,1,1,1,-1,1,-1,1,1,-1,-1,1,1,1,-1,1,1,1,1,-1,-1,1,-1,1,-1,1,-1,1,1,-1,1,-1,1,1,1,-1,1,-1,-1,-1,-1,-1,1,-1,1,-1,1,-1,1,1,-1,-1,-1,-1,1,-1,-1,-1,1,1,-1,-1,-1,1,1,-1,-1,1,-1,-1,-1,-1,-1,1,1,-1,-1,1,1,-1,-1,1,-1,1,-1,1,1,1,-1,1,1,-1,1,1,1,1,-1,1,-1,1,-1,1,-1,1,1,-1,-1,-199.9068604130096,1
225,-1,1,-1,-1,-1,-1,-1,-1,-1,1,1,1,-1,1,-1,1,1,1,1,1,-1,1,-1,-1,1,-1,1,-1,-1,1,-1,1,1,-1,1,1,-1,-1,-1,1,1,1,1,-1,-1,1,-1,-1,1,-1,1,-1,-1,1,-1,1,-1,1,1,-1,1,1,1,-1,-1,-1,1,-1,1,1,-1,1,-1,1,-1,1,1,-1,1,-1,-1,1,-1,1,1,-1,-1,1,-1,1,1,1,1,-1,-1,1,-1,-1,1,1,1,1,1,1,-1,1,1,-1,1,1,1,1,1,-1,1,-1,1,1,-1,-1,1,1,1,-1,1,1,1,1,-1,-1,1,-1,1,-1,1,-1,1,1,-1,1,-1,1,1,1,-1,1,-1,-1,-1,-1,-1,1,-1,1,-1,1,-1,1,1,-1,-1,-1,-1,1,-1,-1,-1,1,1,-1,-1,-1,1,1,-1,-1,1,-1,-1,-1,-1,-1,1,1,-1,-1,1,1,-1,-1,1,-1,1,-1,1,1,1,-1,1,1,1,1,1,1,1,-1,1,-1,1,-1,-1,-1,1,1,-1,-1,-199.88180132514717,1
226,-1,1,-1,-1,-1,-1,-1,-1,-1,1,1,1,-1,1,-1,1,1,1,1,1,-1,1,-1,-1,1,-1,1,-1,-1,1,-1,1,1,-1,1,-1,-1,-1,-1,1,1,1,1,-1,-1,1,-1,-1,1,-1,1,-1,-1,1,-1,1,-1,1,1,-1,1,1,1,-1,-1,-1,1,-1,1,1,-1,1,-1,1,-1,1,1,-1,1,-1,-1,1,-1,1,1,-1,-1,1,-1,1,1,1,1,-1,-1,1,-1,-1,1,1,1,1,1,1,-1,1,1,-1,1,1,1,1,1,-1,1,-1,1,1,-1,-1,1,1,1,-1,1,1,1,1,-1,-1,1,-1,1,-1,1,-1,1,-1,-1,1,-1,1,1,1,-1,1,-1,-1,-1,-1,-1,1,-1,1,-1,-1,-1,1,1,-1,-1,-1,-1,1,-1,-1,-1,1,1,-1,-1,-1,1,1,1,-1,1,-1,1,-1,-1,-1,1,1,-1,-1,1,1,-1,-1,1,-1,1,-1,1,1,1,-1,1,1,-1,1,1,1,1,-1,1,-1,1,-1,-1,-1,1,1,-1,-1,-199.8767993902829,1
227,-1,1,-1,-1,-1,-1,-1,-1,-1,1,1,1,-1,1,-1,1,1,1,1,1,-1,1,-1,-1,-1,-1,1,-1,-1,1,-1,1,1,-1,1,1,-1,-1,-1,1,1,1,1,-1,-1,1,-1,-1,1,-1,1,-1,-1,1,-1,1,-1,1,1,-1,1,1,1,-1,-1,-1,1,-1,1,1,-1,1,-1,1,-1,1,1,-1,1,-1,-1,1,-1,1,1,-1,-1,1,-1,1,1,1,1,-1,-1,1,-1,-1,1,1,1,1,1,1,-1,1,1,-1,1,1,1,1,1,-1,1,-1,1,1,-1,-1,1,1,1,-1,1,1,1,1,-1,-1,1,-1,1,-1,1,-1,1,-1,-1,1,-1,1,1,1,-1,1,-1,-1,-1,-1,-1,1,-1,1,-1,1,-1,1,1,-1,-1,-1,-1,1,-1,-1,-1,1,1,-1,-1,-1,1,1,1,-1,1,-1,-1,-1,-1,-1,1,1,-1,-1,1,1,-1,-1,1,1,1,-1,1,1,1,-1,1,1,-1,1,1,1,1,-1,1,-1,1,-1,-1,1,-1,1,-1,-1,-199.875334209886,1
228,-1,1,-1,-1,-1,-1,1,1,1,-1,-1,-1,-1,1,-1,-1,1,1,1,1,-1,1,1,-1,1,1,-1,-1,1,-1,-1,1,-1,1,1,-1,1,1,1,1,-1,-1,-1,-1,-1,-1,1,-1,1,1,-1,-1,1,1,1,-1,1,-1,1,1,-1,-1,-1,1,-1,1,-1,1,-1,-1,1,-1,1,-1,1,-1,-1,1,1,-1,-1,1,-1,-1,-1,1,1,-1,1,-1,1,-1,-1,-1,1,-1,-1,1,-1,-1,-1,-1,-1,-1,-1,1,-1,-1,1,-1,1,1,1,-1,1,-1,1,1,-1,-1,1,1,1,1,-1,-1,1,-1,1,1,-1,1,-1,1,-1,1,1,1,-1,-1,1,1,1,-1,1,-1,1,1,1,1,1,-1,1,-1,1,-1,1,-1,-1,1,1,1,1,-1,1,1,-1,1,-1,1,1,-1,-1,-1,-1,1,-1,-1,1,1,-1,-1,1,-1,1,1,1,1,-1,1,-1,1,-1,1,-1,-1,-1,-1,-1,-1,1,-1,-1,-1,1,-1,-1,1,-1,1,-1,-1,1,1,-1,-1,-199.84340055837922,1
229,-1,1,-1,-1,-1,-1,-1,-1,-1,1,1,1,-1,1,-1,1,1,1,1,1,-1,1,-1,-1,1,-1,1,-1,-1,1,-1,1,1,-1,1,1,-1,-1,-1,1,1,1,1,-1,-1,1,-1,-1,1,-1,1,-1,-1,1,-1,1,-1,1,1,-1,1,1,1,-1,-1,-1,1,-1,1,1,-1,1,-1,1,-1,1,1,-1,1,-1,-1,1,-1,1,1,-1,-1,1,-1,1,1,1,1,-1,-1,1,-1,-1,1,1,1,1,1,1,-1,1,1,-1,1,1,1,1,1,-1,1,-1,-1,1,-1,-1,1,1,1,-1,1,1,1,1,-1,-1,1,-1,1,-1,1,-1,1,1,-1,1,-1,1,1,1,-1,1,-1,-1,-1,-1,-1,1,-1,1,-1,1,-1,1,1,-1,-1,-1,-1,1,-1,-1,-1,1,1,-1,-1,-1,1,1,-1,-1,1,-1,-1,-1,-1,-1,1,1,-1,-1,1,1,-1,-1,1,-1,1,-1,1,1,1,-1,1,1,-1,1,1,1,1,-1,1,-1,1,-1,-1,-1,1,1,-1,-1,-199.8214616396399,1
230,-1,1,-1,-1,-1,-1,-1,-1,-1,1,1,1,-1,1,-1,1,1,1,1,1,-1,1,-1,-1,1,-1,1,-1,-1,1,-1,1,1,-1,1,1,-1,-1,-1,1,1,1,1,-1,-1,1,-1,-1,1,-1,1,-1,-1,1,-1,1,-1,1,1,-1,1,1,1,-1,-1,-1,1,-1,1,1,-1,1,-1,1,-1,1,1,-1,1,-1,1,1,-1,1,1,-1,-1,1,-1,1,1,1,1,-1,-1,1,1,-1,1,1,1,1,1,1,-1,1,1,-1,1,1,-1,1,1,-1,1,-1,1,1,-1,-1,1,1,1,-1,1,1,1,1,-1,-1,1,-1,1,-1,1,-1,1,1,-1,1,-1,1,1,1,-1,1,-1,-1,-1,-1,-1,1,-1,1,-1,1,-1,1,1,-1,-1,-1,-1,1,-1,-1,-1,1,1,-1,-1,-1,1,1,1,-1,1,-1,-1,-1,-1,-1,1,1,-1,-1,1,1,-1,-1,1,-1,1,-1,1,1,1,-1,1,1,1,1,1,1,1,-1,1,-1,1,-1,-1,1,-1,1,-1,-1,-199.80418216991046,1
231,-1,1,-1,-1,-1,-1,1,1,1,-1,-1,-1,-1,1,-1,-1,1,1,1,1,-1,1,-1,-1,1,1,-1,-1,1,-1,-1,1,-1,1,1,-1,1,1,1,1,-1,-1,-1,-1,-1,-1,1,-1,1,1,-1,-1,1,1,1,-1,1,-1,1,1,-1,-1,-1,1,-1,1,-1,1,-1,-1,1,-1,1,-1,1,-1,-1,1,1,-1,-1,1,1,-1,-1,1,1,-1,1,-1,-1,-1,-1,-1,1,-1,-1,1,-1,-1,-1,-1,-1,-1,-1,1,1,-1,1,-1,1,1,1,-1,1,-1,1,1,-1,-1,1,1,1,1,-1,-1,1,-1,1,1,-1,1,-1,1,-1,1,1,1,-1,-1,1,1,1,-1,1,-1,1,1,1,1,1,-1,1,-1,1,-1,1,-1,-1,1,1,1,1,-1,1,1,-1,1,-1,1,-1,1,-1,-1,-1,1,-1,-1,1,1,-1,-1,1,-1,1,1,1,1,-1,1,-1,1,-1,1,-1,-1,-1,-1,-1,-1,-1,-1,-1,-1,1,-1,-1,1,-1,1,-1,-1,1,-1,1,1,-199.798219282738,1
232,-1,1,-1,-1,-1,-1,-1,-1,-1,1,-1,1,-1,1,-1,1,1,1,1,1,-1,1,-1,-1,1,-1,1,-1,-1,1,-1,1,1,-1,1,1,-1,-1,-1,1,1,1,1,-1,-1,1,-1,-1,1,-1,1,-1,-1,1,-1,1,-1,1,1,-1,1,1,1,-1,-1,-1,1,-1,1,1,-1,1,-1,1,-1,1,1,-1,1,-1,-1,1,-1,1,1,-1,-1,1,-1,1,1,1,1,-1,-1,1,-1,-1,1,1,1,1,1,1,-1,1,1,-1,1,1,1,1,1,-1,1,-1,1,1,-1,-1,1,1,1,-1,1,1,1,1,-1,-1,1,-1,1,-1,1,-1,1,1,-1,1,-1,1,1,1,-1,1,-1,-1,-1,-1,-1,1,-1,1,-1,-1,-1,1,1,-1,-1,-1,-1,1,-1,-1,-1,1,1,-1,-1,-1,1,1,-1,-1,1,-1,-1,-1,-1,-1,1,1,-1,-1,1,1,-1,-1,1,-1,1,-1,1,1,1,-1,1,1,-1,1,1,1,1,-1,1,-1,1,-1,-1,1,-1,1,-1,-1,-199.77174792274172,1
233,-1,1,-1,-1,-1,-1,-1,-1,-1,1,1,1,-1,1,-1,1,1,1,1,1,-1,1,-1,-1,-1,-1,1,-1,-1,1,-1,1,1,-1,1,1,-1,-1,-1,1,1,1,1,-1,-1,1,-1,-1,1,-1,1,-1,-1,1,-1,1,-1,1,1,-1,1,1,1,-1,-1,-1,1,-1,1,1,-1,1,-1,1,-1,1,1,-1,1,-1,-1,1,-1,1,1,-1,-1,1,-1,1,1,1,1,-1,-1,1,-1,-1,1,1,1,1,1,1,-1,1,1,-1,1,1,1,1,1,-1,1,-1,-1,1,-1,-1,1,1,1,-1,1,1,1,1,-1,-1,1,-1,1,-1,1,-1,1,1,-1,1,-1,1,1,1,-1,1,-1,-1,-1,-1,-1,1,-1,1,-1,-1,-1,1,1,-1,-1,-1,-1,1,-1,-1,-1,1,1,-1,-1,-1,1,1,-1,-1,1,-1,-1,-1,-1,-1,1,1,-1,-1,1,1,-1,-1,1,-1,1,-1,1,1,1,-1,1,1,1,1,1,1,1,-1,1,-1,1,-1,-1,1,-1,1,-1,-1,-199.76708302390153,1
234,-1,1,-1,-1,-1,-1,-1,-1,-1,1,1,1,-1,1,-1,1,1,1,1,1,-1,1,-1,-1,-1,-1,1,-1,-1,1,-1,1,1,-1,1,1,-1,-1,-1,1,1,1,1,-1,-1,1,-1,-1,1,-1,1,-1,-1,1,-1,1,-1,1,1,-1,1,1,1,-1,-1,-1,1,-1,1,1,-1,1,-1,1,-1,1,1,-1,1,-1,-1,1,-1,1,1,-1,-1,1,-1,1,1,1,1,1,-1,1,1,-1,1,1,1,1,1,1,-1,1,1,-1,1,1,-1,1,1,-1,1,-1,-1,1,-1,1,1,1,1,-1,1,1,1,1,-1,-1,1,-1,1,-1,1,-1,1,-1,-1,1,-1,1,1,1,-1,1,-1,-1,-1,-1,-1,1,-1,1,-1,-1,-1,1,1,-1,-1,-1,-1,1,-1,-1,-1,1,1,-1,-1,-1,1,1,1,-1,1,-1,-1,-1,-1,-1,1,1,-1,-1,1,1,-1,-1,1,-1,1,-1,1,1,1,-1,1,1,1,1,1,1,1,-1,1,-1,1,-1,-1,1,-1,1,-1,-1,-199.7656229877273,1
235,-1,1,-1,-1,-1,-1,-1,-1,-1,1,1,1,-1,1,-1,1,1,1,1,1,-1,1,-1,-1,1,-1,1,-1,-1,1,-1,1,1,-1,1,1,-1,-1,-1,1,1,1,1,-1,-1,1,-1,-1,1,-1,1,-1,-1,1,-1,1,-1,1,1,-1,1,1,1,-1,-1,-1,1,-1,1,1,-1,1,-1,1,-1,1,1,-1,1,-1,1,1,-1,1,1,-1,-1,1,-1,1,1,1,1,1,-1,1,1,-1,1,1,1,1,1,1,-1,1,1,-1,1,1,-1,1,1,-1,1,-1,-1,1,-1,1,1,1,1,-1,1,1,1,1,-1,-1,1,-1,1,-1,1,-1,1,-1,-1,1,-1,1,1,1,-1,1,-1,-1,-1,-1,-1,1,-1,1,-1,1,-1,1,1,-1,-1,-1,-1,1,-1,-1,-1,1,1,-1,-1,-1,1,1,-1,-1,1,-1,-1,-1,-1,-1,1,1,-1,-1,1,1,-1,-1,1,-1,1,-1,1,1,1,-1,1,1,1,1,1,1,1,-1,1,-1,1,-1,-1,1,-1,1,-1,-1,-199.69206666384258,1
236,-1,1,-1,-1,-1,-1,-1,-1,-1,1,1,1,-1,1,-1,1,1,1,1,1,-1,1,-1,-1,-1,-1,1,-1,-1,1,-1,1,1,-1,1,1,-1,-1,-1,1,1,1,1,-1,-1,1,-1,-1,1,-1,1,-1,-1,1,-1,1,-1,1,1,-1,1,1,1,-1,-1,-1,1,-1,1,1,-1,1,-1,1,-1,1,1,-1,1,-1,1,1,-1,1,1,-1,-1,1,-1,1,1,1,1,1,-1,1,1,-1,1,1,1,1,1,1,-1,1,1,-1,1,1,-1,1,1,-1,1,-1,-1,1,-1,1,1,1,1,-1,1,1,1,1,-1,-1,1,-1,1,-1,1,-1,1,1,-1,1,-1,1,1,1,-1,1,-1,-1,-1,-1,-1,1,-1,1,-1,-1,-1,1,1,-1,-1,-1,-1,1,-1,-1,-1,1,1,-1,-1,-1,1,1,1,-1,1,-1,-1,-1,-1,-1,1,1,-1,-1,1,1,-1,-1,1,-1,1,-1,1,1,1,-1,1,1,-1,1,1,1,1,-1,1,-1,1,-1,-1,1,-1,1,-1,-1,-199.6835897674902,1
237,-1,1,-1,-1,-1,-1,-1,-1,-1,1,1,1,-1,1,-1,1,1,1,1,1,-1,1,-1,-1,1,-1,1,-1,-1,1,-1,1,1,-1,1,1,1,-1,-1,1,1,1,1,-1,-1,1,-1,-1,1,-1,1,-1,-1,1,-1,1,-1,1,1,-1,1,1,1,-1,-1,-1,1,-1,1,1,-1,1,-1,1,-1,1,1,-1,1,-1,-1,1,-1,1,1,-1,-1,1,-1,1,1,1,1,-1,-1,1,-1,-1,1,1,1,1,1,1,-1,1,1,-1,1,1,1,1,1,-1,1,-1,1,1,-1,-1,1,1,1,-1,1,1,1,1,-1,-1,1,-1,1,-1,1,-1,1,-1,-1,1,-1,1,1,1,-1,1,-1,-1,-1,-1,-1,1,-1,1,-1,1,-1,1,1,-1,-1,-1,-1,1,-1,-1,-1,1,1,-1,-1,-1,1,1,1,-1,1,-1,-1,-1,-1,-1,1,1,-1,-1,1,1,-1,-1,1,-1,1,-1,1,1,1,-1,1,1,-1,1,1,1,1,-1,1,-1,1,-1,-1,-1,1,1,-1,-1,-199.6280198373067,1
238,-1,-1,1,-1,-1,-1,-1,-1,-1,1,1,1,-1,1,-1,1,1,1,1,1,-1,1,-1,-1,1,-1,1,-1,-1,1,-1,1,1,-1,1,1,-1,-1,-1,1,1,1,1,-1,-1,1,-1,-1,1,-1,1,-1,-1,1,-1,1,-1,1,1,-1,1,1,1,-1,-1,-1,1,-1,1,1,-1,1,-1,1,-1,1,1,-1,1,-1,-1,1,-1,1,1,-1,-1,1,-1,1,1,1,1,-1,-1,1,-1,-1,1,1,1,1,1,1,-1,1,1,-1,1,1,1,1,1,-1,1,-1,-1,1,-1,-1,1,1,1,-1,1,1,1,1,-1,-1,1,-1,1,-1,1,-1,1,1,-1,1,-1,1,1,1,-1,1,-1,-1,-1,-1,-1,1,-1,1,-1,-1,-1,1,1,-1,-1,-1,-1,1,-1,-1,-1,1,1,-1,-1,-1,1,1,1,-1,1,-1,-1,-1,-1,-1,1,1,-1,-1,1,1,-1,-1,1,-1,1,-1,1,1,1,-1,1,1,-1,1,1,1,1,-1,1,-1,1,-1,-1,1,-1,1,-1,-1,-199.5675196403141,1
239,1,1,-1,1,1,1,1,1,1,-1,-1,-1,-1,1,-1,-1,-1,1,-1,-1,1,-1,1,-1,1,1,-1,-1,1,-1,1,1,-1,-1,1,-1,1,1,1,1,-1,-1,-1,-1,-1,-1,1,-1,1,1,-1,-1,1,1,1,-1,1,-1,1,1,-1,-1,-1,1,-1,1,-1,1,-1,-1,1,-1,1,-1,1,-1,-1,1,1,-1,-1,1,-1,-1,-1,1,1,-1,1,-1,-1,-1,1,-1,1,-1,-1,1,-1,-1,-1,-1,-1,-1,-1,1,1,-1,1,-1,1,-1,-1,1,1,-1,1,1,-1,-1,1,1,1,1,-1,-1,-1,-1,1,1,-1,1,-1,1,-1,1,1,1,1,-1,1,-1,1,-1,1,-1,1,1,1,1,1,-1,-1,-1,1,-1,1,-1,-1,1,1,1,1,-1,1,1,-1,1,-1,1,1,1,-1,-1,-1,1,-1,-1,1,1,-1,-1,1,-1,1,1,1,1,-1,1,-1,1,-1,1,-1,-1,-1,-1,-1,-1,-1,-1,-1,-1,1,-1,1,1,1,-1,1,-1,1,-1,1,1,-199.5393659504968,1
240,-1,-1,1,-1,-1,-1,-1,-1,-1,1,1,1,-1,1,-1,1,1,1,1,1,-1,1,-1,-1,1,-1,1,-1,-1,1,-1,1,1,-1,1,1,-1,-1,-1,1,1,1,1,-1,-1,1,-1,-1,1,-1,1,-1,-1,1,-1,1,-1,1,1,-1,1,1,1,-1,-1,-1,1,-1,1,1,-1,1,-1,1,-1,1,1,-1,1,-1,-1,1,-1,1,1,-1,-1,1,-1,1,1,1,1,-1,-1,1,-1,-1,1,1,1,1,1,1,-1,1,1,-1,1,1,1,1,1,-1,1,-1,1,1,-1,-1,1,1,1,-1,1,1,1,1,-1,-1,1,-1,1,-1,1,-1,1,-1,-1,1,-1,1,1,1,-1,1,-1,-1,-1,-1,-1,1,-1,1,-1,1,-1,1,1,-1,-1,-1,-1,1,-1,-1,-1,1,1,-1,-1,-1,1,1,1,-1,1,-1,-1,-1,-1,-1,1,1,-1,-1,1,1,-1,-1,1,-1,1,-1,1,1,1,-1,1,1,1,1,1,1,1,-1,1,-1,1,-1,-1,1,-1,1,-1,-1,-199.4840035267105,1
241,-1,1,-1,-1,-1,-1,-1,-1,-1,1,1,1,-1,1,-1,1,1,1,1,1,-1,1,-1,-1,1,-1,1,-1,-1,1,-1,1,1,-1,1,1,-1,-1,-1,1,1,1,1,-1,-1,1,-1,-1,1,-1,1,-1,-1,1,-1,1,-1,1,1,-1,1,1,1,-1,-1,-1,1,-1,1,1,-1,1,-1,1,-1,1,1,-1,1,-1,-1,1,-1,1,1,-1,-1,1,-1,1,1,1,1,1,-1,1,1,-1,1,1,1,1,1,1,-1,1,1,-1,1,1,-1,1,1,-1,1,-1,-1,1,-1,1,1,1,1,-1,1,1,1,1,-1,-1,1,-1,1,-1,1,-1,1,-1,-1,1,-1,1,1,1,-1,1,-1,-1,-1,-1,-1,1,-1,1,-1,-1,-1,1,1,-1,-1,-1,-1,1,-1,-1,-1,1,1,-1,-1,-1,1,1,1,-1,1,-1,-1,-1,-1,-1,1,1,-1,-1,1,1,-1,-1,1,1,1,-1,1,1,1,-1,1,1,-1,1,1,1,1,-1,1,-1,1,-1,-1,1,-1,1,-1,-1,-199.4767699669216,1
242,1,-1,1,-1,-1,-1,-1,-1,-1,1,1,1,1,-1,1,1,-1,-1,-1,-1,1,-1,1,-1,-1,-1,1,1,-1,1,1,-1,1,-1,-1,1,-1,-1,-1,-1,1,1,-1,-1,-1,1,-1,-1,-1,-1,1,1,-1,1,-1,1,-1,1,1,-1,1,1,1,-1,1,1,1,-1,1,1,-1,1,-1,1,-1,1,1,-1,-1,1,-1,-1,-1,1,1,-1,-1,1,-1,1,-1,1,1,1,-1,1,1,-1,1,1,1,1,1,1,-1,-1,1,-1,-1,1,-1,-1,-1,1,-1,1,-1,-1,1,1,-1,-1,-1,-1,1,1,-1,1,-1,-1,1,-1,1,-1,1,-1,-1,-1,1,-1,-1,-1,-1,1,-1,1,-1,-1,-1,-1,-1,1,-1,1,-1,-1,-1,1,1,-1,-1,-1,-1,1,-1,-1,-1,1,1,-1,-1,-1,1,1,1,-1,1,1,-1,-1,-1,-1,1,1,-1,-1,1,1,-1,-1,1,-1,1,-1,1,1,1,-1,1,1,-1,1,1,1,1,-1,1,-1,1,-1,-1,1,-1,1,-1,-1,-199.43221631878157,1
243,-1,1,-1,-1,-1,-1,-1,-1,-1,1,1,1,-1,1,-1,1,1,1,1,1,-1,1,-1,-1,1,-1,1,-1,-1,1,-1,1,1,-1,1,1,-1,-1,-1,1,1,1,1,-1,-1,1,-1,-1,1,-1,1,-1,-1,1,-1,1,-1,1,1,-1,1,1,1,-1,-1,-1,1,-1,1,1,-1,1,-1,1,-1,1,1,-1,1,-1,-1,1,-1,1,1,-1,-1,1,-1,1,1,1,1,1,-1,1,1,-1,1,1,1,1,1,1,-1,1,1,-1,1,1,-1,1,1,-1,1,-1,-1,1,-1,1,1,1,1,-1,1,1,1,1,-1,-1,1,-1,1,-1,1,-1,1,-1,-1,1,-1,1,1,1,-1,1,-1,-1,-1,-1,-1,1,-1,1,-1,-1,-1,1,1,-1,-1,-1,-1,1,-1,-1,-1,1,1,-1,-1,-1,1,1,-1,-1,1,-1,-1,-1,-1,-1,1,1,-1,-1,1,1,-1,-1,1,-1,1,-1,1,1,1,-1,1,1,-1,1,1,1,1,-1,1,-1,1,-1,1,-1,1,1,-1,-1,-199.43174285082353,1
244,-1,1,-1,-1,-1,-1,1,1,1,-1,-1,1,-1,-1,-1,-1,1,1,-1,-1,1,1,-1,-1,1,1,-1,-1,1,-1,-1,1,-1,1,1,-1,1,1,1,1,-1,-1,-1,-1,-1,-1,1,-1,1,1,-1,-1,1,1,1,-1,1,-1,1,-1,-1,-1,-1,1,-1,1,-1,1,-1,-1,1,-1,1,-1,-1,-1,-1,-1,1,-1,-1,1,-1,-1,-1,1,1,-1,1,-1,-1,-1,1,-1,1,-1,-1,1,-1,-1,-1,-1,-1,-1,-1,1,-1,-1,1,-1,1,1,1,-1,1,-1,1,1,-1,-1,1,1,1,1,-1,-1,1,-1,1,1,-1,1,-1,1,-1,1,1,1,1,-1,1,1,1,-1,1,-1,1,1,1,1,1,-1,1,-1,1,1,1,-1,-1,1,1,1,1,-1,1,1,-1,1,-1,1,1,1,-1,1,-1,1,-1,-1,1,1,-1,-1,1,-1,1,1,1,1,-1,1,-1,1,-1,1,-1,1,1,-1,-1,-1,-1,-1,1,1,1,-1,1,-1,1,-1,-1,-1,1,1,-1,-1,-199.40830677789958,1
245,1,-1,1,-1,-1,-1,1,-1,-1,1,1,1,-1,1,1,1,-1,-1,-1,-1,1,-1,1,1,-1,-1,1,1,-1,1,1,-1,1,1,-1,1,-1,-1,-1,-1,1,1,-1,-1,-1,1,-1,1,-1,-1,1,1,-1,-1,-1,1,-1,1,1,-1,1,1,1,-1,1,-1,1,-1,1,1,-1,1,-1,1,-1,1,1,-1,-1,1,-1,-1,1,1,1,-1,-1,1,-1,1,1,1,1,1,-1,1,1,-1,1,1,1,1,1,1,-1,-1,1,-1,-1,1,-1,-1,-1,1,-1,1,-1,-1,1,1,-1,-1,-1,1,1,1,1,1,-1,-1,1,-1,1,-1,1,-1,-1,-1,1,-1,-1,-1,-1,1,-1,1,-1,-1,-1,-1,-1,1,-1,1,-1,-1,-1,1,1,-1,-1,-1,-1,1,-1,-1,-1,1,1,-1,-1,-1,1,1,1,-1,1,1,-1,-1,1,1,-1,1,-1,-1,-1,1,-1,-1,1,-1,1,-1,1,1,1,-1,1,1,-1,1,1,1,1,-1,1,-1,1,-1,1,-1,1,1,-1,-1,-199.39096145215674,1
246,-1,1,-1,-1,-1,-1,-1,-1,-1,1,1,1,-1,1,1,1,1,-1,1,1,-1,1,-1,1,1,-1,1,-1,-1,1,-1,1,1,-1,1,1,-1,-1,-1,1,1,1,1,-1,-1,1,-1,-1,1,-1,1,-1,-1,1,-1,1,-1,1,1,-1,1,1,1,-1,-1,-1,1,-1,1,1,-1,1,-1,1,-1,1,1,-1,1,-1,-1,1,-1,1,1,-1,-1,1,-1,1,1,1,1,-1,-1,1,-1,-1,1,1,1,1,1,1,-1,1,1,-1,1,1,1,1,1,-1,1,-1,1,1,-1,-1,1,1,1,-1,1,1,1,1,-1,-1,1,-1,1,-1,1,-1,1,1,-1,1,-1,1,1,1,-1,1,-1,-1,-1,-1,-1,1,-1,1,-1,-1,-1,1,1,-1,-1,-1,-1,1,-1,-1,-1,1,1,-1,-1,-1,1,1,1,-1,1,1,-1,-1,-1,-1,1,1,-1,-1,1,1,-1,-1,1,-1,1,-1,1,1,1,-1,1,1,-1,1,1,1,1,-1,1,-1,1,-1,-1,-1,1,1,-1,-1,-199.35099442906488,1
247,1,-1,1,-1,-1,-1,-1,-1,-1,1,1,1,1,-1,1,1,-1,-1,-1,-1,1,-1,1,1,-1,-1,1,1,-1,1,1,-1,1,-1,-1,1,-1,-1,-1,-1,1,1,-1,-1,-1,1,-1,1,-1,-1,1,1,-1,-1,-1,1,-1,1,1,-1,1,1,1,-1,1,-1,1,-1,1,1,-1,1,-1,1,-1,1,1,-1,-1,1,-1,-1,1,1,1,-1,-1,1,-1,1,-1,1,1,1,-1,1,1,-1,1,1,1,1,1,1,-1,-1,1,-1,-1,1,-1,-1,-1,1,-1,1,-1,-1,1,1,-1,-1,-1,-1,1,1,-1,1,-1,-1,1,-1,1,-1,1,-1,-1,-1,1,-1,-1,-1,-1,1,-1,1,-1,-1,-1,-1,-1,1,-1,1,-1,1,-1,1,1,-1,-1,-1,-1,1,-1,-1,-1,1,1,-1,-1,-1,1,1,1,-1,1,1,-1,-1,1,1,-1,1,-1,-1,-1,1,-1,-1,1,-1,1,-1,1,1,1,-1,1,1,-1,1,1,1,1,-1,1,-1,1,-1,1,-1,1,1,-1,-1,-199.32250784492706,1
248,-1,1,-1,-1,-1,-1,-1,-1,-1,1,-1,1,1,-1,1,1,1,1,1,1,-1,1,-1,-1,-1,-1,1,1,-1,1,-1,1,1,1,-1,1,-1,-1,-1,-1,1,1,1,-1,-1,1,-1,-1,-1,-1,1,1,-1,1,-1,1,-1,1,1,-1,1,1,1,-1,-1,-1,-1,1,1,1,-1,1,-1,1,-1,1,-1,-1,-1,1,-1,-1,-1,1,1,-1,-1,-1,1,-1,-1,-1,1,1,-1,1,1,-1,1,1,1,1,1,1,-1,-1,1,-1,-1,1,-1,1,1,-1,-1,1,-1,-1,1,1,-1,-1,-1,-1,1,1,-1,-1,-1,-1,1,-1,1,-1,1,-1,1,1,-1,1,-1,1,1,-1,-1,1,-1,-1,-1,-1,-1,1,-1,1,1,-1,-1,1,1,-1,-1,-1,-1,1,-1,-1,-1,1,1,-1,-1,1,1,-1,1,-1,1,-1,-1,-1,-1,-1,1,1,-1,-1,1,1,-1,-1,1,-1,1,-1,1,1,1,-1,1,1,1,1,1,1,1,-1,1,-1,1,-1,-1,-1,1,1,-1,-1,-199.29528667977533,1
249,1,-1,1,-1,-1,-1,1,-1,-1,1,1,1,-1,1,1,1,-1,-1,-1,-1,1,-1,1,1,-1,-1,1,1,-1,1,1,-1,1,1,-1,1,-1,-1,-1,-1,1,1,-1,-1,-1,1,-1,-1,-1,-1,1,1,-1,1,-1,1,-1,1,1,-1,1,1,1,-1,1,1,1,-1,1,1,-1,1,-1,1,-1,1,1,-1,-1,1,-1,-1,-1,1,1,-1,-1,1,-1,1,1,1,1,1,-1,1,1,-1,1,1,1,1,1,1,-1,-1,1,-1,-1,1,-1,-1,-1,1,-1,1,-1,-1,1,1,-1,-1,-1,1,1,1,1,1,-1,-1,1,-1,1,-1,1,-1,-1,-1,1,-1,-1,-1,-1,1,-1,1,-1,-1,-1,-1,-1,1,-1,1,-1,-1,-1,1,1,-1,-1,-1,-1,1,-1,-1,-1,1,1,-1,-1,-1,1,1,1,-1,1,1,-1,-1,-1,-1,1,1,-1,-1,1,1,-1,-1,1,-1,1,-1,1,1,1,-1,1,1,-1,1,1,1,1,-1,1,-1,1,-1,-1,1,-1,1,-1,-1,-199.27235151802523,1
250,-1,1,-1,-1,-1,-1,-1,-1,-1,1,1,1,-1,1,-1,1,1,1,1,1,-1,1,-1,-1,1,-1,1,-1,-1,1,-1,1,1,-1,1,1,-1,-1,-1,1,1,1,1,-1,-1,1,-1,-1,1,-1,1,-1,-1,1,-1,1,-1,1,1,-1,1,1,1,-1,-1,-1,1,-1,1,1,-1,1,-1,1,-1,1,1,-1,1,-1,1,1,-1,1,1,-1,-1,1,-1,1,1,1,1,1,-1,1,1,-1,1,1,1,1,1,1,-1,1,1,-1,1,1,-1,1,1,-1,1,-1,-1,1,-1,1,1,1,1,-1,1,1,1,1,-1,-1,1,-1,1,-1,1,-1,1,1,-1,1,-1,1,1,1,-1,1,-1,-1,-1,-1,-1,1,-1,1,-1,-1,-1,1,1,-1,-1,-1,-1,1,-1,-1,-1,1,1,-1,-1,-1,1,1,-1,-1,1,-1,-1,-1,-1,-1,1,1,-1,-1,1,1,-1,-1,1,-1,1,-1,1,1,1,1,1,1,1,1,1,1,1,-1,1,-1,1,-1,-1,1,-1,1,-1,-1,-199.25427292687638,1
251,-1,1,-1,-1,-1,-1,-1,-1,-1,1,-1,1,-1,1,-1,1,1,1,1,1,-1,1,-1,-1,1,-1,1,-1,-1,1,-1,1,1,-1,1,-1,-1,-1,-1,1,1,1,1,-1,-1,1,-1,-1,1,-1,1,-1,-1,1,-1,1,-1,1,1,-1,1,1,1,-1,-1,-1,1,-1,1,1,-1,1,-1,1,-1,1,1,-1,1,-1,1,1,-1,1,1,-1,-1,1,-1,1,1,1,1,-1,-1,1,-1,-1,1,1,1,1,1,1,-1,1,1,-1,1,1,1,1,1,-1,1,-1,1,1,-1,-1,1,1,1,-1,1,1,1,1,-1,-1,1,-1,1,-1,1,-1,1,1,-1,1,-1,1,1,1,-1,1,-1,-1,-1,-1,-1,1,-1,1,-1,1,-1,1,1,-1,-1,-1,-1,1,-1,-1,-1,1,1,-1,-1,1,1,1,-1,-1,1,-1,1,-1,-1,-1,1,1,-1,-1,1,1,-1,-1,1,-1,1,-1,1,1,1,-1,1,1,-1,1,1,1,1,-1,1,-1,1,-1,-1,1,-1,1,-1,-1,-199.22027012091328,1
252,-1,1,-1,-1,-1,-1,-1,-1,-1,1,1,1,-1,1,-1,1,1,1,1,1,-1,1,-1,-1,1,-1,1,-1,-1,1,-1,1,1,1,1,1,-1,-1,-1,1,1,1,1,-1,-1,1,-1,-1,1,-1,1,-1,-1,1,-1,1,-1,1,1,-1,1,1,1,-1,-1,-1,1,-1,1,1,-1,1,-1,1,-1,1,1,-1,1,-1,-1,1,-1,1,1,-1,-1,1,-1,-1,1,1,1,-1,-1,1,-1,-1,1,1,1,1,1,1,-1,1,1,-1,1,1,1,1,1,-1,1,-1,1,1,-1,-1,1,1,1,-1,1,1,1,1,-1,-1,1,-1,1,-1,1,-1,1,-1,-1,1,-1,1,1,1,-1,1,-1,-1,-1,-1,-1,1,-1,1,-1,1,-1,1,1,-1,-1,-1,-1,1,-1,-1,-1,1,1,-1,-1,-1,1,1,1,-1,1,-1,-1,-1,-1,-1,1,1,-1,-1,1,1,-1,-1,1,-1,1,-1,1,1,1,-1,1,1,1,1,1,1,1,-1,1,-1,1,-1,-1,-1,1,1,-1,-1,-199.20345687721746,1
253,-1,1,-1,-1,-1,-1,-1,-1,-1,1,1,1,-1,1,-1,1,1,1,1,1,-1,1,-1,-1,1,-1,1,-1,-1,1,-1,1,1,-1,1,1,-1,-1,-1,1,1,1,1,1,1,1,-1,-1,1,-1,1,-1,-1,-1,-1,1,-1,1,1,-1,1,1,1,-1,-1,-1,1,-1,1,1,-1,1,-1,1,-1,1,1,-1,1,1,-1,1,1,1,1,-1,-1,1,-1,1,1,1,1,-1,-1,1,-1,-1,1,1,1,1,1,1,-1,1,1,-1,1,1,1,1,1,-1,1,-1,1,1,-1,-1,1,1,1,-1,1,1,1,1,-1,-1,1,-1,1,-1,1,-1,1,1,-1,1,-1,1,1,1,-1,1,-1,-1,-1,-1,-1,1,-1,1,-1,-1,-1,1,1,-1,-1,-1,-1,1,-1,-1,-1,1,1,-1,-1,-1,1,1,1,-1,1,-1,-1,-1,1,1,-1,1,-1,-1,1,1,-1,-1,1,-1,1,-1,1,1,1,-1,1,1,-1,1,1,1,1,-1,1,-1,1,-1,-1,1,-1,1,-1,-1,-199.19390178306455,1
254,-1,1,-1,1,1,1,-1,-1,-1,1,1,-1,1,-1,1,1,1,-1,1,1,-1,-1,-1,1,-1,-1,1,1,-1,1,-1,1,1,-1,-1,1,-1,-1,-1,-1,1,1,1,1,1,1,-1,1,-1,-1,1,1,-1,-1,-1,1,-1,-1,-1,1,1,1,1,-1,-1,-1,1,-1,1,1,-1,1,-1,1,1,1,1,1,-1,1,-1,-1,-1,-1,1,-1,1,1,-1,1,-1,1,-1,1,-1,1,1,-1,1,1,1,1,1,1,1,-1,1,1,-1,1,-1,-1,-1,1,-1,1,-1,-1,1,1,-1,-1,-1,-1,1,1,-1,-1,-1,-1,1,-1,1,-1,1,-1,1,1,-1,1,-1,1,-1,1,-1,1,-1,-1,-1,-1,-1,1,-1,1,-1,-1,-1,1,1,-1,-1,-1,-1,1,-1,-1,1,-1,1,-1,-1,-1,1,1,1,-1,1,1,-1,-1,1,1,-1,1,-1,-1,-1,-1,1,-1,-1,1,1,-1,1,1,-1,1,1,-1,-1,1,-1,-1,-1,1,-1,1,-1,1,1,-1,1,-1,1,1,-199.19217925990318,1
255,-1,1,-1,-1,-1,-1,-1,-1,-1,1,1,1,-1,1,-1,1,1,1,1,1,-1,1,-1,-1,-1,-1,1,-1,-1,1,1,1,1,-1,1,1,-1,-1,-1,1,1,1,1,-1,-1,1,-1,-1,1,-1,1,-1,-1,1,-1,1,-1,1,1,-1,1,1,1,-1,-1,-1,1,-1,1,1,-1,1,-1,1,-1,1,1,-1,1,-1,-1,1,-1,1,1,-1,-1,1,-1,1,1,1,1,1,-1,1,1,-1,1,1,1,1,1,1,-1,1,1,-1,1,1,-1,1,1,-1,1,-1,-1,1,-1,1,1,1,1,-1,1,1,1,1,-1,-1,1,-1,1,-1,1,-1,1,-1,-1,1,-1,1,1,1,-1,1,-1,-1,-1,-1,-1,1,-1,1,-1,1,-1,1,1,-1,-1,-1,-1,1,-1,-1,-1,1,1,-1,-1,-1,1,1,1,-1,1,-1,-1,-1,-1,-1,1,1,-1,-1,1,1,-1,-1,1,-1,1,-1,1,1,1,-1,1,1,-1,1,1,1,1,-1,1,-1,1,-1,-1,1,-1,1,-1,-1,-199.1458698098524,1
256,-1,1,-1,-1,-1,-1,-1,-1,-1,1,1,1,-1,1,-1,1,1,1,1,1,-1,1,-1,-1,1,-1,1,-1,-1,1,-1,1,1,-1,1,1,-1,-1,-1,1,1,1,1,-1,-1,1,-1,-1,1,-1,1,-1,-1,1,-1,1,-1,1,1,-1,1,1,1,-1,-1,-1,1,-1,1,1,-1,1,-1,1,-1,1,1,-1,1,-1,1,1,-1,1,1,-1,-1,1,-1,1,1,1,1,-1,-1,1,-1,-1,1,1,1,1,1,1,-1,1,1,-1,1,1,1,1,1,-1,1,-1,1,1,-1,-1,1,1,1,-1,1,1,1,1,-1,-1,1,-1,1,-1,1,-1,1,1,-1,1,-1,1,1,1,-1,1,-1,-1,-1,-1,-1,1,-1,1,-1,1,-1,1,1,-1,-1,-1,-1,1,-1,-1,-1,1,1,-1,-1,-1,1,1,-1,-1,1,-1,-1,-1,-1,-1,1,1,-1,-1,1,-1,1,-1,1,1,1,-1,1,1,1,-1,1,1,1,1,1,1,1,-1,1,-1,1,-1,-1,1,-1,1,-1,-1,-199.1212545778242,1
257,-1,1,-1,-1,-1,-1,-1,-1,-1,1,1,1,-1,1,-1,1,1,1,1,1,-1,1,-1,-1,1,-1,1,-1,-1,1,-1,1,1,-1,1,-1,-1,-1,-1,1,1,1,1,-1,-1,1,-1,-1,1,-1,1,-1,-1,1,-1,1,-1,1,1,-1,1,1,1,-1,-1,-1,1,-1,1,1,-1,1,-1,1,-1,1,1,-1,1,-1,1,1,-1,1,1,-1,-1,1,-1,1,1,1,1,-1,-1,1,1,-1,1,1,1,1,1,1,-1,1,1,-1,1,1,1,1,1,-1,1,-1,1,1,-1,-1,1,1,1,-1,1,1,1,1,-1,-1,1,-1,1,-1,1,-1,1,1,-1,1,-1,1,1,1,-1,1,-1,-1,-1,-1,-1,1,-1,1,-1,1,-1,1,1,-1,-1,-1,-1,1,-1,-1,-1,1,1,-1,-1,-1,1,1,1,-1,1,-1,1,-1,-1,-1,1,1,-1,-1,1,1,-1,-1,1,-1,1,-1,1,1,1,1,1,1,-1,1,1,1,1,-1,-1,-1,1,-1,-1,1,-1,1,-1,-1,-199.1207347662143,1
258,-1,1,-1,-1,-1,-1,-1,1,-1,1,-1,1,1,-1,1,1,1,1,1,1,-1,1,-1,-1,-1,-1,1,1,-1,1,-1,1,1,1,-1,1,-1,-1,-1,-1,1,1,1,-1,-1,1,-1,-1,-1,-1,1,1,-1,1,-1,1,-1,1,1,-1,1,1,1,-1,-1,-1,-1,1,1,1,-1,1,-1,1,-1,1,-1,-1,-1,1,-1,-1,-1,1,1,-1,-1,-1,1,-1,-1,-1,1,1,-1,1,1,-1,1,1,1,1,1,1,-1,-1,1,-1,-1,1,-1,1,1,-1,-1,1,-1,-1,1,1,-1,-1,-1,-1,1,1,-1,-1,-1,-1,1,-1,1,-1,1,-1,1,1,-1,1,-1,1,-1,-1,-1,1,-1,-1,-1,-1,-1,1,-1,1,1,-1,-1,1,1,1,1,-1,-1,1,-1,-1,-1,1,1,-1,-1,1,1,-1,-1,-1,1,-1,-1,-1,-1,-1,1,1,-1,-1,1,1,-1,-1,1,-1,1,-1,1,1,1,-1,1,1,1,1,1,1,1,-1,1,-1,1,-1,-1,1,-1,1,-1,-1,-199.06334949238374,1
259,-1,1,-1,-1,-1,-1,-1,-1,-1,1,1,1,-1,1,-1,1,1,1,1,1,-1,1,-1,-1,1,-1,1,-1,-1,1,-1,1,1,-1,1,1,-1,-1,-1,1,1,1,1,1,1,1,-1,-1,1,-1,1,-1,-1,-1,-1,1,-1,1,1,-1,1,1,1,-1,-1,-1,1,-1,1,1,-1,1,-1,1,-1,1,1,-1,1,1,-1,1,1,1,1,-1,-1,1,-1,1,1,1,1,-1,-1,1,-1,-1,1,1,1,1,1,1,-1,1,1,-1,1,1,1,1,1,-1,1,-1,1,1,-1,-1,1,1,1,-1,1,1,1,1,-1,-1,1,-1,1,-1,1,-1,1,1,-1,1,-1,1,1,1,-1,1,-1,-1,-1,-1,-1,1,-1,1,-1,1,-1,1,1,-1,-1,-1,-1,1,-1,-1,-1,1,1,-1,-1,-1,1,1,1,-1,1,-1,-1,-1,1,1,1,1,-1,-1,1,1,-1,-1,1,-1,1,-1,1,1,1,-1,1,1,-1,1,1,1,1,-1,1,-1,1,-1,-1,1,-1,1,-1,-1,-199.0628373372839,1
260,-1,1,-1,-1,-1,-1,-1,-1,-1,1,1,1,-1,1,-1,1,1,1,1,1,-1,-1,-1,-1,-1,-1,1,1,-1,1,1,-1,1,-1,-1,1,-1,-1,-1,-1,1,1,1,-1,-1,1,-1,-1,-1,-1,1,1,-1,1,-1,1,-1,1,1,-1,1,1,1,-1,1,1,1,-1,1,1,-1,1,-1,1,-1,1,1,-1,-1,1,-1,-1,-1,1,1,-1,-1,1,-1,1,1,1,1,1,-1,1,1,-1,1,1,1,1,1,1,-1,-1,1,-1,-1,1,-1,-1,-1,1,-1,1,-1,-1,1,1,-1,-1,-1,-1,1,1,-1,1,-1,-1,1,-1,1,-1,1,-1,-1,-1,-1,1,-1,1,-1,1,-1,1,-1,-1,-1,-1,-1,1,-1,1,-1,1,-1,1,1,-1,-1,-1,-1,1,-1,-1,-1,1,1,-1,-1,-1,1,1,1,-1,1,-1,-1,-1,-1,-1,1,1,-1,-1,1,1,-1,-1,1,-1,1,-1,1,1,1,-1,1,1,-1,1,1,1,1,-1,1,-1,1,-1,-1,1,-1,1,-1,-1,-199.05449219084565,1
261,-1,1,-1,-1,-1,-1,-1,-1,-1,1,1,1,-1,1,-1,1,1,1,1,1,-1,-1,-1,-1,-1,-1,1,1,-1,1,1,-1,1,-1,-1,1,-1,-1,-1,-1,1,1,-1,-1,-1,1,-1,-1,-1,-1,1,1,-1,1,-1,1,-1,1,1,-1,1,1,1,-1,1,1,1,-1,1,1,-1,1,-1,1,-1,1,1,-1,-1,1,-1,-1,-1,1,1,-1,-1,1,-1,1,-1,1,1,1,-1,1,1,-1,1,1,1,1,1,1,-1,-1,1,-1,-1,1,-1,-1,-1,1,-1,1,-1,-1,1,1,-1,-1,-1,-1,1,1,-1,1,-1,-1,1,-1,1,-1,1,-1,-1,-1,-1,-1,-1,1,-1,1,-1,1,-1,-1,-1,-1,-1,1,-1,1,-1,-1,-1,1,1,-1,-1,-1,-1,1,-1,-1,-1,1,1,-1,-1,-1,1,1,1,-1,1,-1,-1,-1,-1,-1,1,1,-1,-1,1,1,-1,-1,1,-1,1,-1,1,1,1,-1,1,1,-1,1,1,1,1,-1,1,-1,1,-1,-1,1,-1,1,-1,-1,-199.05238093932277,1
262,-1,1,-1,-1,-1,-1,-1,-1,-1,1,1,1,-1,1,-1,1,1,1,1,1,-1,-1,-1,-1,-1,-1,1,1,-1,1,1,-1,1,-1,-1,1,-1,-1,-1,-1,1,1,1,-1,-1,1,-1,-1,-1,-1,1,1,-1,1,-1,1,-1,1,1,-1,1,1,1,-1,1,1,1,-1,1,1,-1,1,-1,1,-1,1,1,-1,-1,1,-1,-1,-1,1,1,-1,-1,1,-1,1,-1,1,1,1,-1,1,1,-1,1,1,1,1,1,1,-1,-1,1,-1,-1,1,-1,-1,-1,1,-1,1,-1,-1,1,1,-1,-1,-1,-1,1,1,-1,1,-1,-1,1,-1,1,-1,1,-1,-1,-1,-1,1,-1,1,-1,1,-1,1,-1,-1,-1,-1,-1,1,-1,1,-1,-1,-1,1,1,-1,-1,-1,-1,1,-1,-1,-1,1,1,-1,-1,-1,1,1,1,-1,1,-1,-1,-1,-1,-1,1,1,-1,-1,1,1,-1,-1,1,-1,1,-1,1,1,1,-1,1,1,-1,1,1,1,1,-1,1,-1,1,-1,-1,1,-1,1,-1,-1,-199.03951636366187,1
263,-1,1,-1,1,1,1,-1,-1,-1,1,1,-1,1,-1,1,1,1,-1,1,1,-1,-1,-1,1,-1,-1,1,1,-1,1,-1,1,1,-1,-1,1,-1,-1,-1,-1,1,1,1,1,1,1,-1,1,-1,-1,1,1,-1,-1,-1,1,-1,-1,-1,1,1,1,1,-1,-1,-1,1,-1,1,1,-1,1,-1,1,1,1,1,1,-1,1,-1,-1,-1,-1,1,-1,1,1,-1,1,-1,1,-1,1,-1,1,1,-1,1,1,1,1,1,1,1,1,1,1,-1,1,-1,-1,-1,1,-1,1,-1,-1,1,1,-1,-1,-1,-1,1,1,-1,-1,-1,-1,1,-1,1,-1,1,-1,1,1,-1,1,-1,1,-1,1,-1,1,-1,-1,-1,-1,-1,1,-1,1,-1,1,-1,1,1,-1,-1,-1,-1,1,-1,-1,1,-1,1,-1,-1,-1,1,1,1,-1,1,1,-1,-1,1,1,-1,1,-1,-1,-1,-1,1,-1,-1,1,1,-1,1,1,-1,1,1,-1,-1,1,-1,-1,-1,1,-1,1,-1,1,1,-1,1,-1,1,1,-198.99443220739033,1
264,-1,1,-1,-1,-1,-1,-1,-1,-1,1,1,1,-1,1,-1,1,1,1,1,1,-1,-1,-1,-1,-1,-1,1,1,-1,1,1,-1,1,-1,-1,1,-1,-1,-1,-1,1,1,1,-1,-1,1,-1,-1,-1,-1,1,1,-1,1,-1,1,-1,1,1,-1,1,1,1,-1,1,1,1,-1,1,1,-1,1,-1,1,-1,1,1,-1,-1,1,-1,-1,-1,1,1,-1,-1,1,-1,1,1,1,1,1,-1,1,1,-1,1,1,1,1,1,1,-1,1,1,-1,-1,1,-1,-1,-1,1,-1,1,-1,-1,1,1,-1,-1,-1,-1,1,1,-1,1,-1,-1,1,-1,1,-1,1,-1,-1,-1,-1,1,-1,1,-1,1,-1,1,-1,-1,-1,-1,-1,1,-1,1,-1,-1,-1,1,1,-1,-1,-1,-1,1,-1,-1,-1,1,1,-1,-1,-1,1,1,1,-1,1,-1,-1,-1,-1,-1,1,1,-1,-1,1,1,-1,-1,1,-1,1,-1,1,1,1,-1,1,1,-1,1,1,1,1,-1,1,-1,1,-1,-1,1,-1,1,-1,-1,-198.9913500981112,1
265,-1,1,-1,-1,-1,-1,1,1,1,-1,-1,-1,1,-1,-1,-1,1,1,-1,-1,1,1,-1,-1,1,1,-1,-1,1,-1,-1,1,-1,1,1,-1,1,1,1,1,-1,-1,-1,-1,-1,-1,1,-1,1,1,-1,-1,1,1,1,-1,1,-1,1,-1,-1,-1,-1,1,-1,1,-1,1,-1,-1,1,-1,1,-1,-1,-1,-1,-1,1,-1,-1,1,-1,-1,-1,1,1,-1,1,-1,-1,-1,1,-1,1,-1,-1,1,-1,-1,-1,-1,-1,-1,-1,1,1,-1,1,-1,1,1,1,-1,1,-1,1,1,-1,-1,1,1,1,1,-1,-1,1,-1,1,1,-1,1,-1,1,-1,1,1,1,-1,-1,1,1,1,-1,1,-1,1,1,1,1,1,-1,-1,-1,1,-1,1,-1,-1,1,1,1,1,-1,1,1,-1,1,-1,1,1,1,-1,-1,-1,1,-1,-1,1,1,-1,-1,1,-1,1,1,1,1,-1,1,-1,1,-1,1,-1,-1,1,-1,-1,1,-1,-1,1,1,1,-1,1,1,1,-1,1,1,-1,-1,1,1,-198.98748350632172,1
266,-1,-1,1,-1,-1,-1,-1,-1,-1,1,1,1,1,-1,1,1,1,-1,1,1,-1,-1,-1,1,-1,-1,1,1,-1,1,-1,1,1,-1,-1,1,-1,-1,-1,-1,1,1,1,-1,-1,1,-1,1,-1,-1,1,1,-1,-1,-1,1,-1,1,1,-1,1,1,1,-1,-1,-1,1,-1,1,1,-1,1,-1,1,-1,1,1,-1,-1,1,-1,-1,1,1,1,-1,-1,1,-1,1,-1,1,1,1,-1,1,1,-1,1,1,1,1,1,1,-1,-1,1,-1,-1,1,-1,-1,-1,1,-1,1,-1,-1,1,1,-1,-1,-1,-1,1,1,-1,-1,-1,-1,1,-1,1,-1,1,-1,1,-1,-1,1,-1,1,1,1,-1,1,-1,-1,-1,-1,-1,1,-1,1,-1,1,-1,1,1,-1,-1,-1,-1,1,-1,-1,-1,1,1,-1,-1,-1,1,1,1,-1,1,1,-1,-1,1,1,-1,1,-1,-1,-1,1,-1,-1,1,-1,1,-1,1,1,1,-1,1,1,-1,1,1,1,1,-1,1,-1,1,-1,1,-1,1,1,-1,-1,-198.98546175391476,1
267,1,-1,1,1,1,1,1,-1,-1,1,1,1,-1,1,1,1,-1,-1,-1,-1,1,-1,1,1,-1,-1,1,1,-1,1,1,-1,1,1,-1,1,-1,-1,-1,-1,1,1,-1,-1,-1,1,-1,-1,-1,-1,1,1,-1,1,-1,1,-1,1,1,-1,1,1,1,-1,1,1,1,-1,1,1,-1,1,-1,1,-1,1,1,-1,-1,1,-1,-1,-1,1,1,-1,-1,1,-1,1,1,1,1,1,-1,1,1,-1,1,1,1,1,1,1,-1,-1,1,-1,-1,1,-1,-1,-1,1,-1,1,-1,-1,1,1,-1,-1,-1,1,1,1,1,1,-1,-1,1,-1,1,-1,1,-1,-1,-1,1,-1,-1,-1,-1,1,-1,1,-1,-1,-1,-1,-1,1,-1,1,-1,1,-1,1,1,-1,-1,-1,-1,1,-1,-1,-1,1,1,-1,-1,-1,1,1,1,-1,1,1,-1,-1,-1,-1,1,1,-1,-1,1,1,-1,-1,1,-1,1,-1,1,1,1,-1,1,1,-1,1,1,1,1,-1,1,-1,1,-1,1,-1,1,1,-1,-1,-198.95050809862593,1
268,-1,1,-1,-1,-1,-1,-1,-1,-1,1,1,1,-1,1,-1,1,1,1,1,1,-1,1,-1,-1,-1,-1,1,1,-1,1,1,-1,1,-1,-1,1,-1,-1,-1,-1,1,1,1,-1,-1,1,-1,-1,-1,-1,1,1,-1,1,-1,1,-1,1,1,-1,1,1,1,-1,1,1,1,-1,1,1,-1,1,-1,1,-1,1,1,-1,-1,1,-1,-1,-1,1,1,-1,-1,1,-1,1,1,1,1,1,-1,1,1,-1,1,1,1,1,1,1,-1,-1,1,-1,-1,1,-1,-1,-1,1,-1,1,-1,-1,1,1,-1,-1,-1,-1,1,1,1,1,-1,-1,1,-1,1,-1,1,-1,-1,-1,-1,1,-1,1,-1,1,-1,1,-1,-1,-1,-1,-1,1,-1,1,-1,1,-1,1,1,-1,-1,-1,-1,1,-1,-1,-1,1,1,-1,-1,-1,1,1,1,-1,1,-1,-1,-1,-1,-1,1,1,-1,-1,1,1,-1,-1,1,-1,1,-1,1,1,1,-1,1,1,-1,1,1,1,1,-1,1,-1,1,-1,-1,1,-1,1,-1,-1,-198.93456162390893,1
269,1,-1,1,1,1,1,-1,-1,-1,1,1,-1,1,-1,1,1,1,-1,1,1,-1,-1,-1,1,-1,-1,1,1,-1,1,-1,1,1,-1,-1,1,-1,-1,-1,-1,1,1,1,1,1,1,-1,1,-1,-1,1,1,-1,-1,-1,1,-1,-1,-1,1,1,1,1,-1,-1,-1,1,-1,1,1,-1,1,-1,1,1,1,1,1,-1,1,-1,-1,-1,-1,1,-1,1,1,-1,1,-1,1,-1,1,-1,1,1,-1,1,1,1,1,1,1,1,-1,1,1,-1,1,-1,-1,-1,1,-1,1,-1,-1,1,1,-1,-1,-1,-1,1,1,-1,-1,-1,-1,1,-1,1,-1,1,-1,1,1,-1,1,-1,1,-1,1,-1,1,-1,-1,-1,-1,-1,1,-1,1,-1,1,-1,1,1,-1,-1,-1,-1,1,-1,-1,1,-1,1,-1,-1,-1,1,1,1,-1,1,1,-1,-1,1,1,-1,1,-1,-1,-1,-1,1,-1,-1,1,1,-1,1,1,-1,1,1,-1,-1,1,-1,-1,-1,1,-1,1,-1,1,1,-1,1,-1,1,1,-198.92943790933938,1
270,-1,1,-1,-1,-1,-1,-1,-1,-1,1,1,1,-1,1,-1,1,1,1,1,1,-1,1,-1,-1,1,-1,1,-1,-1,1,-1,1,1,-1,1,1,-1,-1,-1,1,1,1,1,1,1,1,-1,-1,1,-1,1,-1,-1,1,-1,1,-1,1,1,-1,1,1,1,-1,-1,-1,1,-1,1,1,-1,1,-1,1,-1,1,1,-1,1,-1,1,1,-1,1,1,-1,-1,1,-1,1,1,1,1,-1,-1,1,-1,-1,1,1,1,1,1,1,-1,1,1,-1,1,1,1,1,1,-1,1,-1,1,1,-1,-1,1,1,1,-1,1,1,1,1,-1,-1,1,-1,1,-1,1,-1,1,1,-1,1,-1,1,1,1,-1,1,-1,-1,-1,-1,-1,1,-1,1,-1,-1,-1,1,1,-1,-1,-1,-1,1,-1,-1,-1,1,1,-1,-1,-1,1,1,1,-1,1,-1,-1,-1,-1,-1,1,1,-1,-1,1,1,-1,-1,1,-1,1,-1,1,1,1,-1,1,1,1,1,1,1,1,-1,1,-1,1,-1,-1,1,-1,1,-1,-1,-198.91404912977828,1
271,-1,-1,1,-1,-1,-1,-1,-1,-1,1,-1,1,1,-1,1,1,1,-1,1,1,-1,-1,-1,1,-1,-1,1,1,-1,1,-1,1,1,-1,-1,1,-1,-1,-1,-1,1,1,1,-1,-1,1,-1,1,-1,-1,1,1,-1,-1,-1,1,-1,1,1,-1,1,1,1,-1,-1,-1,1,-1,1,1,-1,1,-1,1,-1,1,1,-1,-1,1,-1,-1,1,1,1,-1,-1,1,-1,1,1,1,1,1,-1,1,1,-1,1,1,1,1,1,1,-1,-1,1,-1,-1,1,-1,-1,-1,1,-1,1,-1,-1,1,1,-1,-1,-1,-1,1,1,-1,-1,-1,-1,1,-1,1,-1,1,-1,1,-1,-1,1,-1,1,1,1,-1,1,-1,-1,-1,-1,-1,1,-1,1,-1,-1,-1,1,1,-1,-1,-1,-1,1,-1,-1,-1,1,1,-1,-1,1,1,1,1,-1,1,1,-1,-1,1,1,1,1,-1,-1,-1,1,-1,-1,1,-1,1,-1,1,1,1,-1,1,1,-1,1,1,1,1,-1,1,-1,1,-1,1,-1,1,1,-1,-1,-198.9084169214114,1
272,-1,1,-1,-1,-1,-1,-1,-1,-1,1,1,1,-1,1,-1,1,1,1,1,1,-1,1,-1,-1,1,-1,1,-1,-1,1,-1,1,1,-1,1,1,-1,-1,-1,1,1,1,1,-1,-1,1,-1,-1,1,-1,1,-1,-1,1,-1,1,-1,1,1,-1,1,1,1,-1,-1,-1,1,-1,1,1,-1,1,-1,1,-1,1,1,-1,1,-1,1,1,-1,1,1,-1,-1,1,-1,1,1,1,1,-1,-1,1,-1,-1,1,1,1,1,1,1,-1,1,1,-1,1,1,1,1,1,-1,1,-1,1,1,-1,-1,1,1,1,-1,1,1,1,1,-1,-1,1,-1,1,-1,1,-1,1,-1,-1,1,-1,1,1,1,-1,1,-1,-1,-1,-1,-1,1,-1,1,-1,-1,-1,1,1,-1,-1,-1,-1,1,-1,-1,-1,1,1,-1,-1,1,1,1,-1,-1,1,-1,-1,-1,-1,-1,1,1,-1,-1,1,1,-1,-1,1,-1,1,-1,1,1,1,1,1,1,1,1,1,1,1,-1,1,-1,1,-1,-1,1,-1,1,-1,-1,-198.90696483514392,1
273,-1,-1,1,-1,-1,-1,-1,-1,-1,1,1,1,-1,1,-1,1,1,1,1,1,-1,1,-1,-1,1,-1,1,-1,-1,1,-1,1,1,-1,1,1,-1,-1,-1,1,1,1,1,-1,-1,1,-1,-1,1,-1,1,-1,-1,1,-1,1,-1,1,1,-1,1,1,1,-1,-1,-1,1,-1,1,1,-1,1,-1,1,-1,1,1,-1,1,-1,1,1,-1,1,1,-1,-1,1,-1,1,1,1,1,-1,-1,1,-1,-1,1,1,1,1,1,1,-1,1,1,-1,1,1,1,1,1,-1,1,-1,-1,1,-1,-1,1,1,1,-1,1,1,1,1,-1,-1,1,-1,1,-1,1,-1,1,1,-1,1,-1,1,1,1,-1,1,-1,-1,-1,-1,-1,1,-1,1,-1,1,-1,1,1,-1,-1,-1,-1,1,-1,-1,-1,1,1,-1,-1,-1,1,1,1,-1,1,-1,-1,-1,-1,-1,1,1,-1,-1,1,1,-1,-1,1,-1,1,-1,1,1,1,1,1,1,1,1,1,1,1,-1,1,-1,1,-1,1,1,-1,1,-1,-1,-198.88210609460072,1
274,-1,1,-1,1,1,1,-1,-1,-1,1,1,-1,1,-1,1,1,1,-1,1,1,-1,-1,-1,1,-1,-1,1,1,-1,1,-1,1,1,1,-1,1,-1,-1,-1,-1,1,1,1,1,1,1,-1,1,-1,-1,1,1,-1,-1,-1,1,-1,-1,-1,1,1,1,1,-1,-1,-1,1,-1,1,1,-1,1,-1,1,1,1,1,1,-1,1,-1,-1,-1,-1,1,-1,1,1,-1,1,-1,1,-1,1,-1,1,1,-1,1,1,1,1,1,1,1,1,1,1,-1,1,-1,-1,-1,1,-1,1,-1,-1,1,1,-1,-1,-1,-1,1,1,-1,-1,-1,-1,1,-1,1,-1,1,-1,1,1,-1,1,-1,1,-1,1,-1,1,-1,-1,-1,-1,-1,1,-1,1,-1,-1,-1,1,1,-1,-1,-1,-1,1,-1,-1,1,-1,1,-1,-1,-1,1,1,1,-1,1,1,-1,-1,1,1,-1,1,-1,-1,-1,-1,1,-1,-1,1,1,-1,1,1,-1,1,1,-1,-1,1,-1,-1,-1,1,-1,1,-1,1,1,-1,1,-1,1,1,-198.87565036538257,1
275,-1,1,-1,-1,-1,-1,-1,-1,-1,1,1,1,-1,1,-1,1,1,1,1,1,-1,-1,-1,-1,-1,-1,1,1,-1,1,1,-1,1,-1,-1,1,-1,-1,-1,-1,1,1,-1,-1,-1,1,-1,-1,-1,-1,1,1,-1,1,-1,1,-1,1,1,-1,1,1,1,-1,1,1,1,-1,1,1,-1,1,-1,1,-1,1,1,-1,-1,1,-1,-1,-1,1,1,-1,-1,1,-1,1,1,1,1,1,-1,1,1,-1,1,1,1,1,1,1,-1,-1,1,-1,-1,1,-1,-1,-1,1,-1,1,-1,-1,1,1,-1,-1,-1,-1,1,1,-1,1,-1,-1,1,-1,1,-1,1,-1,-1,-1,-1,-1,-1,1,-1,1,-1,1,-1,-1,-1,-1,-1,1,-1,1,-1,1,-1,1,1,-1,-1,-1,-1,1,-1,-1,-1,1,1,-1,-1,-1,1,1,1,-1,1,-1,-1,-1,-1,-1,1,1,-1,-1,1,1,-1,-1,1,-1,1,-1,1,1,1,-1,1,1,-1,1,1,1,1,-1,1,-1,1,-1,-1,-1,1,1,-1,-1,-198.8497816022408,1
276,-1,1,-1,-1,-1,-1,-1,-1,-1,1,1,1,-1,1,-1,1,1,1,1,1,-1,1,-1,-1,1,-1,1,-1,-1,1,-1,1,1,-1,1,1,-1,-1,-1,1,1,1,1,1,1,1,-1,-1,1,-1,1,-1,-1,1,-1,1,-1,1,1,-1,1,1,1,-1,-1,-1,1,-1,1,1,-1,1,-1,1,-1,1,1,-1,1,-1,-1,1,-1,1,1,-1,-1,1,-1,1,1,1,1,-1,-1,1,-1,-1,1,1,1,1,1,1,-1,1,1,-1,1,1,1,1,1,-1,1,-1,1,1,-1,-1,1,1,1,-1,1,1,1,1,-1,-1,1,-1,1,-1,1,-1,1,1,-1,1,-1,1,1,1,-1,1,-1,-1,-1,-1,-1,1,-1,1,-1,-1,-1,1,1,-1,-1,-1,-1,1,-1,-1,-1,1,1,-1,-1,-1,1,1,-1,-1,1,-1,-1,-1,-1,-1,1,1,-1,-1,1,1,-1,-1,1,-1,1,-1,1,1,1,-1,1,1,-1,1,1,1,1,-1,1,-1,1,-1,-1,1,-1,1,-1,-1,-198.83105661418747,1
277,-1,1,-1,-1,-1,-1,-1,-1,-1,1,1,1,-1,1,-1,1,1,1,1,1,-1,1,-1,-1,-1,-1,1,1,-1,1,-1,1,1,1,-1,1,-1,-1,-1,-1,1,1,1,-1,-1,1,-1,-1,-1,-1,1,1,-1,1,-1,1,-1,1,1,-1,1,1,1,-1,-1,-1,1,-1,1,1,-1,1,-1,1,-1,1,1,-1,-1,1,-1,-1,1,1,1,-1,-1,1,-1,1,1,1,1,1,-1,1,1,-1,1,1,1,1,1,1,-1,1,1,-1,-1,1,-1,1,1,-1,-1,1,-1,-1,1,1,-1,-1,-1,-1,1,1,-1,-1,-1,-1,1,-1,1,-1,1,-1,1,-1,-1,1,-1,1,1,1,-1,1,-1,-1,-1,-1,-1,1,-1,1,-1,1,-1,1,1,-1,-1,-1,-1,1,-1,-1,-1,1,1,-1,-1,-1,1,1,1,-1,1,-1,-1,-1,-1,1,-1,1,-1,-1,1,1,-1,-1,1,-1,1,-1,1,1,1,-1,1,1,-1,1,1,1,1,-1,1,-1,1,-1,-1,1,-1,1,-1,-1,-198.79174298546656,1
278,-1,1,-1,-1,-1,-1,1,-1,-1,-1,-1,1,-1,1,-1,1,1,1,1,1,-1,1,-1,-1,1,-1,1,-1,-1,1,-1,1,1,-1,1,1,-1,-1,-1,1,1,1,1,-1,-1,1,-1,-1,1,-1,1,-1,-1,1,-1,1,-1,1,1,-1,1,1,1,-1,-1,-1,1,-1,1,1,-1,1,-1,1,-1,1,1,-1,1,-1,1,1,-1,1,1,-1,-1,1,-1,1,1,1,1,-1,-1,1,-1,-1,1,1,1,1,1,1,-1,1,1,-1,1,1,1,1,1,-1,1,-1,1,1,-1,-1,1,1,1,-1,1,1,1,1,-1,-1,1,-1,1,-1,1,-1,1,-1,-1,1,-1,1,1,1,-1,1,-1,-1,-1,-1,-1,1,-1,1,-1,1,-1,1,1,-1,-1,-1,-1,1,-1,-1,-1,1,1,-1,-1,-1,1,1,1,-1,1,-1,-1,-1,-1,-1,1,1,-1,-1,1,1,-1,-1,1,-1,1,-1,1,1,1,-1,1,1,-1,1,1,1,1,-1,-1,-1,1,-1,-1,1,-1,1,-1,-1,-198.75376437383736,1
279,-1,1,-1,-1,-1,-1,-1,-1,-1,1,1,1,-1,1,-1,1,1,1,1,1,-1,1,-1,-1,-1,-1,1,1,-1,1,1,-1,1,-1,-1,1,-1,-1,-1,-1,1,1,-1,-1,-1,1,-1,-1,-1,-1,1,1,-1,1,-1,1,-1,1,1,-1,1,1,1,-1,1,1,1,-1,1,1,-1,1,-1,1,-1,1,1,-1,-1,1,-1,-1,-1,1,1,-1,-1,1,-1,1,1,1,1,1,-1,1,1,-1,1,1,1,1,1,1,-1,1,1,-1,-1,1,-1,-1,-1,1,-1,1,-1,-1,1,1,-1,-1,-1,-1,1,1,-1,1,-1,-1,1,-1,1,-1,1,-1,-1,-1,-1,-1,-1,1,-1,1,-1,1,-1,-1,-1,-1,-1,1,-1,1,-1,1,-1,1,1,-1,-1,-1,-1,1,-1,-1,-1,1,1,-1,-1,-1,1,1,1,-1,1,-1,-1,-1,-1,-1,1,1,-1,-1,1,1,-1,-1,1,-1,1,-1,1,1,1,-1,1,1,-1,1,1,1,1,-1,1,-1,1,-1,-1,1,-1,1,-1,-1,-198.74506399263907,1
280,-1,1,-1,-1,-1,-1,-1,-1,-1,1,1,1,-1,1,-1,1,1,1,1,1,-1,1,-1,-1,-1,-1,1,1,-1,1,1,-1,1,-1,-1,1,-1,-1,-1,-1,1,1,1,-1,-1,1,-1,-1,-1,-1,1,1,-1,1,-1,1,-1,1,1,-1,1,1,1,-1,1,1,1,-1,1,1,-1,1,-1,1,-1,1,1,-1,-1,1,-1,-1,-1,1,1,-1,-1,1,-1,1,1,1,1,1,-1,1,1,-1,1,1,1,1,1,1,-1,-1,1,-1,-1,1,-1,-1,-1,1,-1,1,-1,-1,1,1,-1,-1,-1,-1,1,1,1,1,-1,-1,1,-1,1,-1,1,-1,-1,-1,-1,1,-1,1,-1,1,-1,1,-1,-1,-1,-1,-1,1,-1,1,-1,1,-1,1,1,-1,-1,-1,-1,1,-1,-1,-1,1,1,-1,-1,-1,1,1,1,-1,1,-1,-1,-1,-1,-1,1,1,-1,-1,1,1,-1,-1,1,-1,1,-1,1,1,1,-1,1,1,-1,1,1,1,1,-1,1,-1,1,-1,-1,-1,1,1,-1,-1,-198.71698645964318,1
281,-1,1,-1,-1,-1,-1,-1,-1,-1,1,1,1,-1,1,-1,1,1,1,1,1,-1,-1,-1,-1,-1,-1,1,1,-1,1,-1,1,1,1,-1,1,-1,-1,-1,-1,1,1,1,-1,-1,1,-1,-1,-1,-1,1,1,-1,1,-1,1,-1,1,1,-1,1,1,1,-1,-1,-1,1,-1,1,1,-1,1,-1,1,-1,1,1,-1,-1,1,-1,-1,-1,1,1,-1,-1,1,-1,1,-1,1,1,1,-1,1,1,-1,1,1,1,1,1,1,-1,-1,1,-1,-1,1,-1,-1,-1,1,-1,1,-1,-1,1,1,-1,-1,-1,-1,1,1,-1,-1,-1,-1,1,-1,1,-1,1,-1,1,1,-1,1,-1,1,1,1,-1,1,-1,-1,-1,-1,-1,1,-1,1,-1,-1,-1,1,1,-1,-1,-1,-1,1,-1,-1,-1,1,1,-1,-1,-1,1,1,1,-1,1,-1,-1,-1,-1,-1,1,1,-1,-1,1,1,-1,-1,1,-1,1,-1,1,1,1,-1,1,1,1,1,1,1,1,-1,1,-1,1,-1,-1,1,-1,1,-1,-1,-198.67848812656064,1
282,-1,1,-1,-1,-1,-1,-1,-1,-1,1,1,1,-1,1,-1,1,1,1,1,1,-1,1,-1,-1,1,-1,1,-1,-1,1,-1,1,1,-1,1,1,-1,-1,-1,1,1,1,1,-1,-1,1,-1,-1,1,-1,1,-1,-1,1,-1,1,-1,1,1,-1,1,1,1,-1,-1,-1,1,-1,1,-1,-1,1,-1,1,-1,1,1,-1,1,-1,-1,1,-1,1,1,-1,-1,1,-1,1,1,1,1,-1,-1,1,-1,-1,1,1,1,1,1,1,-1,1,1,-1,1,1,1,1,1,-1,1,-1,-1,1,-1,-1,1,1,1,-1,1,1,1,1,-1,-1,1,-1,1,-1,1,-1,1,1,-1,1,-1,1,1,1,-1,1,-1,-1,-1,-1,-1,1,-1,1,-1,1,-1,1,1,-1,-1,-1,-1,1,-1,-1,-1,1,1,-1,-1,-1,1,1,-1,-1,1,-1,-1,-1,-1,-1,1,1,-1,-1,1,1,-1,-1,1,1,1,-1,1,1,1,-1,1,1,-1,1,1,1,1,-1,1,-1,1,-1,-1,1,-1,1,-1,-1,-198.6600958466939,1
283,-1,1,-1,1,1,1,-1,-1,-1,1,1,-1,1,-1,1,1,1,-1,1,1,-1,1,-1,1,-1,-1,1,1,-1,1,-1,1,1,1,-1,1,-1,-1,-1,-1,1,1,1,1,1,1,-1,1,-1,-1,1,1,-1,-1,-1,1,-1,-1,-1,1,1,1,1,-1,-1,-1,1,-1,1,1,-1,1,-1,1,1,1,1,1,-1,1,-1,-1,-1,-1,1,-1,1,1,-1,1,-1,1,-1,1,-1,1,1,-1,1,1,1,1,1,1,1,1,1,1,-1,1,-1,-1,-1,1,-1,1,1,-1,1,1,-1,-1,-1,-1,1,1,-1,-1,-1,-1,1,-1,1,-1,1,-1,1,1,-1,1,-1,1,-1,1,-1,1,-1,-1,-1,-1,-1,1,-1,1,-1,1,-1,1,1,-1,-1,-1,-1,1,-1,-1,1,-1,1,-1,-1,-1,1,1,1,-1,1,1,-1,-1,1,1,-1,1,-1,-1,-1,-1,1,-1,-1,1,1,-1,1,1,-1,1,1,-1,-1,1,-1,-1,-1,1,-1,1,-1,1,1,-1,1,-1,1,1,-198.63125624058904,1
284,-1,1,-1,-1,-1,-1,-1,-1,-1,1,1,1,-1,1,-1,1,1,1,1,1,-1,-1,-1,-1,-1,-1,1,1,-1,1,-1,1,1,-1,1,1,-1,-1,-1,-1,1,1,1,-1,-1,1,-1,-1,-1,-1,1,1,-1,1,-1,1,-1,1,1,-1,1,1,1,-1,-1,-1,1,-1,1,1,-1,1,-1,1,-1,1,1,-1,-1,1,-1,-1,1,1,1,-1,-1,1,-1,1,-1,1,1,1,-1,1,1,-1,1,1,1,1,1,1,-1,-1,1,-1,-1,1,-1,-1,-1,1,-1,1,-1,-1,1,1,-1,-1,-1,-1,1,1,1,1,-1,-1,1,-1,1,-1,1,-1,1,-1,-1,1,-1,1,1,1,-1,1,-1,-1,-1,-1,-1,1,-1,1,-1,1,-1,1,1,-1,-1,-1,-1,1,-1,-1,-1,1,1,-1,-1,-1,1,1,1,-1,1,-1,-1,-1,-1,1,1,1,-1,-1,1,1,-1,-1,1,-1,1,-1,1,1,1,-1,1,1,-1,1,1,1,1,-1,1,-1,1,-1,-1,1,-1,1,-1,-1,-198.61111201233933,1
285,1,-1,1,-1,-1,-1,-1,-1,-1,1,1,1,1,-1,1,1,-1,-1,1,1,-1,-1,1,-1,-1,-1,1,1,-1,1,1,-1,1,-1,-1,1,-1,-1,-1,-1,1,1,-1,-1,-1,1,-1,-1,-1,-1,1,1,-1,1,-1,1,-1,1,1,-1,1,1,1,-1,1,1,1,-1,1,1,-1,1,-1,1,-1,1,1,-1,-1,1,-1,-1,-1,1,1,-1,-1,1,-1,1,1,1,1,1,-1,1,1,-1,1,1,1,1,1,1,-1,1,1,-1,-1,1,-1,-1,-1,1,-1,1,-1,-1,1,1,-1,-1,-1,-1,1,1,-1,1,-1,-1,1,-1,1,-1,1,-1,-1,-1,1,-1,-1,-1,-1,1,-1,1,-1,-1,-1,-1,-1,1,-1,1,-1,1,-1,1,1,-1,-1,-1,-1,1,-1,-1,-1,1,1,-1,-1,-1,1,1,1,-1,1,1,-1,-1,-1,-1,1,1,-1,-1,1,1,-1,-1,1,-1,1,-1,1,1,1,-1,1,1,-1,1,1,1,1,-1,1,-1,1,-1,1,1,-1,1,-1,-1,-198.61029325996267,1
286,-1,1,-1,-1,-1,-1,-1,-1,-1,1,1,1,-1,1,-1,1,1,1,1,1,-1,1,-1,-1,1,-1,1,-1,-1,1,-1,1,1,-1,1,-1,-1,-1,-1,1,1,1,1,-1,-1,1,-1,-1,1,-1,1,-1,-1,1,-1,1,-1,1,1,-1,1,1,-1,-1,-1,-1,1,-1,1,1,-1,1,-1,1,-1,1,1,-1,1,-1,-1,1,-1,1,1,-1,-1,1,-1,1,1,1,1,1,-1,1,1,-1,1,1,1,1,1,1,-1,1,1,-1,1,1,-1,1,1,-1,1,-1,-1,1,-1,1,1,1,1,-1,1,1,1,1,-1,-1,1,-1,1,-1,1,-1,1,-1,-1,1,-1,1,1,1,-1,1,-1,-1,-1,-1,-1,1,-1,1,-1,-1,-1,1,1,-1,-1,-1,-1,1,-1,-1,-1,1,1,-1,-1,-1,1,1,1,-1,1,-1,1,-1,-1,-1,1,1,-1,-1,1,1,-1,-1,1,-1,1,-1,1,1,1,-1,1,1,-1,1,1,1,1,-1,1,-1,1,-1,-1,1,-1,1,-1,-1,-198.60452881294512,1
287,1,-1,1,1,1,1,-1,-1,-1,1,1,-1,1,-1,1,1,1,1,1,1,-1,-1,-1,1,-1,-1,1,1,-1,1,-1,1,1,-1,-1,1,-1,-1,-1,-1,1,1,1,1,1,1,-1,1,-1,-1,1,1,-1,-1,-1,1,-1,-1,-1,1,1,1,1,-1,-1,-1,1,-1,1,1,-1,1,-1,1,1,1,1,1,-1,1,-1,-1,-1,-1,1,-1,1,1,-1,1,-1,1,-1,1,-1,1,1,-1,1,1,1,1,1,1,1,-1,1,1,-1,1,-1,-1,-1,1,-1,1,-1,-1,1,1,-1,-1,-1,-1,1,1,-1,-1,-1,-1,1,-1,1,-1,1,-1,1,-1,-1,1,-1,1,-1,1,-1,1,-1,-1,-1,-1,-1,1,-1,1,-1,-1,-1,1,1,-1,-1,-1,-1,1,-1,-1,1,-1,1,-1,-1,-1,1,1,1,-1,1,1,-1,-1,1,1,-1,1,-1,-1,-1,-1,1,-1,-1,1,1,-1,1,1,-1,1,1,-1,-1,1,-1,-1,-1,1,-1,1,-1,1,1,-1,1,-1,1,1,-198.59444645509208,1
288,-1,-1,1,-1,-1,-1,-1,-1,-1,1,1,1,1,-1,1,1,1,-1,1,1,-1,1,-1,1,-1,-1,1,1,-1,1,-1,1,1,1,-1,1,-1,-1,-1,-1,1,1,1,-1,-1,1,-1,1,-1,-1,1,1,-1,-1,-1,1,-1,1,1,-1,1,1,1,-1,-1,-1,1,-1,1,1,-1,1,-1,1,-1,1,1,-1,-1,1,-1,-1,1,1,1,-1,-1,1,-1,1,-1,1,1,1,-1,1,1,-1,1,1,1,1,1,1,-1,1,1,-1,-1,1,-1,1,1,-1,-1,1,1,-1,1,1,-1,-1,-1,-1,1,1,-1,-1,-1,-1,1,-1,1,-1,1,-1,1,1,-1,1,-1,1,1,1,-1,1,-1,-1,-1,-1,-1,1,-1,1,-1,1,-1,1,1,-1,-1,-1,-1,1,-1,-1,-1,1,1,-1,-1,-1,1,1,1,-1,1,1,-1,-1,1,1,1,1,-1,-1,-1,1,-1,-1,1,-1,1,-1,1,1,1,-1,1,1,-1,1,1,1,1,-1,1,-1,1,-1,1,-1,1,1,-1,-1,-198.5537640744635,1
289,-1,1,-1,1,1,1,-1,-1,-1,1,1,-1,-1,1,1,1,1,-1,1,1,-1,-1,-1,1,-1,-1,1,1,-1,1,-1,1,1,-1,-1,1,-1,-1,-1,-1,1,1,1,1,1,1,-1,1,-1,-1,1,1,-1,-1,-1,1,-1,-1,-1,1,1,1,1,-1,-1,-1,1,-1,1,1,-1,1,-1,1,1,1,1,1,-1,1,-1,-1,-1,-1,1,-1,1,1,-1,1,-1,1,-1,1,-1,1,1,-1,1,1,1,1,1,1,1,1,1,1,-1,1,-1,-1,-1,1,-1,1,1,-1,1,1,-1,-1,-1,-1,1,1,-1,-1,-1,-1,1,-1,1,-1,1,-1,1,1,-1,1,-1,1,-1,1,-1,1,-1,-1,-1,-1,-1,1,-1,1,-1,1,-1,1,1,-1,-1,-1,-1,1,-1,-1,1,-1,1,-1,-1,-1,1,1,1,-1,1,1,-1,-1,1,1,-1,1,-1,-1,-1,-1,1,-1,-1,1,1,-1,1,1,-1,1,1,-1,-1,1,-1,-1,-1,1,-1,1,-1,1,1,-1,1,-1,1,1,-198.5332359894516,1
290,-1,1,-1,1,1,1,-1,-1,-1,1,1,-1,1,-1,1,1,1,-1,1,1,-1,-1,-1,1,-1,-1,1,1,-1,1,1,1,1,-1,-1,1,-1,-1,-1,-1,1,1,1,1,1,1,-1,1,-1,-1,1,1,-1,-1,-1,1,-1,-1,-1,1,1,1,1,-1,-1,-1,1,-1,1,1,-1,1,-1,1,1,1,1,1,-1,1,-1,-1,-1,-1,1,-1,1,1,-1,1,-1,1,-1,1,-1,1,1,-1,1,1,1,1,1,1,1,1,1,1,-1,1,-1,-1,-1,1,-1,1,1,-1,1,1,-1,-1,-1,-1,1,1,-1,-1,-1,-1,1,-1,1,-1,1,-1,1,-1,-1,1,-1,1,-1,1,-1,1,-1,-1,-1,-1,-1,1,-1,1,-1,1,-1,1,1,-1,-1,-1,-1,1,-1,-1,1,-1,1,-1,-1,-1,1,1,1,-1,1,1,-1,-1,1,1,-1,1,-1,-1,-1,-1,1,-1,-1,1,1,-1,1,1,-1,1,1,-1,-1,1,-1,-1,-1,1,-1,1,-1,1,1,-1,1,-1,1,1,-198.53011635108953,1
291,-1,1,-1,-1,-1,-1,-1,-1,-1,1,1,1,-1,1,-1,1,1,1,1,1,-1,-1,-1,-1,-1,-1,1,1,-1,1,1,1,1,-1,1,1,-1,-1,-1,-1,1,1,1,-1,-1,1,-1,-1,-1,-1,1,1,-1,1,-1,1,-1,1,1,-1,1,1,1,-1,-1,-1,1,-1,1,1,-1,1,-1,1,-1,1,1,-1,-1,1,-1,-1,-1,1,1,-1,-1,1,-1,1,-1,1,1,1,-1,1,1,-1,1,1,1,1,1,1,-1,-1,1,-1,-1,1,-1,-1,-1,1,-1,1,-1,-1,1,1,-1,-1,-1,-1,1,1,1,1,-1,-1,1,-1,1,-1,1,-1,1,1,-1,1,-1,1,1,1,-1,1,-1,-1,-1,-1,-1,1,-1,1,-1,-1,-1,1,1,-1,-1,-1,-1,1,-1,-1,-1,1,1,-1,-1,-1,1,1,1,-1,1,-1,-1,-1,-1,-1,1,1,-1,-1,1,1,-1,-1,1,-1,1,-1,1,1,1,-1,1,1,-1,1,1,1,1,-1,1,-1,1,-1,-1,1,-1,1,-1,-1,-198.51846139172238,1
292,1,-1,1,1,1,1,-1,-1,-1,1,1,1,1,-1,1,1,1,-1,1,1,-1,1,-1,1,-1,-1,1,1,-1,1,-1,1,1,1,-1,1,-1,-1,-1,-1,1,1,1,-1,-1,1,-1,-1,-1,-1,1,1,-1,1,-1,1,-1,1,1,-1,1,1,1,-1,-1,-1,-1,1,1,1,-1,1,-1,1,-1,1,-1,-1,-1,1,-1,-1,-1,1,1,-1,-1,-1,1,-1,-1,-1,1,1,-1,1,1,-1,1,1,1,1,1,1,-1,-1,1,-1,-1,1,-1,1,1,-1,-1,1,-1,-1,1,1,-1,-1,-1,-1,1,1,-1,-1,-1,-1,1,-1,1,-1,1,-1,1,1,-1,1,-1,1,1,-1,-1,1,1,-1,-1,-1,-1,1,-1,1,1,-1,-1,1,1,1,1,-1,-1,1,-1,-1,-1,1,1,-1,-1,-1,1,-1,1,-1,1,1,-1,-1,-1,-1,1,1,-1,-1,1,1,-1,-1,1,-1,1,-1,1,1,1,-1,1,1,1,1,1,1,1,-1,1,-1,1,-1,1,-1,1,1,-1,-1,-198.51726220997062,1
293,-1,-1,1,-1,-1,-1,-1,-1,-1,1,-1,1,1,-1,1,1,1,-1,1,1,-1,1,-1,1,-1,-1,1,1,-1,1,-1,1,1,1,-1,1,-1,-1,-1,-1,1,1,1,-1,-1,1,-1,1,-1,-1,1,1,-1,-1,-1,1,-1,1,1,-1,1,1,1,-1,-1,-1,-1,1,1,1,-1,1,-1,1,-1,1,1,-1,-1,1,-1,-1,1,1,1,-1,-1,1,-1,1,-1,-1,1,1,-1,1,1,-1,1,1,1,1,1,1,-1,1,1,-1,-1,1,-1,1,1,-1,-1,1,1,-1,1,1,-1,-1,-1,-1,1,1,-1,-1,-1,-1,1,-1,1,-1,1,-1,1,1,-1,1,-1,1,1,-1,-1,1,-1,-1,-1,-1,-1,1,-1,1,-1,1,-1,1,1,-1,-1,-1,-1,1,-1,-1,-1,1,1,-1,-1,1,1,1,1,-1,1,1,-1,-1,1,1,1,1,-1,-1,-1,1,-1,-1,1,-1,1,-1,1,1,1,-1,1,1,-1,1,1,1,1,-1,1,-1,1,-1,1,-1,1,1,-1,-1,-198.5040510833579,1
294,-1,1,-1,1,1,1,-1,-1,-1,1,1,-1,1,-1,1,1,1,-1,1,1,-1,-1,-1,1,-1,-1,1,1,-1,1,-1,1,1,-1,-1,1,-1,-1,-1,-1,1,1,1,1,1,1,-1,1,-1,-1,1,1,-1,-1,-1,1,-1,-1,-1,1,1,1,1,-1,-1,-1,1,-1,1,1,-1,1,-1,1,1,1,1,1,-1,1,-1,-1,1,-1,1,-1,1,1,-1,1,1,1,-1,1,-1,1,1,-1,1,1,1,1,1,1,1,-1,1,1,-1,1,-1,-1,-1,1,-1,1,-1,-1,1,1,-1,-1,-1,-1,1,1,-1,-1,-1,-1,1,-1,1,-1,1,-1,1,-1,-1,1,-1,1,-1,1,-1,1,-1,-1,-1,-1,-1,1,-1,1,-1,-1,-1,1,1,-1,-1,-1,-1,1,-1,-1,1,-1,1,-1,-1,1,1,1,1,-1,1,1,-1,-1,1,1,-1,1,-1,-1,-1,-1,1,-1,-1,1,1,-1,1,1,-1,1,1,-1,-1,1,-1,-1,-1,1,-1,1,-1,1,1,-1,1,-1,1,1,-198.49346650971114,1
295,-1,1,-1,1,1,1,-1,-1,-1,1,1,-1,1,-1,1,1,1,1,1,1,-1,-1,-1,1,-1,-1,1,1,-1,1,-1,1,1,-1,-1,1,-1,-1,-1,-1,1,1,1,1,1,1,-1,1,-1,-1,1,1,-1,-1,-1,1,-1,-1,-1,1,1,1,1,-1,-1,-1,1,-1,1,1,-1,1,-1,1,1,1,1,1,-1,1,-1,-1,-1,-1,1,-1,1,1,-1,1,-1,1,-1,1,-1,1,1,-1,1,1,1,1,1,1,1,1,1,1,-1,1,-1,-1,-1,1,-1,1,1,-1,1,1,-1,-1,-1,-1,1,1,-1,-1,-1,-1,1,-1,1,-1,1,-1,1,1,-1,1,-1,1,-1,1,-1,1,-1,-1,-1,-1,-1,1,-1,1,-1,-1,-1,1,1,-1,-1,-1,-1,1,-1,-1,1,-1,1,-1,-1,-1,1,1,1,-1,1,1,-1,-1,1,1,-1,1,-1,-1,-1,-1,1,-1,-1,-1,1,-1,1,1,-1,1,1,-1,-1,1,-1,-1,-1,1,-1,1,-1,1,1,-1,1,-1,1,1,-198.47743777175765,1
296,-1,1,-1,-1,-1,-1,1,1,1,-1,-1,-1,-1,1,-1,-1,1,1,1,1,-1,1,-1,-1,1,1,-1,-1,1,-1,-1,1,-1,1,1,-1,1,1,1,1,-1,-1,-1,-1,-1,-1,1,-1,1,1,-1,-1,1,1,1,-1,1,1,1,1,-1,-1,-1,1,1,1,-1,1,-1,-1,1,-1,1,-1,1,-1,-1,1,1,-1,-1,1,1,-1,-1,1,1,-1,1,-1,1,-1,-1,-1,1,-1,-1,1,-1,-1,-1,-1,-1,-1,-1,1,1,-1,1,-1,1,1,1,-1,1,-1,1,1,-1,-1,1,1,1,1,-1,-1,1,1,1,1,-1,1,-1,1,-1,1,-1,1,-1,-1,1,1,1,1,1,-1,1,1,1,1,1,-1,-1,-1,1,-1,1,-1,-1,1,1,1,1,-1,1,1,-1,1,-1,1,1,1,-1,-1,-1,1,-1,-1,1,1,-1,-1,1,-1,1,1,1,1,-1,1,-1,1,-1,1,-1,-1,-1,1,-1,-1,-1,-1,-1,-1,1,-1,-1,1,-1,1,-1,1,-1,-1,1,1,-198.46770381743025,1
297,-1,-1,1,-1,-1,-1,-1,-1,-1,1,-1,1,1,-1,1,1,1,-1,1,1,-1,-1,-1,1,-1,-1,1,1,-1,1,-1,1,1,-1,1,1,-1,-1,-1,-1,1,1,1,-1,-1,1,-1,1,-1,-1,1,1,-1,-1,-1,1,-1,1,1,-1,1,1,1,-1,-1,-1,1,-1,1,1,-1,1,-1,1,-1,1,1,-1,-1,1,-1,-1,1,1,1,-1,-1,1,-1,1,-1,1,1,1,-1,1,1,-1,1,1,1,1,1,1,-1,-1,1,-1,-1,1,-1,-1,-1,1,-1,1,-1,-1,1,1,-1,-1,-1,-1,1,1,1,1,-1,-1,1,-1,1,-1,1,-1,1,-1,-1,1,-1,1,1,1,-1,1,-1,-1,-1,-1,-1,1,-1,1,-1,-1,-1,1,1,-1,-1,-1,-1,1,-1,-1,-1,1,1,-1,-1,1,1,1,1,-1,1,1,-1,-1,1,1,1,1,-1,-1,-1,1,-1,-1,1,-1,1,-1,1,1,1,-1,1,1,-1,1,1,1,1,-1,1,-1,1,-1,1,-1,1,1,-1,-1,-198.46387513979326,1
298,-1,1,-1,-1,-1,-1,-1,-1,-1,1,-1,1,1,-1,1,1,1,1,1,1,-1,1,-1,-1,-1,-1,1,1,-1,1,-1,1,1,1,-1,1,-1,-1,-1,-1,1,1,1,-1,-1,1,-1,-1,-1,-1,1,1,-1,1,-1,1,-1,1,1,-1,1,1,1,-1,-1,-1,-1,1,1,1,-1,1,-1,1,-1,1,-1,-1,-1,1,-1,-1,-1,1,1,-1,-1,-1,1,-1,-1,-1,1,1,-1,1,1,-1,1,1,1,1,1,1,-1,1,1,-1,-1,1,-1,1,1,-1,-1,1,1,-1,1,1,-1,-1,-1,-1,1,1,-1,-1,-1,-1,1,-1,1,-1,1,-1,1,1,-1,1,-1,1,-1,-1,-1,1,1,-1,-1,-1,-1,1,-1,1,1,-1,-1,1,1,-1,-1,-1,-1,1,-1,-1,-1,1,1,-1,-1,1,1,-1,1,-1,1,-1,-1,-1,-1,-1,1,1,-1,-1,1,1,-1,-1,1,-1,1,-1,1,1,1,-1,1,1,1,1,1,1,1,-1,1,-1,1,-1,-1,-1,1,1,-1,-1,-198.44750665113804,1
299,-1,1,-1,-1,-1,-1,-1,-1,-1,1,1,1,-1,1,-1,1,1,1,1,1,-1,1,-1,-1,-1,-1,1,1,-1,1,-1,1,1,-1,-1,1,-1,-1,-1,-1,1,1,1,1,1,1,-1,-1,-1,-1,1,1,-1,-1,-1,1,-1,1,1,-1,1,1,1,-1,-1,-1,1,-1,1,1,-1,1,-1,1,-1,1,1,-1,-1,1,-1,-1,1,1,1,-1,-1,1,-1,1,-1,1,1,1,-1,1,1,-1,1,1,1,1,1,1,-1,1,1,-1,-1,1,-1,-1,-1,1,-1,1,1,-1,1,1,-1,-1,-1,-1,1,1,-1,-1,-1,-1,1,-1,1,-1,1,-1,1,-1,-1,1,-1,1,1,1,-1,1,-1,-1,-1,-1,-1,1,-1,1,-1,1,-1,1,1,-1,-1,-1,-1,1,-1,-1,-1,1,1,-1,-1,-1,1,1,1,-1,1,-1,-1,-1,1,1,-1,1,-1,-1,1,1,-1,-1,1,-1,1,-1,1,1,1,-1,1,1,-1,1,1,1,1,-1,1,-1,1,-1,-1,1,-1,1,-1,-1,-198.4395803729545,1
300,-1,1,-1,-1,-1,-1,-1,-1,-1,1,1,1,-1,1,-1,1,1,1,1,1,-1,1,-1,-1,-1,-1,1,1,-1,1,-1,1,1,1,-1,1,-1,-1,-1,-1,1,1,-1,-1,-1,1,-1,-1,1,-1,1,1,-1,1,-1,1,-1,1,-1,-1,1,1,1,-1,-1,-1,-1,1,1,1,-1,1,-1,1,-1,1,-1,-1,-1,1,-1,-1,-1,1,1,-1,-1,-1,1,-1,-1,-1,1,1,-1,1,1,-1,1,1,1,1,1,1,-1,1,1,-1,1,1,-1,1,1,-1,-1,1,1,-1,1,1,-1,-1,-1,-1,1,1,-1,-1,-1,-1,1,-1,1,-1,1,-1,1,1,-1,1,-1,1,-1,-1,-1,1,-1,-1,-1,-1,-1,1,-1,1,1,-1,-1,1,1,-1,-1,-1,-1,1,-1,-1,-1,1,1,-1,-1,-1,1,-1,-1,-1,1,-1,-1,-1,-1,-1,1,1,-1,-1,1,1,-1,-1,1,-1,1,-1,1,1,1,-1,1,1,1,1,1,1,1,-1,1,-1,1,-1,-1,1,-1,1,-1,-1,-198.43908367434875,1
301,-1,1,-1,-1,-1,-1,-1,-1,-1,1,1,1,-1,1,-1,1,1,1,1,1,-1,1,-1,-1,-1,-1,1,1,-1,1,1,-1,1,-1,-1,1,-1,-1,-1,-1,1,1,1,-1,-1,1,-1,-1,-1,-1,1,1,-1,1,-1,1,-1,1,1,-1,1,1,1,-1,1,1,1,-1,1,1,-1,1,-1,1,-1,1,1,-1,-1,1,-1,-1,-1,1,1,-1,-1,1,-1,1,-1,1,1,1,-1,1,1,-1,1,1,1,1,1,1,-1,1,1,-1,-1,1,-1,-1,-1,1,-1,1,-1,-1,1,1,-1,-1,-1,-1,1,1,-1,1,-1,-1,1,-1,1,-1,1,-1,-1,-1,-1,1,-1,1,-1,1,-1,1,-1,-1,-1,-1,-1,1,-1,1,-1,1,-1,1,1,-1,-1,-1,-1,1,-1,-1,-1,1,1,-1,-1,-1,1,1,1,-1,1,-1,-1,-1,-1,-1,1,1,-1,-1,1,1,-1,-1,1,-1,1,-1,1,1,1,-1,1,1,-1,1,1,1,1,-1,1,-1,1,-1,-1,-1,1,1,-1,-1,-198.43234594563953,1
302,-1,1,-1,1,1,1,-1,-1,-1,1,1,-1,1,-1,1,1,1,-1,1,1,-1,-1,-1,1,-1,-1,1,1,-1,1,-1,1,1,1,-1,1,-1,-1,-1,-1,1,1,1,1,1,1,-1,1,-1,-1,1,1,-1,-1,-1,1,-1,-1,-1,1,1,1,1,-1,-1,-1,1,-1,1,1,-1,1,-1,1,1,1,1,1,-1,1,-1,-1,-1,-1,1,-1,1,1,-1,1,-1,1,-1,1,-1,1,1,-1,1,1,1,1,1,1,1,1,1,1,-1,1,-1,-1,-1,1,-1,1,-1,-1,1,1,-1,-1,-1,-1,1,1,-1,-1,-1,-1,1,-1,1,-1,1,-1,1,1,-1,1,-1,1,-1,1,-1,1,-1,-1,-1,-1,-1,1,-1,1,-1,1,-1,1,1,-1,-1,-1,-1,1,-1,-1,1,-1,1,-1,-1,1,1,1,1,-1,1,1,-1,-1,1,1,-1,1,-1,-1,-1,-1,1,-1,-1,1,1,-1,1,1,-1,1,1,-1,-1,1,-1,-1,-1,1,-1,1,-1,1,1,-1,1,-1,1,1,-198.42476443878053,1
303,-1,1,-1,-1,-1,-1,-1,-1,-1,1,1,1,-1,1,-1,1,1,1,1,1,-1,1,-1,-1,-1,-1,1,1,-1,1,1,-1,1,-1,-1,1,-1,-1,-1,-1,1,1,1,-1,-1,1,-1,-1,-1,-1,1,1,-1,1,-1,1,-1,1,1,-1,1,1,1,-1,1,1,1,-1,1,1,-1,1,-1,1,-1,1,1,-1,-1,1,-1,-1,-1,1,1,-1,-1,1,-1,1,-1,1,1,1,-1,1,1,-1,1,1,1,1,1,1,-1,-1,1,-1,-1,1,-1,-1,-1,1,-1,1,-1,-1,1,1,-1,-1,-1,-1,1,1,1,1,-1,-1,1,-1,1,-1,1,-1,-1,-1,-1,1,-1,1,-1,1,-1,1,-1,-1,-1,-1,-1,1,-1,1,-1,1,-1,1,1,-1,-1,-1,-1,1,-1,-1,-1,1,1,-1,-1,-1,1,1,-1,-1,1,-1,-1,-1,-1,-1,1,1,-1,-1,1,1,-1,-1,1,-1,1,-1,1,1,1,-1,1,1,-1,1,1,1,1,-1,1,-1,1,-1,-1,-1,1,1,-1,-1,-198.42045684283048,1
304,1,-1,1,1,1,1,-1,-1,-1,1,1,-1,1,-1,1,1,1,-1,1,1,-1,-1,-1,1,-1,-1,1,1,-1,1,-1,1,1,-1,-1,1,-1,-1,-1,-1,1,1,1,1,1,1,-1,1,-1,-1,1,1,-1,-1,-1,1,-1,-1,-1,1,1,1,1,-1,-1,-1,1,-1,1,1,-1,1,-1,1,1,1,1,1,-1,1,-1,-1,-1,-1,1,-1,1,1,-1,1,-1,1,-1,1,-1,1,1,-1,1,1,1,1,1,1,1,1,1,1,-1,1,1,-1,-1,1,-1,1,-1,-1,1,1,-1,-1,-1,-1,1,1,-1,-1,-1,-1,1,-1,1,-1,1,-1,1,-1,-1,1,-1,1,-1,1,-1,1,-1,-1,-1,-1,-1,1,-1,1,-1,-1,-1,1,1,-1,-1,-1,-1,1,-1,-1,1,-1,1,-1,-1,-1,1,1,1,-1,1,1,-1,-1,1,1,-1,1,-1,-1,-1,-1,1,-1,-1,1,1,-1,1,1,-1,1,1,-1,-1,1,-1,-1,-1,1,-1,1,-1,1,1,-1,1,-1,1,1,-198.41914203377738,1
305,-1,1,-1,-1,-1,-1,-1,-1,-1,1,1,1,-1,1,-1,1,1,1,1,1,-1,1,-1,-1,-1,-1,1,1,-1,1,-1,1,1,-1,1,1,-1,-1,-1,-1,1,1,1,-1,-1,1,-1,-1,-1,-1,1,1,-1,1,-1,1,-1,1,1,-1,1,1,1,-1,-1,-1,1,-1,1,1,-1,1,-1,1,-1,1,1,-1,-1,1,-1,-1,1,1,1,-1,-1,1,-1,1,-1,1,1,1,-1,1,1,-1,1,1,1,1,1,1,-1,1,1,-1,-1,1,-1,-1,-1,1,-1,1,-1,-1,1,1,-1,-1,-1,-1,1,1,1,1,-1,-1,1,-1,1,-1,1,-1,1,-1,-1,1,-1,1,1,1,-1,1,-1,-1,-1,-1,-1,1,-1,1,-1,-1,-1,1,1,-1,-1,-1,-1,1,-1,-1,-1,1,1,-1,-1,-1,1,1,1,-1,1,-1,-1,-1,-1,1,1,1,-1,-1,1,1,-1,-1,1,-1,1,-1,1,1,1,-1,1,1,-1,1,1,1,1,-1,1,-1,1,-1,-1,-1,1,1,-1,-1,-198.40041381800933,1
306,-1,1,-1,-1,-1,-1,-1,-1,-1,1,1,1,1,-1,1,1,1,-1,1,1,-1,-1,-1,1,-1,-1,1,1,-1,1,-1,1,1,-1,-1,1,-1,-1,-1,-1,1,1,1,1,1,1,-1,-1,-1,-1,1,1,-1,-1,-1,1,-1,1,1,-1,1,1,1,-1,-1,-1,1,-1,1,1,-1,1,-1,1,-1,1,1,-1,-1,1,-1,-1,1,1,1,-1,-1,1,-1,1,-1,1,1,1,-1,1,1,-1,1,1,1,1,1,1,-1,-1,1,-1,-1,1,-1,-1,-1,1,-1,1,-1,-1,1,1,-1,-1,-1,-1,1,1,-1,-1,-1,-1,1,-1,1,-1,1,-1,1,1,-1,1,-1,1,1,1,-1,1,-1,-1,-1,-1,-1,1,-1,1,-1,-1,-1,1,1,-1,-1,-1,-1,1,-1,-1,-1,1,1,-1,-1,-1,1,1,1,-1,1,1,-1,-1,1,1,-1,1,-1,-1,1,1,-1,-1,1,-1,1,-1,1,1,1,-1,1,1,-1,1,-1,-1,1,-1,1,-1,1,-1,-1,1,-1,1,-1,-1,-198.40009606997566,1
307,1,-1,1,-1,-1,-1,1,-1,-1,1,1,1,-1,1,1,1,-1,-1,-1,-1,1,-1,1,1,-1,-1,1,1,-1,1,1,-1,1,1,-1,1,-1,-1,-1,-1,1,1,-1,-1,-1,1,-1,1,-1,-1,1,1,-1,-1,-1,1,-1,1,1,-1,1,1,1,-1,1,-1,1,-1,1,1,-1,1,-1,1,-1,1,1,-1,-1,1,-1,-1,1,1,1,-1,-1,1,-1,1,1,1,1,1,-1,1,1,-1,1,-1,-1,-1,1,1,-1,1,1,-1,-1,1,-1,-1,-1,1,-1,1,-1,-1,1,1,-1,-1,-1,1,1,1,-1,1,-1,-1,1,-1,1,-1,1,-1,-1,-1,1,-1,-1,-1,-1,1,-1,1,-1,-1,-1,-1,-1,1,1,1,-1,1,-1,1,1,-1,-1,-1,-1,1,1,-1,-1,1,1,-1,-1,-1,1,1,1,-1,1,1,-1,-1,1,1,-1,1,-1,-1,-1,1,-1,-1,1,-1,1,-1,1,1,1,-1,1,1,-1,1,1,1,1,-1,1,-1,1,-1,1,-1,1,1,-1,-1,-198.35543891492165,1
308,-1,1,-1,1,1,1,-1,-1,-1,1,1,-1,1,-1,1,1,1,-1,1,1,-1,-1,-1,1,-1,-1,1,1,-1,1,-1,1,1,-1,-1,1,-1,-1,-1,-1,1,1,1,1,1,1,-1,1,-1,-1,1,1,-1,-1,-1,1,-1,-1,-1,1,1,1,1,-1,-1,-1,1,-1,1,1,-1,1,-1,1,1,1,1,1,-1,1,-1,-1,-1,-1,1,-1,1,1,-1,1,1,1,-1,1,-1,1,1,-1,1,1,1,1,1,1,1,1,1,1,-1,1,-1,-1,-1,1,-1,1,-1,-1,1,1,-1,-1,-1,-1,1,1,-1,-1,-1,-1,1,-1,1,-1,1,-1,1,1,-1,1,-1,1,-1,1,-1,1,-1,-1,-1,-1,-1,1,-1,1,-1,1,-1,1,1,-1,-1,-1,-1,1,-1,-1,1,-1,1,-1,-1,1,1,1,1,-1,1,1,-1,-1,1,1,-1,1,-1,-1,-1,-1,1,-1,-1,1,1,-1,1,1,-1,1,1,-1,-1,1,-1,-1,-1,1,-1,1,-1,1,1,-1,1,-1,1,1,-198.35112533764504,1
309,1,-1,1,-1,-1,-1,-1,-1,-1,1,1,1,1,-1,1,1,-1,-1,-1,-1,1,-1,1,-1,-1,-1,1,1,-1,1,1,-1,1,-1,-1,1,-1,-1,-1,-1,1,1,-1,-1,-1,1,-1,-1,-1,-1,1,1,-1,1,-1,1,-1,1,1,-1,1,1,1,-1,1,1,1,-1,1,1,-1,1,-1,1,-1,1,1,-1,-1,1,-1,-1,-1,1,1,-1,-1,1,-1,1,-1,1,1,1,-1,1,1,-1,1,-1,-1,-1,1,1,-1,1,1,-1,-1,1,-1,-1,-1,1,-1,1,1,-1,1,1,-1,-1,-1,-1,1,1,-1,1,-1,-1,1,-1,1,-1,1,-1,-1,-1,1,-1,-1,-1,-1,1,-1,1,-1,-1,-1,-1,-1,1,1,1,-1,1,-1,1,1,-1,-1,-1,-1,1,1,-1,-1,1,1,-1,-1,-1,1,1,1,-1,1,1,-1,-1,-1,-1,1,1,-1,-1,1,1,-1,-1,1,-1,1,-1,1,1,1,-1,1,1,-1,1,1,1,1,-1,1,-1,1,-1,1,-1,1,1,-1,-1,-198.34834677415844,1
310,-1,-1,1,1,1,1,-1,-1,-1,1,1,-1,1,-1,1,1,1,-1,1,1,-1,-1,-1,1,-1,-1,1,1,-1,1,-1,1,1,1,-1,1,-1,-1,-1,-1,1,1,1,1,1,1,-1,1,-1,-1,1,1,-1,-1,-1,1,-1,-1,-1,1,1,1,1,-1,-1,-1,1,-1,1,1,-1,1,-1,1,1,1,1,1,-1,1,-1,-1,-1,-1,1,-1,1,1,-1,1,-1,1,-1,1,-1,1,1,-1,1,1,1,1,1,1,1,-1,1,1,-1,1,-1,-1,-1,1,-1,1,-1,-1,1,1,-1,-1,-1,-1,1,1,-1,-1,-1,-1,1,-1,1,-1,1,-1,1,-1,-1,1,-1,1,-1,1,-1,1,-1,-1,-1,-1,-1,1,-1,1,-1,1,-1,1,1,-1,-1,-1,-1,1,-1,-1,1,-1,1,-1,-1,-1,1,1,1,-1,1,1,-1,-1,1,1,-1,1,-1,-1,-1,-1,1,-1,-1,1,1,-1,1,-1,-1,1,1,-1,-1,1,-1,-1,-1,1,-1,1,-1,1,1,-1,1,-1,1,1,-198.34011561221493,1
311,-1,1,-1,-1,-1,-1,-1,-1,-1,1,-1,1,1,-1,1,1,1,1,1,1,-1,1,-1,-1,-1,-1,1,1,-1,1,-1,1,1,-1,1,1,-1,-1,-1,-1,1,1,1,-1,-1,1,-1,-1,1,-1,1,1,-1,1,-1,1,-1,1,1,-1,1,1,1,-1,-1,-1,1,-1,1,1,-1,1,-1,1,-1,1,1,-1,-1,1,-1,-1,1,1,1,-1,-1,1,-1,1,1,1,1,1,-1,1,1,-1,1,1,1,1,1,1,-1,-1,1,-1,1,1,-1,1,1,-1,-1,1,-1,-1,1,1,-1,-1,-1,-1,1,1,1,1,-1,-1,1,-1,1,-1,1,-1,1,-1,-1,1,-1,1,1,1,-1,1,-1,-1,-1,-1,-1,1,-1,1,-1,-1,-1,1,1,-1,-1,-1,-1,1,-1,-1,-1,1,1,-1,-1,1,1,1,1,-1,1,-1,-1,-1,-1,1,-1,1,-1,-1,1,1,-1,-1,1,-1,1,-1,1,1,1,-1,1,1,-1,1,1,1,1,-1,1,-1,1,-1,-1,-1,1,1,-1,-1,-198.33904857090644,1
312,-1,1,-1,-1,-1,-1,-1,-1,-1,1,1,1,-1,1,-1,1,1,1,1,1,-1,1,-1,-1,-1,-1,1,1,-1,1,-1,1,1,-1,-1,1,-1,-1,-1,-1,1,1,1,1,1,1,-1,-1,-1,-1,1,1,-1,-1,-1,1,-1,1,1,-1,1,1,1,-1,-1,-1,1,-1,1,1,-1,1,-1,1,-1,1,1,-1,-1,1,-1,-1,1,1,1,-1,-1,1,-1,1,-1,1,1,1,-1,1,1,-1,1,1,1,1,1,1,-1,-1,1,-1,-1,1,-1,-1,-1,1,-1,1,-1,-1,1,1,-1,-1,-1,-1,1,1,-1,-1,-1,-1,1,-1,1,-1,1,-1,1,-1,-1,1,-1,1,1,1,-1,1,-1,-1,-1,-1,-1,1,-1,1,-1,-1,-1,1,1,-1,-1,-1,-1,1,-1,-1,-1,1,1,-1,-1,-1,1,1,1,-1,1,-1,-1,-1,1,1,-1,1,-1,-1,1,1,-1,-1,1,-1,1,-1,1,1,1,-1,1,1,1,1,1,1,1,-1,1,-1,1,-1,-1,1,-1,1,-1,-1,-198.31975823385412,1
313,-1,1,-1,-1,-1,-1,-1,-1,-1,1,1,1,-1,1,-1,1,1,1,1,1,-1,1,-1,-1,-1,-1,1,1,-1,1,1,1,1,-1,-1,1,-1,-1,-1,-1,1,1,1,-1,-1,1,-1,-1,-1,-1,1,1,-1,1,-1,1,-1,1,1,-1,1,1,1,-1,-1,-1,1,-1,1,1,-1,1,-1,1,-1,1,1,-1,-1,1,-1,-1,1,1,1,-1,-1,1,-1,1,-1,1,1,1,-1,1,1,-1,1,1,1,1,1,1,-1,-1,1,-1,-1,1,-1,-1,-1,1,-1,1,-1,-1,1,1,-1,-1,-1,-1,1,1,-1,-1,-1,-1,1,-1,1,-1,1,-1,1,-1,-1,1,-1,1,1,1,-1,1,-1,-1,-1,-1,-1,1,-1,1,-1,-1,-1,1,1,-1,-1,-1,-1,1,-1,-1,-1,1,1,-1,-1,-1,1,1,1,-1,1,-1,-1,-1,-1,1,-1,1,-1,-1,1,1,-1,-1,1,-1,1,-1,1,1,1,-1,1,1,-1,1,1,1,1,-1,1,-1,1,-1,-1,-1,1,1,-1,-1,-198.31814736839956,1
314,-1,-1,1,1,1,1,-1,-1,-1,1,1,-1,1,-1,1,1,1,-1,1,1,-1,-1,-1,1,-1,-1,1,1,-1,1,-1,1,1,-1,-1,1,-1,-1,-1,-1,1,1,1,1,1,1,-1,1,-1,-1,1,1,-1,-1,-1,1,-1,-1,-1,1,1,1,1,-1,-1,-1,1,-1,1,1,-1,1,-1,1,1,1,1,1,-1,1,-1,-1,1,-1,1,-1,1,1,-1,1,-1,1,-1,1,-1,1,1,-1,1,1,1,1,1,1,1,-1,1,1,-1,1,1,-1,-1,1,-1,1,-1,-1,1,1,-1,-1,-1,-1,1,1,-1,-1,-1,-1,1,-1,1,-1,1,-1,1,-1,-1,1,-1,1,-1,1,-1,1,-1,-1,-1,-1,-1,1,-1,1,-1,-1,-1,1,1,-1,-1,-1,-1,1,-1,-1,1,-1,1,-1,-1,-1,1,1,1,-1,1,1,-1,-1,1,1,-1,1,-1,-1,-1,-1,1,-1,-1,1,1,-1,1,1,-1,1,1,-1,-1,1,-1,-1,-1,1,-1,1,-1,1,1,-1,1,-1,1,1,-198.2939203091585,1
315,-1,1,-1,-1,-1,-1,-1,-1,-1,1,1,1,-1,1,-1,1,1,1,1,1,-1,1,-1,-1,-1,-1,1,1,-1,1,-1,-1,1,1,-1,1,-1,-1,-1,-1,1,1,1,-1,-1,1,-1,-1,-1,-1,1,1,-1,1,-1,1,-1,1,1,-1,1,1,1,1,1,1,1,-1,1,1,-1,1,-1,1,-1,1,1,-1,-1,1,-1,-1,1,1,1,-1,-1,1,-1,1,1,1,1,1,-1,1,1,-1,1,1,1,1,1,1,-1,-1,1,-1,-1,1,-1,1,1,-1,-1,1,-1,-1,1,1,-1,-1,-1,-1,1,1,1,1,-1,-1,1,-1,1,-1,1,-1,-1,-1,-1,1,-1,1,-1,1,-1,1,-1,-1,-1,-1,-1,1,-1,1,-1,-1,-1,1,1,-1,-1,-1,-1,1,-1,-1,-1,1,1,-1,-1,-1,1,1,1,-1,1,-1,-1,-1,-1,-1,1,1,-1,-1,1,1,-1,-1,1,-1,1,-1,1,1,1,-1,1,1,-1,1,1,1,1,-1,1,-1,1,-1,-1,1,-1,1,-1,-1,-198.29000774387953,1
316,-1,1,-1,-1,-1,-1,-1,-1,-1,1,1,1,-1,1,-1,1,1,1,1,1,-1,-1,-1,-1,-1,-1,1,1,-1,1,1,-1,1,1,-1,1,-1,-1,-1,-1,1,1,1,-1,-1,1,-1,-1,-1,-1,1,1,-1,1,-1,1,-1,1,1,-1,1,1,1,-1,1,1,1,-1,1,1,-1,1,-1,1,-1,1,1,-1,-1,1,-1,-1,-1,1,1,-1,-1,1,-1,1,-1,1,1,1,-1,1,1,-1,1,1,1,1,1,1,-1,-1,1,-1,-1,1,-1,-1,-1,1,-1,1,-1,-1,1,1,-1,-1,-1,-1,1,1,-1,1,-1,-1,1,-1,1,-1,1,-1,-1,-1,-1,1,-1,1,-1,1,-1,1,-1,-1,-1,-1,-1,1,-1,1,-1,-1,-1,1,1,-1,-1,-1,-1,1,-1,-1,-1,1,1,-1,-1,-1,1,1,1,-1,1,-1,-1,-1,-1,-1,1,1,-1,-1,1,1,-1,-1,1,-1,1,-1,1,1,1,-1,1,1,-1,1,1,1,1,-1,1,-1,1,-1,1,-1,1,1,-1,-1,-198.27119718007927,1
317,-1,1,-1,-1,-1,-1,-1,-1,-1,1,-1,1,1,-1,1,1,1,1,1,1,-1,1,-1,-1,-1,-1,1,1,-1,1,-1,1,1,1,-1,1,-1,-1,-1,-1,1,1,1,-1,-1,1,-1,-1,1,-1,1,1,-1,1,-1,1,-1,1,1,-1,1,1,1,-1,-1,-1,-1,1,1,1,-1,1,-1,1,-1,1,-1,-1,-1,1,-1,-1,-1,1,1,-1,-1,-1,1,-1,-1,-1,1,1,-1,1,1,-1,1,1,1,1,1,1,-1,-1,1,-1,1,1,-1,1,1,-1,-1,1,-1,-1,1,1,-1,-1,-1,-1,1,1,-1,-1,-1,-1,1,-1,1,-1,1,-1,1,1,-1,1,-1,1,-1,-1,-1,1,-1,-1,-1,-1,-1,1,-1,1,1,-1,-1,1,1,-1,-1,-1,-1,1,-1,-1,-1,1,1,-1,-1,1,1,-1,1,-1,1,-1,-1,-1,-1,-1,1,1,-1,-1,1,1,-1,-1,1,-1,1,-1,1,1,1,-1,1,1,-1,1,1,1,1,-1,1,-1,1,-1,-1,-1,1,1,-1,-1,-198.26434776747607,1
318,-1,1,-1,-1,-1,-1,-1,-1,-1,1,1,1,1,-1,1,1,1,-1,1,1,-1,-1,-1,1,-1,-1,1,1,-1,1,-1,1,1,-1,-1,1,-1,-1,-1,-1,1,1,1,1,1,1,-1,1,-1,-1,1,1,-1,-1,-1,1,-1,1,1,-1,1,1,1,-1,-1,-1,1,-1,1,1,-1,1,-1,1,-1,1,1,-1,-1,1,-1,-1,1,1,1,-1,-1,1,-1,1,-1,1,1,1,-1,1,1,-1,1,1,1,1,1,1,-1,1,1,-1,-1,1,-1,-1,-1,1,-1,1,-1,-1,1,1,-1,-1,-1,-1,1,1,-1,-1,-1,-1,1,-1,1,-1,1,-1,1,1,-1,1,-1,1,1,1,-1,1,-1,-1,-1,-1,-1,1,-1,1,-1,-1,-1,1,1,-1,-1,-1,-1,1,-1,-1,-1,1,1,-1,-1,-1,1,1,1,-1,1,1,-1,-1,1,1,1,1,-1,-1,-1,1,-1,-1,1,-1,1,-1,1,1,1,-1,1,1,-1,1,1,1,1,-1,1,-1,1,-1,-1,1,-1,1,-1,-1,-198.24814104277715,1
319,-1,1,-1,-1,-1,-1,-1,-1,-1,1,1,1,-1,1,-1,1,1,1,1,1,-1,1,-1,-1,-1,-1,1,1,-1,1,-1,1,1,-1,-1,1,-1,-1,-1,-1,1,1,1,-1,-1,1,-1,-1,1,-1,1,1,-1,1,-1,1,-1,1,1,-1,1,1,1,-1,-1,-1,-1,1,1,1,-1,1,-1,1,-1,1,-1,-1,-1,1,-1,-1,-1,1,1,-1,-1,-1,1,-1,-1,-1,1,1,-1,1,1,-1,1,1,1,1,1,1,-1,1,1,-1,1,1,-1,1,1,-1,-1,1,-1,-1,1,1,-1,-1,-1,-1,1,1,-1,-1,-1,-1,1,-1,1,-1,1,-1,1,1,-1,1,-1,1,1,-1,-1,1,-1,-1,-1,-1,-1,1,-1,1,1,-1,-1,1,1,-1,-1,-1,-1,1,-1,-1,-1,1,1,-1,-1,-1,1,1,1,-1,1,-1,-1,-1,-1,-1,1,1,-1,-1,1,1,-1,-1,1,-1,1,-1,1,1,1,-1,1,1,1,1,1,1,1,-1,1,-1,1,-1,-1,-1,1,1,-1,-1,-198.24527338873528,1
320,-1,1,-1,-1,-1,-1,-1,-1,-1,1,1,1,-1,1,-1,1,1,1,1,1,-1,1,-1,-1,-1,-1,1,1,-1,1,-1,1,1,-1,1,1,-1,-1,-1,-1,1,1,1,-1,-1,1,-1,-1,1,-1,1,1,-1,1,-1,1,-1,1,1,-1,1,1,1,-1,-1,-1,1,-1,1,1,-1,1,-1,1,-1,1,1,-1,-1,1,-1,-1,1,1,1,-1,-1,1,-1,1,1,1,1,1,-1,1,1,-1,1,1,1,1,1,1,-1,1,1,-1,1,1,-1,1,1,-1,-1,1,-1,-1,1,1,-1,-1,-1,-1,1,1,1,1,-1,-1,1,-1,1,-1,1,-1,1,1,-1,1,-1,1,1,1,-1,1,-1,-1,-1,-1,-1,1,-1,1,-1,-1,-1,1,1,-1,-1,-1,-1,1,-1,-1,-1,1,1,-1,-1,-1,1,1,1,-1,1,-1,-1,-1,-1,1,1,1,-1,-1,1,1,-1,-1,1,-1,1,-1,1,1,1,-1,1,1,1,1,1,1,1,-1,1,-1,1,-1,-1,1,-1,1,-1,-1,-198.22966767224858,1
321,-1,1,-1,-1,-1,-1,-1,-1,-1,1,1,1,-1,1,1,1,1,1,1,1,-1,1,-1,-1,1,-1,1,-1,-1,1,-1,1,1,-1,1,1,-1,-1,-1,1,1,1,1,-1,-1,1,-1,-1,1,-1,1,-1,-1,1,-1,1,-1,1,1,-1,1,1,1,-1,-1,-1,1,-1,1,1,-1,1,-1,1,-1,1,1,-1,1,-1,1,1,-1,1,1,-1,-1,1,-1,1,1,1,1,-1,-1,1,-1,-1,1,1,1,1,-1,1,-1,1,1,-1,1,1,1,1,1,-1,1,-1,-1,1,-1,-1,1,1,1,-1,1,1,1,1,-1,-1,1,-1,1,-1,1,-1,1,1,-1,1,-1,1,1,1,-1,1,-1,-1,-1,-1,-1,1,-1,1,-1,-1,-1,1,1,-1,-1,-1,-1,1,-1,-1,-1,1,1,-1,-1,-1,1,1,1,-1,1,-1,-1,-1,-1,-1,1,1,-1,-1,1,1,-1,-1,1,-1,1,-1,1,1,1,-1,1,1,-1,1,1,1,1,-1,1,-1,1,-1,-1,1,-1,1,-1,-1,-198.2152282803947,1
322,-1,-1,1,-1,-1,-1,-1,-1,-1,1,1,1,1,-1,1,1,1,-1,1,1,-1,1,-1,1,-1,-1,1,1,-1,1,-1,1,1,1,-1,1,-1,-1,-1,-1,1,1,1,1,1,1,-1,-1,-1,-1,1,1,-1,-1,-1,1,-1,1,1,-1,1,1,1,-1,-1,-1,-1,1,1,1,-1,1,-1,1,-1,1,1,-1,-1,1,-1,-1,1,1,1,-1,-1,1,-1,1,-1,-1,1,1,-1,1,1,-1,1,1,1,1,1,1,-1,-1,1,-1,-1,1,-1,1,1,-1,-1,1,-1,-1,1,1,-1,-1,-1,-1,1,1,-1,-1,-1,-1,1,-1,1,-1,1,-1,1,1,-1,1,-1,1,1,-1,-1,1,-1,-1,-1,-1,-1,1,-1,1,-1,1,-1,-1,1,-1,-1,-1,-1,1,-1,-1,-1,1,1,-1,-1,-1,1,1,1,-1,1,1,-1,-1,1,1,-1,1,-1,-1,1,1,-1,-1,1,-1,1,-1,1,1,1,-1,1,1,-1,1,1,1,1,-1,1,-1,1,-1,-1,1,-1,1,-1,-1,-198.21241555621327,1
323,-1,1,-1,-1,-1,-1,-1,-1,-1,1,1,1,-1,1,-1,1,1,1,1,1,-1,1,-1,-1,-1,-1,1,1,-1,1,-1,1,1,-1,-1,1,-1,-1,-1,-1,1,1,1,-1,-1,1,-1,-1,-1,-1,1,1,-1,1,-1,1,-1,1,1,-1,1,1,1,-1,-1,-1,1,-1,1,1,-1,1,-1,1,-1,1,1,-1,-1,1,-1,-1,1,1,1,-1,-1,1,-1,1,-1,1,1,1,-1,1,1,-1,1,1,1,1,1,1,-1,1,1,-1,-1,1,-1,-1,-1,1,-1,1,-1,-1,1,1,-1,-1,-1,-1,1,1,-1,-1,-1,-1,1,-1,1,-1,1,-1,1,1,-1,1,-1,1,1,1,-1,1,-1,-1,-1,-1,-1,1,-1,1,-1,1,-1,1,1,-1,-1,-1,-1,1,-1,-1,-1,1,1,-1,-1,-1,1,1,1,-1,1,-1,-1,-1,-1,1,-1,1,-1,-1,1,1,-1,-1,1,1,1,-1,1,1,1,-1,1,1,-1,1,1,1,1,-1,1,-1,1,-1,-1,1,-1,1,-1,-1,-198.18893861209392,1
324,-1,1,-1,-1,-1,-1,-1,-1,-1,1,1,1,-1,1,-1,1,1,1,1,1,-1,-1,-1,-1,-1,-1,1,1,-1,1,1,-1,1,1,-1,1,-1,-1,-1,-1,1,1,-1,-1,-1,1,-1,-1,-1,-1,1,1,-1,1,-1,1,-1,1,1,-1,1,1,1,-1,1,1,1,-1,1,1,-1,1,-1,1,-1,1,1,-1,-1,1,-1,-1,-1,1,1,-1,-1,1,-1,1,-1,1,1,1,-1,1,1,-1,1,1,1,1,1,1,-1,1,1,-1,-1,1,-1,-1,-1,1,-1,1,1,-1,1,1,-1,-1,-1,-1,1,1,1,1,-1,-1,1,-1,1,-1,1,-1,-1,-1,-1,1,-1,1,-1,1,-1,1,-1,-1,-1,-1,-1,1,-1,1,-1,1,-1,1,1,-1,-1,-1,-1,1,-1,-1,-1,1,1,-1,-1,-1,1,1,1,-1,1,-1,-1,-1,-1,-1,1,1,-1,-1,1,1,-1,-1,1,-1,1,-1,1,1,1,-1,1,1,-1,1,1,1,1,-1,1,-1,1,-1,-1,1,-1,1,-1,-1,-198.18015168729983,1
325,-1,1,-1,-1,-1,-1,-1,-1,-1,1,1,1,-1,1,-1,1,1,1,1,1,-1,-1,-1,-1,-1,-1,1,1,-1,1,-1,1,1,-1,-1,1,-1,-1,-1,-1,1,1,1,1,1,1,-1,-1,-1,-1,1,1,-1,-1,-1,1,-1,-1,-1,-1,1,1,1,-1,-1,-1,1,-1,1,1,-1,1,-1,1,-1,1,1,-1,-1,1,-1,-1,1,1,1,-1,-1,1,-1,1,-1,1,1,1,-1,1,1,-1,1,1,1,1,1,1,1,1,1,1,-1,1,-1,-1,-1,1,-1,1,1,-1,1,1,-1,-1,-1,-1,1,1,-1,-1,-1,-1,1,-1,1,-1,1,-1,1,1,-1,1,-1,1,-1,1,-1,1,-1,-1,-1,-1,-1,1,-1,1,-1,-1,-1,1,1,-1,-1,-1,-1,1,-1,-1,1,-1,1,-1,-1,-1,1,1,1,-1,1,-1,-1,-1,1,1,-1,1,-1,-1,1,1,1,-1,1,-1,1,-1,1,1,1,-1,1,1,-1,1,1,1,1,-1,1,-1,1,-1,-1,1,-1,1,-1,-1,-198.15534689597487,1
326,-1,-1,1,-1,-1,-1,-1,-1,-1,1,1,1,-1,1,1,1,1,-1,1,1,-1,1,-1,1,1,-1,1,-1,-1,1,-1,1,1,-1,1,1,-1,-1,-1,1,1,1,1,-1,-1,1,-1,-1,1,-1,1,-1,-1,1,-1,1,-1,1,1,-1,1,1,1,-1,-1,-1,1,-1,1,1,-1,1,-1,1,-1,1,1,-1,1,-1,1,1,-1,1,1,-1,-1,1,-1,1,1,1,1,-1,-1,1,-1,-1,1,1,1,1,1,1,-1,1,1,1,1,1,1,1,1,-1,1,-1,1,1,-1,-1,1,1,1,-1,1,1,1,1,-1,-1,1,-1,1,-1,1,-1,1,-1,-1,1,-1,1,1,1,-1,1,-1,-1,-1,-1,-1,1,-1,1,-1,-1,-1,1,1,-1,-1,-1,-1,1,-1,-1,-1,1,1,-1,-1,-1,1,1,1,-1,1,1,-1,-1,-1,-1,1,1,-1,-1,1,-1,1,-1,1,-1,1,-1,1,1,1,-1,1,1,1,1,1,1,1,-1,1,-1,1,-1,-1,1,-1,1,-1,-1,-198.13358262800568,1
327,-1,1,-1,-1,-1,-1,-1,-1,-1,1,1,1,1,-1,1,1,1,1,1,1,-1,1,-1,-1,-1,-1,1,1,-1,1,1,1,1,-1,-1,1,-1,-1,-1,-1,1,1,1,-1,-1,1,-1,-1,-1,-1,1,1,-1,1,-1,1,-1,1,1,-1,1,1,1,-1,-1,-1,1,-1,1,1,-1,1,-1,1,-1,1,1,-1,-1,1,-1,-1,1,1,1,-1,-1,1,-1,1,-1,1,1,1,-1,1,1,-1,1,1,1,1,1,1,-1,-1,1,-1,-1,1,-1,-1,-1,1,-1,1,-1,-1,1,1,-1,-1,-1,-1,1,1,-1,-1,-1,-1,1,-1,1,-1,1,-1,1,1,-1,1,-1,1,1,1,-1,1,-1,-1,-1,-1,-1,1,-1,1,-1,1,-1,1,1,-1,-1,-1,-1,1,-1,-1,-1,1,1,-1,-1,-1,1,1,1,-1,1,-1,-1,-1,-1,1,-1,1,-1,-1,1,1,-1,-1,1,-1,1,-1,1,1,1,-1,1,1,-1,1,1,1,1,-1,1,-1,1,-1,-1,1,-1,1,-1,-1,-198.13353892466714,1
328,-1,1,-1,1,1,1,-1,-1,-1,1,1,-1,1,-1,1,1,1,-1,1,1,-1,-1,-1,1,-1,-1,1,1,-1,1,1,-1,1,-1,-1,1,-1,-1,-1,-1,1,1,1,1,1,1,-1,1,-1,-1,1,1,-1,-1,-1,1,-1,1,-1,1,1,1,1,-1,1,-1,1,-1,1,1,-1,1,-1,1,1,1,1,1,-1,1,-1,-1,-1,-1,1,-1,1,1,-1,1,1,1,1,1,-1,1,1,-1,1,1,1,1,1,1,1,-1,1,1,-1,1,-1,-1,-1,1,-1,1,-1,-1,1,1,-1,-1,-1,-1,1,1,-1,1,-1,-1,1,-1,1,-1,1,-1,-1,-1,-1,1,-1,1,-1,1,-1,1,-1,-1,-1,-1,-1,1,-1,1,-1,-1,-1,1,1,-1,-1,-1,-1,1,-1,-1,1,-1,1,-1,-1,-1,1,1,1,-1,1,1,-1,-1,1,1,-1,1,-1,-1,-1,-1,1,-1,-1,1,1,-1,1,1,-1,1,1,-1,-1,1,-1,-1,-1,1,-1,1,-1,1,1,-1,1,-1,1,1,-198.0909485716616,1
329,1,-1,1,1,1,1,-1,-1,-1,1,1,-1,1,-1,1,1,-1,-1,-1,-1,1,-1,1,1,-1,-1,1,1,-1,1,-1,1,1,-1,-1,1,-1,-1,-1,-1,1,1,1,1,1,1,-1,1,-1,-1,1,1,-1,-1,-1,1,-1,-1,-1,1,1,1,1,-1,-1,-1,1,-1,1,1,-1,1,-1,1,1,1,1,1,-1,1,-1,-1,-1,-1,1,-1,1,1,-1,1,1,1,-1,1,-1,1,1,-1,1,1,1,1,1,1,1,1,1,1,-1,1,-1,-1,-1,1,-1,1,-1,-1,1,1,-1,-1,-1,-1,1,1,-1,-1,-1,-1,1,-1,1,-1,1,-1,1,1,1,1,-1,-1,-1,1,-1,1,-1,-1,-1,-1,-1,1,-1,1,-1,1,-1,1,1,-1,-1,-1,-1,1,-1,-1,1,-1,1,-1,-1,-1,1,1,1,-1,1,1,-1,-1,1,1,-1,1,-1,-1,-1,-1,1,-1,-1,-1,1,-1,1,-1,-1,1,1,-1,-1,1,-1,-1,-1,1,-1,1,-1,1,1,-1,1,-1,1,1,-198.09043381146913,1
330,-1,1,-1,-1,-1,-1,-1,-1,-1,1,1,1,-1,1,-1,1,1,1,1,1,-1,1,-1,-1,-1,-1,1,-1,-1,1,-1,1,1,-1,1,1,-1,-1,-1,1,1,1,1,-1,-1,1,-1,-1,1,-1,1,-1,-1,1,-1,1,-1,1,1,-1,1,1,1,-1,-1,-1,1,-1,1,1,-1,1,-1,1,-1,1,1,-1,1,-1,1,1,-1,1,1,-1,-1,1,-1,1,1,1,1,-1,-1,1,1,-1,1,1,1,1,1,1,1,1,1,1,1,1,1,1,1,-1,1,-1,1,1,-1,-1,1,1,1,-1,1,1,1,1,-1,-1,1,-1,1,-1,1,-1,1,-1,-1,1,-1,1,1,1,-1,1,-1,-1,-1,-1,-1,1,-1,1,-1,-1,-1,1,1,-1,-1,-1,-1,1,-1,-1,1,-1,1,-1,-1,-1,1,1,1,-1,1,-1,-1,-1,-1,-1,1,1,-1,-1,1,-1,1,-1,1,-1,1,-1,1,1,1,1,1,1,1,1,1,1,1,-1,1,-1,1,-1,-1,1,-1,1,-1,-1,-198.06479305674344,1
331,-1,1,-1,-1,-1,-1,-1,-1,-1,1,1,1,1,-1,1,1,1,-1,1,1,-1,-1,-1,1,-1,-1,1,1,-1,1,-1,1,1,1,-1,1,-1,-1,-1,-1,1,1,1,1,1,1,-1,1,-1,-1,1,1,-1,-1,-1,1,-1,-1,-1,-1,1,1,1,-1,-1,-1,-1,1,1,1,-1,1,-1,1,-1,1,1,-1,-1,1,1,-1,1,1,1,-1,-1,1,-1,1,-1,-1,1,1,-1,1,1,-1,1,1,1,1,1,1,1,-1,1,1,-1,1,-1,-1,-1,1,-1,1,-1,-1,1,1,-1,-1,-1,-1,1,1,-1,-1,-1,-1,1,-1,1,-1,1,-1,1,1,-1,1,-1,1,-1,-1,-1,1,-1,-1,-1,-1,-1,1,-1,1,-1,1,-1,1,1,-1,-1,-1,-1,1,-1,-1,1,-1,1,-1,-1,-1,1,1,1,-1,1,1,-1,-1,1,1,-1,1,-1,-1,-1,-1,1,-1,1,-1,1,-1,1,1,1,-1,1,1,-1,1,1,1,1,-1,1,-1,1,-1,-1,1,-1,1,-1,-1,-198.06276963535126,1
332,-1,-1,1,-1,-1,-1,-1,-1,-1,1,-1,1,1,-1,1,1,1,-1,1,1,-1,-1,-1,1,-1,-1,1,1,-1,1,-1,1,1,-1,-1,1,-1,-1,-1,-1,1,1,1,-1,-1,1,-1,-1,-1,-1,1,1,-1,1,-1,1,-1,1,1,-1,1,1,1,-1,-1,-1,1,-1,1,1,-1,1,-1,1,-1,1,1,-1,-1,1,-1,-1,-1,1,1,-1,-1,1,-1,1,1,1,1,1,-1,1,1,-1,1,1,1,1,1,1,-1,-1,1,-1,-1,1,-1,-1,-1,1,-1,1,-1,-1,1,1,-1,-1,-1,-1,1,1,-1,-1,-1,-1,1,-1,1,-1,1,-1,1,1,-1,1,-1,1,1,1,-1,1,-1,-1,-1,-1,-1,1,-1,1,-1,-1,-1,1,1,-1,-1,-1,-1,1,-1,-1,-1,1,1,-1,-1,1,1,1,1,-1,1,1,-1,-1,-1,-1,1,1,-1,-1,1,1,-1,-1,1,-1,1,-1,1,1,1,-1,1,1,-1,1,1,1,1,-1,1,-1,1,-1,1,-1,1,1,-1,-1,-198.05697512149274,1
333,-1,1,-1,-1,-1,1,-1,1,1,1,-1,-1,-1,1,-1,1,1,1,1,1,-1,-1,-1,-1,-1,-1,1,1,-1,1,-1,1,1,-1,-1,1,-1,-1,1,-1,1,-1,1,1,1,1,-1,1,-1,-1,1,1,-1,-1,-1,1,-1,-1,-1,1,1,1,1,-1,-1,-1,1,-1,1,1,-1,1,-1,1,1,1,1,1,-1,1,-1,-1,-1,-1,1,-1,1,1,-1,1,1,1,-1,1,-1,1,1,-1,1,1,1,1,1,1,1,-1,1,1,-1,1,-1,-1,-1,1,-1,1,-1,-1,1,1,-1,-1,-1,-1,1,1,-1,-1,-1,-1,1,-1,1,-1,1,-1,1,-1,-1,1,-1,1,-1,1,-1,1,-1,-1,-1,-1,-1,1,-1,1,-1,-1,-1,1,1,-1,-1,-1,-1,1,-1,-1,1,-1,1,-1,-1,-1,1,1,-1,-1,1,-1,-1,-1,1,1,-1,1,-1,-1,-1,-1,1,-1,-1,1,-1,-1,1,-1,-1,1,-1,-1,-1,-1,-1,-1,-1,1,-1,1,-1,1,1,-1,1,-1,1,1,-198.0430791220136,1
334,1,-1,1,-1,-1,-1,-1,-1,-1,1,1,1,1,-1,1,1,1,-1,1,1,-1,-1,-1,1,-1,-1,1,1,-1,1,-1,1,1,-1,-1,1,-1,-1,-1,-1,1,1,1,-1,-1,1,-1,1,-1,-1,1,1,-1,-1,-1,1,-1,1,1,-1,1,1,1,-1,-1,-1,1,-1,1,1,-1,1,-1,1,-1,1,1,-1,-1,1,-1,-1,1,1,1,-1,-1,1,-1,1,-1,1,1,1,-1,1,1,-1,1,1,1,1,1,1,-1,-1,1,-1,-1,1,-1,-1,-1,1,-1,1,-1,-1,1,1,-1,-1,-1,-1,1,1,-1,-1,-1,-1,1,-1,1,-1,1,-1,1,1,-1,1,-1,1,1,1,-1,1,-1,-1,-1,-1,-1,1,-1,1,-1,-1,-1,1,1,-1,-1,-1,-1,1,-1,-1,-1,1,1,-1,-1,-1,1,1,1,-1,1,1,-1,-1,1,1,-1,1,-1,-1,-1,1,-1,-1,1,1,1,-1,1,1,1,-1,1,1,-1,1,1,1,1,-1,1,-1,1,-1,1,-1,1,1,-1,-1,-198.0311355399589,1
335,-1,1,-1,1,1,1,-1,-1,-1,1,1,-1,1,-1,1,1,1,1,1,1,-1,1,-1,1,-1,-1,1,1,-1,1,-1,1,1,1,-1,1,-1,-1,-1,-1,1,1,1,1,1,1,-1,1,-1,-1,1,1,-1,-1,-1,1,-1,-1,-1,1,1,1,1,-1,-1,-1,-1,1,1,1,-1,1,-1,1,1,1,1,1,-1,1,-1,-1,-1,-1,1,-1,1,1,-1,1,-1,-1,-1,1,-1,1,1,-1,1,1,1,1,1,1,1,1,1,1,-1,1,-1,1,1,-1,-1,1,-1,-1,1,1,-1,-1,-1,-1,1,1,-1,-1,-1,-1,1,-1,1,-1,1,-1,1,1,-1,1,-1,1,-1,-1,-1,1,-1,-1,-1,-1,-1,1,-1,1,-1,1,-1,1,1,-1,-1,-1,-1,1,-1,-1,1,-1,1,-1,-1,-1,1,1,1,-1,1,1,-1,-1,1,1,-1,1,-1,-1,-1,-1,1,-1,-1,1,1,-1,1,1,-1,1,1,-1,-1,1,-1,-1,-1,1,-1,1,-1,1,1,-1,1,-1,1,1,-197.99523603202812,1
336,-1,-1,1,1,1,1,-1,-1,-1,1,1,-1,1,-1,1,1,1,-1,1,1,-1,-1,-1,1,-1,-1,1,1,-1,1,1,-1,1,1,-1,1,-1,-1,-1,-1,1,1,1,1,1,1,-1,1,-1,-1,1,1,-1,-1,-1,1,-1,1,-1,1,1,1,1,-1,1,-1,1,-1,1,1,-1,1,-1,1,1,1,1,1,-1,1,-1,-1,-1,-1,1,-1,1,1,-1,1,-1,1,-1,1,-1,1,1,-1,1,1,1,1,1,1,1,-1,1,1,-1,1,-1,-1,-1,1,-1,1,-1,-1,1,1,-1,-1,-1,-1,1,1,-1,1,-1,-1,1,-1,1,-1,1,-1,-1,-1,-1,1,-1,1,-1,1,-1,1,-1,-1,-1,-1,-1,1,-1,1,-1,-1,-1,1,1,-1,-1,-1,-1,1,-1,-1,1,-1,1,-1,-1,-1,1,1,1,-1,1,1,-1,-1,1,1,-1,1,-1,-1,-1,-1,1,-1,-1,1,1,-1,1,1,-1,1,1,-1,-1,1,-1,-1,-1,1,-1,1,-1,1,1,-1,1,-1,1,1,-197.9682110841786,1
337,1,-1,1,1,1,1,-1,-1,-1,1,1,-1,1,-1,1,1,1,-1,1,1,-1,1,-1,1,-1,-1,1,1,-1,1,-1,1,1,1,-1,1,-1,-1,-1,-1,1,1,1,1,1,1,-1,1,-1,-1,1,1,-1,-1,-1,1,-1,-1,-1,1,1,1,1,-1,-1,-1,1,-1,1,1,-1,1,-1,1,1,1,1,1,-1,1,-1,-1,-1,-1,1,-1,1,1,-1,1,-1,1,-1,1,-1,1,1,-1,1,1,1,1,1,1,1,-1,1,1,-1,1,-1,1,1,-1,-1,1,-1,-1,1,1,-1,-1,-1,-1,1,1,-1,-1,-1,-1,1,-1,1,-1,1,-1,1,1,-1,1,-1,1,-1,1,-1,1,-1,-1,-1,-1,-1,1,-1,1,-1,-1,-1,1,1,-1,-1,-1,-1,1,-1,-1,1,-1,1,-1,-1,-1,1,1,1,-1,1,1,-1,-1,1,1,-1,1,-1,-1,-1,-1,1,-1,-1,1,1,-1,1,1,-1,1,1,-1,-1,1,-1,-1,-1,1,-1,1,-1,1,1,-1,1,-1,1,1,-197.9618767759994,1
338,1,-1,1,1,1,1,-1,-1,-1,1,1,-1,1,-1,1,1,1,1,1,1,-1,-1,-1,1,-1,-1,1,1,-1,1,-1,1,1,1,-1,1,-1,-1,-1,-1,1,1,1,1,1,1,-1,1,-1,-1,1,1,-1,-1,-1,1,-1,-1,-1,1,1,1,1,-1,-1,-1,1,-1,1,1,-1,1,-1,1,1,1,1,1,-1,1,-1,-1,1,-1,1,-1,1,1,-1,1,-1,1,-1,1,-1,1,1,-1,1,1,1,1,1,1,1,-1,1,1,-1,1,-1,-1,-1,1,-1,1,-1,-1,1,1,-1,-1,-1,-1,1,1,-1,-1,-1,-1,1,-1,1,-1,1,-1,1,1,-1,1,-1,1,-1,1,-1,1,-1,-1,-1,-1,-1,1,-1,1,-1,-1,-1,1,1,-1,-1,-1,-1,1,-1,-1,1,-1,1,-1,-1,-1,1,1,1,-1,1,1,-1,-1,1,1,-1,1,-1,-1,-1,-1,1,-1,-1,-1,1,-1,1,1,-1,1,1,-1,-1,1,-1,-1,-1,1,-1,1,-1,1,1,-1,1,-1,1,1,-197.96150268944862,1
339,-1,-1,1,-1,-1,-1,-1,-1,-1,1,1,1,1,-1,1,1,1,-1,1,1,-1,-1,-1,1,-1,-1,1,1,-1,1,-1,1,1,-1,1,1,-1,-1,-1,-1,1,1,1,-1,-1,1,-1,1,-1,-1,1,1,-1,-1,-1,1,-1,1,1,-1,1,1,1,-1,-1,-1,1,-1,1,1,-1,1,-1,1,-1,1,1,-1,-1,1,-1,-1,1,1,1,-1,-1,1,-1,1,-1,1,1,1,-1,1,1,-1,1,-1,-1,-1,1,1,-1,1,1,-1,-1,1,-1,-1,-1,1,-1,1,1,-1,1,1,-1,-1,-1,-1,1,1,1,1,-1,-1,1,-1,1,-1,1,-1,1,-1,-1,1,-1,1,1,1,-1,1,-1,-1,-1,-1,-1,1,1,1,-1,1,-1,1,1,-1,-1,-1,-1,1,1,-1,-1,1,1,-1,-1,1,1,1,1,-1,1,1,-1,-1,1,1,-1,1,-1,-1,-1,1,-1,-1,1,-1,1,-1,1,1,1,-1,1,1,-1,1,1,1,1,-1,1,-1,1,-1,1,-1,1,1,-1,-1,-197.9535232717071,1
340,1,-1,1,1,1,1,-1,-1,-1,1,1,-1,1,-1,1,1,1,1,1,1,-1,-1,-1,1,-1,-1,1,1,-1,1,-1,1,1,-1,-1,1,-1,-1,-1,-1,1,1,1,1,1,1,-1,1,-1,-1,1,1,-1,-1,-1,1,-1,-1,-1,1,1,1,1,-1,-1,-1,1,-1,1,1,-1,1,-1,1,1,1,1,1,-1,1,-1,-1,-1,-1,1,-1,1,1,-1,1,-1,1,-1,1,-1,1,1,-1,1,1,1,1,1,1,1,1,1,1,-1,1,-1,-1,-1,1,-1,1,1,-1,1,1,-1,-1,-1,-1,1,1,-1,-1,-1,-1,1,-1,1,-1,1,-1,1,1,-1,1,-1,1,-1,1,-1,1,-1,-1,-1,-1,-1,1,-1,1,-1,-1,-1,1,1,-1,-1,-1,-1,1,-1,-1,1,-1,1,-1,-1,1,1,1,1,-1,1,1,-1,-1,1,1,-1,1,-1,-1,-1,-1,1,-1,-1,-1,1,-1,1,1,-1,1,1,-1,-1,1,-1,-1,-1,1,-1,1,-1,1,1,-1,1,-1,1,1,-197.94403347043325,1
341,-1,1,-1,-1,-1,-1,-1,-1,-1,1,1,1,-1,1,-1,1,1,1,1,1,-1,1,-1,-1,-1,-1,1,1,-1,1,1,-1,1,-1,-1,1,-1,-1,-1,-1,1,1,-1,-1,-1,1,-1,-1,-1,-1,1,1,-1,1,-1,1,-1,1,1,-1,1,1,1,-1,1,1,1,-1,1,1,-1,1,-1,1,-1,1,1,-1,-1,1,-1,-1,-1,1,1,-1,-1,1,-1,1,-1,1,1,1,-1,1,1,-1,1,1,1,1,1,1,-1,-1,1,-1,-1,1,-1,-1,-1,1,-1,1,-1,-1,1,1,-1,-1,-1,-1,1,1,1,1,-1,-1,1,-1,1,-1,1,-1,-1,-1,-1,1,-1,1,-1,1,-1,1,-1,-1,-1,-1,-1,1,-1,1,-1,1,-1,1,1,-1,-1,-1,-1,1,-1,-1,-1,1,1,-1,-1,-1,1,1,-1,-1,1,-1,-1,-1,-1,-1,1,1,-1,-1,1,1,-1,-1,1,-1,1,-1,1,1,1,-1,1,1,1,1,1,1,1,-1,1,-1,1,-1,-1,-1,1,1,-1,-1,-197.94065375350038,1
342,-1,1,-1,-1,-1,-1,-1,-1,-1,1,1,1,-1,1,-1,1,1,1,1,1,-1,-1,-1,-1,-1,-1,1,1,-1,1,-1,1,1,-1,1,1,-1,-1,-1,-1,1,1,1,-1,-1,1,-1,-1,-1,-1,1,1,-1,1,-1,1,-1,1,1,-1,1,1,1,-1,-1,-1,1,-1,1,1,-1,1,-1,1,-1,1,1,-1,-1,1,-1,-1,1,1,1,-1,-1,1,-1,1,-1,1,1,1,-1,1,1,-1,1,1,1,1,1,1,-1,-1,1,-1,-1,1,-1,-1,-1,1,-1,1,-1,-1,1,1,-1,-1,-1,-1,1,1,1,1,-1,-1,1,-1,1,-1,1,-1,1,-1,-1,1,-1,1,1,1,-1,1,-1,-1,-1,-1,-1,1,-1,1,-1,1,-1,1,1,-1,-1,-1,-1,1,-1,-1,-1,1,1,-1,-1,-1,1,1,1,-1,1,-1,-1,-1,-1,1,-1,1,-1,-1,1,1,-1,-1,1,-1,1,-1,1,1,1,-1,1,1,1,1,1,1,1,-1,1,-1,1,-1,1,-1,1,1,-1,-1,-197.91317625589997,1
343,-1,1,-1,-1,-1,-1,-1,-1,-1,1,1,1,-1,1,1,1,1,-1,1,1,-1,1,-1,1,1,-1,1,-1,-1,1,-1,1,1,-1,1,1,-1,-1,-1,1,1,1,1,1,1,1,-1,1,1,-1,1,-1,-1,-1,-1,1,-1,1,1,-1,1,1,1,-1,-1,-1,1,-1,1,1,-1,1,-1,1,-1,1,1,-1,1,-1,1,1,-1,1,1,-1,-1,1,-1,1,1,1,1,-1,-1,1,-1,-1,1,1,1,1,1,1,1,1,1,1,1,1,1,1,1,-1,1,-1,1,1,-1,-1,1,1,1,-1,1,1,1,1,-1,-1,1,-1,1,-1,1,-1,1,1,-1,1,-1,1,1,1,-1,1,-1,-1,-1,-1,-1,1,-1,1,-1,-1,-1,1,1,-1,-1,-1,-1,1,-1,-1,1,-1,1,-1,-1,-1,1,1,1,-1,1,1,-1,-1,1,1,-1,1,-1,-1,-1,-1,1,-1,1,-1,1,-1,1,1,1,-1,1,1,-1,1,1,1,1,-1,-1,-1,1,-1,-1,1,-1,1,-1,-1,-197.90578579243896,1
344,-1,1,-1,-1,-1,-1,-1,-1,-1,1,1,1,1,1,-1,1,1,1,1,1,-1,1,-1,-1,-1,-1,1,1,-1,1,-1,1,1,1,-1,1,-1,-1,-1,-1,1,1,1,-1,-1,1,-1,-1,-1,-1,1,1,-1,1,-1,1,-1,-1,-1,-1,1,1,1,-1,-1,-1,-1,1,1,1,-1,1,-1,1,-1,1,1,-1,-1,1,-1,-1,-1,1,1,-1,-1,1,-1,1,-1,-1,1,1,-1,1,1,-1,1,1,1,1,1,1,-1,-1,1,-1,-1,1,-1,-1,-1,1,-1,1,-1,-1,1,1,-1,-1,-1,-1,1,1,-1,-1,-1,-1,1,-1,1,-1,1,-1,1,1,-1,1,-1,1,-1,-1,-1,1,-1,-1,-1,-1,-1,1,-1,1,-1,1,-1,1,1,-1,-1,-1,-1,1,-1,-1,-1,1,1,-1,-1,-1,1,1,1,-1,1,-1,-1,-1,-1,-1,1,1,-1,-1,1,1,-1,-1,1,-1,1,-1,1,1,1,-1,1,1,-1,1,1,1,1,-1,1,-1,1,-1,-1,1,-1,1,-1,-1,-197.90058620654892,1
345,-1,1,-1,-1,-1,-1,-1,-1,-1,1,1,1,1,-1,1,1,1,-1,1,1,-1,-1,-1,1,-1,-1,1,1,-1,1,-1,1,1,1,-1,1,-1,-1,-1,-1,1,1,1,1,1,1,-1,1,-1,-1,1,1,-1,-1,-1,1,-1,-1,-1,-1,1,1,1,-1,-1,-1,-1,1,1,1,-1,1,-1,1,-1,1,1,-1,-1,1,1,-1,1,1,1,-1,-1,1,-1,1,-1,-1,1,1,-1,1,1,-1,1,1,1,1,1,1,1,1,1,1,-1,1,-1,-1,-1,1,-1,1,-1,-1,1,1,-1,-1,-1,-1,1,1,-1,-1,-1,-1,1,-1,1,-1,1,-1,1,1,-1,1,-1,1,-1,-1,-1,1,-1,-1,-1,-1,-1,1,-1,1,-1,1,-1,1,1,-1,-1,-1,-1,1,-1,-1,1,-1,1,-1,-1,-1,1,1,1,-1,1,1,-1,-1,1,1,-1,1,-1,-1,-1,-1,1,-1,1,-1,1,-1,1,1,1,-1,1,1,1,1,1,1,1,-1,1,-1,1,-1,-1,1,-1,1,-1,-1,-197.8963075124829,1
346,-1,-1,1,1,1,1,-1,-1,-1,1,1,-1,1,-1,1,1,1,1,1,1,-1,-1,-1,1,-1,-1,1,1,-1,1,-1,1,1,-1,-1,1,-1,-1,-1,-1,1,1,1,1,1,1,-1,1,-1,-1,1,1,-1,-1,-1,1,-1,-1,-1,1,1,1,1,-1,-1,-1,-1,1,1,1,-1,1,-1,1,1,1,1,1,-1,1,-1,-1,-1,-1,1,-1,1,1,-1,1,-1,-1,1,1,-1,1,1,-1,1,1,1,1,1,1,1,-1,1,1,-1,1,-1,-1,-1,1,-1,1,-1,-1,1,1,-1,-1,-1,-1,1,1,-1,-1,-1,-1,1,-1,1,-1,1,-1,1,1,-1,1,-1,1,-1,-1,-1,1,-1,-1,-1,-1,-1,1,-1,1,-1,1,-1,1,1,-1,-1,-1,-1,1,-1,-1,1,-1,1,-1,-1,-1,1,1,1,-1,1,1,-1,-1,1,1,-1,1,-1,-1,-1,-1,1,-1,-1,1,1,-1,1,1,-1,1,1,-1,-1,1,-1,-1,-1,1,-1,1,-1,1,1,-1,1,-1,1,1,-197.89322826497354,1
347,-1,1,-1,-1,-1,-1,-1,-1,-1,1,1,1,-1,1,-1,1,1,1,1,1,-1,-1,-1,-1,-1,-1,1,1,-1,1,-1,1,1,-1,-1,1,-1,-1,-1,-1,1,1,1,1,1,1,-1,-1,-1,-1,1,1,-1,-1,-1,1,-1,-1,-1,-1,1,1,1,-1,-1,-1,-1,1,1,1,-1,1,-1,1,-1,1,1,-1,-1,1,-1,-1,1,1,1,-1,-1,1,-1,1,-1,-1,1,1,-1,1,1,-1,1,1,1,1,1,1,-1,1,1,-1,-1,1,-1,-1,-1,1,-1,1,-1,-1,1,1,-1,-1,-1,-1,1,1,-1,-1,-1,-1,1,-1,1,-1,1,-1,1,1,-1,1,-1,1,-1,-1,-1,1,-1,-1,-1,-1,-1,1,-1,1,-1,1,-1,1,1,-1,-1,-1,-1,1,-1,-1,-1,1,1,-1,-1,-1,1,1,1,-1,1,-1,-1,-1,1,1,1,1,-1,-1,1,1,-1,-1,1,-1,1,-1,1,1,1,-1,1,1,-1,1,-1,-1,1,-1,1,-1,1,-1,-1,1,-1,1,-1,-1,-197.8907891378787,1
348,-1,1,-1,-1,-1,-1,-1,-1,-1,1,1,1,1,-1,1,1,1,-1,1,1,-1,1,-1,1,-1,-1,1,1,-1,1,-1,1,1,-1,-1,1,-1,-1,-1,-1,1,1,1,-1,-1,1,-1,1,-1,-1,1,1,-1,-1,-1,1,-1,-1,-1,-1,1,1,1,-1,-1,-1,-1,1,1,1,-1,1,-1,1,-1,1,1,-1,-1,1,-1,-1,1,1,1,-1,-1,1,-1,1,-1,-1,1,1,-1,1,1,-1,1,1,1,1,1,1,-1,1,1,-1,-1,1,-1,-1,-1,1,-1,1,-1,-1,1,1,-1,-1,-1,-1,1,1,-1,-1,-1,-1,1,-1,1,-1,1,-1,1,1,-1,1,-1,1,-1,-1,-1,1,-1,-1,-1,-1,-1,1,-1,1,-1,1,-1,1,1,-1,-1,-1,-1,1,-1,-1,-1,1,1,-1,-1,-1,1,1,1,-1,1,1,-1,-1,1,1,-1,1,-1,-1,-1,1,-1,-1,1,-1,1,-1,1,1,1,-1,1,1,-1,1,1,1,1,-1,1,-1,1,-1,1,-1,1,1,-1,-1,-197.88288438772148,1
349,-1,1,-1,-1,-1,-1,-1,-1,-1,1,1,1,-1,1,-1,1,1,1,1,1,-1,-1,-1,-1,-1,-1,1,1,-1,1,-1,1,1,1,-1,1,-1,-1,-1,-1,1,1,1,1,1,1,-1,-1,-1,-1,1,1,-1,-1,-1,1,-1,-1,-1,-1,1,1,1,-1,-1,-1,1,-1,1,1,-1,1,-1,1,-1,1,1,-1,-1,1,-1,-1,1,1,1,-1,-1,1,-1,1,-1,1,1,1,-1,1,1,-1,1,1,1,1,1,1,1,-1,1,1,-1,1,-1,-1,-1,1,-1,1,-1,-1,1,1,-1,-1,-1,-1,1,1,-1,-1,-1,-1,1,-1,1,-1,1,-1,1,-1,-1,1,-1,1,-1,1,-1,1,-1,-1,-1,-1,-1,1,-1,1,-1,1,-1,1,1,-1,-1,-1,-1,1,-1,-1,1,-1,1,-1,-1,-1,1,1,1,-1,1,-1,-1,-1,1,1,-1,1,-1,-1,1,1,1,-1,1,-1,1,-1,1,1,1,-1,1,1,-1,1,1,1,1,-1,1,-1,1,-1,-1,1,-1,1,-1,-1,-197.87034040594216,1
350,-1,1,-1,-1,-1,-1,-1,-1,-1,1,1,1,1,-1,1,1,1,-1,1,1,-1,-1,-1,1,-1,-1,1,1,-1,1,-1,1,1,1,-1,1,-1,-1,-1,-1,1,1,1,1,1,1,-1,1,-1,-1,1,1,-1,-1,-1,1,-1,-1,-1,-1,1,1,1,-1,-1,-1,1,-1,1,1,-1,1,-1,1,-1,1,1,-1,-1,1,1,-1,-1,1,1,-1,-1,1,-1,1,-1,1,1,1,-1,1,1,-1,1,1,1,1,1,1,1,-1,1,1,-1,1,-1,-1,-1,1,-1,1,-1,-1,1,1,-1,-1,-1,-1,1,1,-1,-1,-1,-1,1,-1,1,-1,1,-1,1,1,-1,1,-1,1,-1,1,-1,1,-1,-1,-1,-1,-1,1,-1,1,-1,-1,-1,1,1,-1,-1,-1,-1,1,-1,-1,1,-1,1,-1,-1,1,1,1,1,-1,1,1,-1,-1,1,1,-1,1,-1,-1,-1,-1,1,-1,1,-1,1,-1,1,1,1,1,1,1,1,1,1,1,1,-1,1,-1,1,-1,-1,1,-1,1,-1,-1,-197.8695056428517,1
351,-1,1,-1,1,1,1,-1,-1,-1,1,1,1,1,-1,1,1,1,-1,1,1,-1,-1,-1,1,-1,-1,1,1,-1,1,-1,1,1,1,-1,1,-1,-1,-1,-1,1,1,1,1,1,1,-1,1,-1,-1,1,1,-1,-1,-1,1,-1,-1,-1,1,1,1,1,-1,-1,-1,1,-1,1,1,-1,1,-1,1,1,1,1,1,-1,1,-1,-1,1,-1,1,-1,1,1,-1,1,1,1,-1,1,-1,1,1,-1,1,1,1,1,1,1,1,1,1,1,-1,1,-1,-1,-1,1,-1,1,-1,-1,1,1,-1,-1,-1,-1,1,1,-1,-1,-1,-1,1,-1,1,-1,1,-1,1,-1,-1,1,-1,1,-1,1,-1,1,-1,-1,-1,-1,-1,1,-1,1,-1,-1,-1,1,1,-1,-1,-1,-1,1,-1,-1,1,-1,1,-1,-1,-1,1,1,1,-1,1,1,-1,-1,1,1,-1,1,-1,-1,-1,-1,1,-1,-1,1,1,-1,1,1,-1,1,1,-1,-1,1,-1,-1,-1,1,-1,-1,-1,1,1,-1,1,-1,1,1,-197.84686708119415,1
352,-1,-1,1,-1,-1,-1,-1,-1,-1,1,1,1,1,-1,1,1,1,-1,1,1,-1,-1,-1,1,-1,-1,1,1,-1,1,-1,1,1,-1,-1,1,-1,-1,-1,-1,1,1,1,1,1,1,-1,1,-1,-1,1,1,-1,-1,-1,1,-1,-1,-1,1,1,1,1,-1,-1,-1,1,-1,1,1,-1,1,-1,1,-1,1,1,-1,-1,1,1,-1,1,1,1,-1,-1,1,-1,1,1,1,-1,1,-1,1,1,-1,1,1,1,1,1,1,1,-1,1,1,-1,1,-1,-1,-1,1,-1,1,-1,-1,1,1,-1,-1,-1,-1,1,1,-1,-1,-1,-1,1,-1,1,-1,1,-1,1,-1,-1,1,-1,1,-1,1,-1,1,-1,-1,-1,-1,-1,1,-1,1,-1,-1,-1,1,1,-1,-1,-1,-1,1,-1,-1,1,-1,1,-1,-1,-1,1,1,1,-1,1,1,-1,-1,1,1,-1,1,-1,-1,-1,-1,1,-1,1,-1,1,-1,1,1,1,1,1,1,1,1,-1,-1,1,-1,-1,-1,1,-1,1,1,-1,1,-1,-1,-197.8187531338211,1
353,-1,1,-1,-1,-1,-1,-1,-1,-1,1,1,1,-1,1,-1,1,1,1,1,1,-1,1,-1,-1,-1,-1,1,-1,-1,1,-1,1,1,-1,1,1,-1,-1,-1,1,1,1,1,-1,-1,1,-1,-1,1,-1,1,-1,-1,1,-1,1,-1,1,1,-1,1,1,1,-1,-1,-1,1,-1,1,1,-1,1,-1,1,-1,1,1,-1,1,-1,1,1,-1,1,1,-1,-1,1,-1,-1,1,1,1,1,-1,1,1,1,1,1,1,1,1,1,-1,1,1,-1,1,1,-1,1,1,-1,1,-1,-1,1,-1,1,1,1,1,-1,1,1,1,1,1,-1,1,-1,1,-1,1,-1,1,1,-1,1,-1,1,1,1,-1,1,-1,-1,-1,-1,-1,1,-1,1,-1,-1,-1,1,1,-1,-1,-1,-1,1,-1,-1,-1,1,1,-1,-1,-1,1,1,-1,-1,1,-1,-1,-1,-1,-1,1,1,-1,-1,1,1,-1,-1,1,-1,1,-1,1,1,1,-1,1,1,1,1,1,1,1,-1,1,-1,1,-1,-1,1,-1,1,-1,-1,-197.7860149267657,1
354,-1,1,-1,-1,-1,-1,-1,-1,-1,1,-1,1,-1,1,-1,1,1,1,1,1,-1,-1,-1,-1,-1,-1,1,1,-1,1,1,-1,1,1,-1,1,-1,-1,-1,-1,1,1,-1,-1,-1,1,-1,-1,-1,-1,1,1,-1,1,-1,1,-1,1,1,-1,1,1,1,-1,1,1,1,-1,1,1,-1,1,-1,1,-1,1,1,-1,-1,1,-1,-1,-1,1,1,-1,-1,1,-1,1,1,1,1,1,-1,1,1,-1,1,1,1,1,1,1,-1,-1,1,-1,-1,1,-1,-1,-1,1,-1,1,-1,-1,1,1,-1,-1,-1,-1,1,1,-1,1,-1,-1,1,-1,1,-1,1,-1,-1,-1,-1,1,-1,1,-1,1,-1,1,-1,-1,-1,-1,-1,1,-1,1,-1,1,-1,1,1,-1,-1,-1,-1,1,-1,-1,-1,1,1,-1,-1,1,1,1,-1,-1,1,-1,-1,-1,-1,-1,1,1,-1,-1,1,1,-1,-1,1,-1,1,-1,1,1,1,-1,1,1,-1,1,1,1,1,-1,1,-1,1,-1,-1,1,-1,1,-1,-1,-197.77995361120017,1
355,-1,1,-1,-1,-1,-1,-1,-1,-1,1,1,1,-1,1,-1,1,1,1,1,1,-1,1,-1,-1,-1,-1,1,1,-1,1,-1,1,1,-1,1,1,-1,-1,-1,-1,1,1,1,-1,-1,1,-1,-1,-1,-1,1,1,-1,1,-1,1,-1,1,1,-1,1,1,1,-1,-1,-1,1,-1,1,1,-1,1,-1,1,-1,1,1,-1,-1,1,-1,-1,1,1,1,-1,-1,1,-1,1,1,1,1,1,-1,1,1,-1,1,1,1,1,1,1,-1,-1,1,-1,-1,1,1,-1,-1,1,-1,1,-1,-1,1,1,-1,-1,-1,-1,1,1,1,1,-1,-1,1,-1,1,-1,1,-1,1,1,-1,1,-1,1,1,1,-1,1,-1,-1,-1,-1,-1,1,-1,1,-1,-1,-1,1,1,-1,-1,-1,-1,1,-1,-1,-1,1,1,-1,-1,-1,1,1,-1,-1,1,-1,-1,-1,-1,1,-1,1,-1,-1,1,1,-1,-1,1,-1,1,-1,1,1,1,-1,1,1,1,1,1,1,1,-1,1,-1,1,-1,-1,1,-1,1,-1,-1,-197.77010353320958,1
356,-1,1,-1,1,1,1,-1,-1,-1,1,-1,-1,1,-1,1,1,1,-1,1,1,-1,-1,-1,1,-1,-1,1,1,-1,1,-1,1,1,1,-1,1,-1,-1,-1,-1,1,1,1,1,1,1,-1,1,-1,-1,1,1,-1,-1,-1,1,-1,-1,-1,1,1,1,1,-1,-1,-1,1,-1,1,1,-1,1,-1,1,1,1,1,1,-1,1,-1,-1,-1,-1,1,-1,1,1,-1,1,1,1,-1,1,-1,1,1,-1,1,1,1,1,1,1,1,-1,-1,1,-1,1,-1,-1,-1,1,-1,1,-1,-1,1,1,-1,-1,-1,-1,1,1,-1,-1,-1,-1,1,-1,1,-1,1,-1,1,-1,-1,1,-1,1,-1,1,-1,1,-1,-1,-1,-1,-1,1,-1,1,-1,1,-1,1,1,-1,-1,-1,-1,1,-1,-1,1,-1,1,-1,-1,1,1,1,1,-1,1,1,-1,-1,1,1,-1,1,-1,-1,-1,-1,1,-1,-1,1,1,-1,1,1,-1,1,1,-1,-1,1,-1,-1,-1,1,-1,1,-1,1,1,-1,1,-1,1,1,-197.7620025918713,1
357,-1,-1,1,1,1,1,-1,-1,-1,1,1,-1,1,-1,1,1,1,-1,1,1,-1,-1,-1,1,-1,-1,1,1,-1,1,-1,1,1,-1,-1,1,-1,-1,-1,-1,1,1,1,1,1,1,-1,1,-1,-1,1,1,-1,-1,-1,1,-1,-1,-1,1,1,1,1,-1,-1,-1,1,-1,1,1,-1,1,-1,1,1,1,1,1,-1,1,-1,-1,-1,-1,1,-1,1,1,-1,1,-1,1,-1,1,-1,1,1,-1,1,1,1,1,1,1,1,1,1,1,-1,1,1,-1,-1,1,-1,1,-1,-1,1,1,-1,-1,-1,-1,1,1,-1,-1,-1,-1,1,-1,1,-1,1,-1,1,1,-1,1,-1,1,-1,1,-1,1,-1,-1,-1,-1,-1,1,-1,1,-1,-1,-1,1,1,1,-1,-1,-1,1,-1,-1,1,-1,1,-1,-1,-1,1,1,1,-1,1,1,-1,-1,1,1,-1,1,-1,-1,-1,-1,1,-1,-1,1,1,-1,1,1,-1,1,1,-1,-1,1,-1,-1,-1,1,-1,1,-1,1,1,-1,1,-1,1,1,-197.7585685444735,1
358,1,-1,1,1,1,1,-1,-1,-1,1,1,1,1,-1,1,1,-1,-1,-1,-1,1,-1,1,1,-1,-1,1,1,-1,1,-1,1,1,-1,-1,1,-1,-1,-1,-1,1,1,1,1,1,1,-1,1,-1,-1,1,1,-1,-1,-1,1,-1,-1,-1,1,1,1,1,-1,-1,-1,1,-1,1,1,-1,1,-1,1,1,1,1,1,-1,1,-1,-1,-1,-1,1,-1,1,1,-1,1,1,1,-1,1,-1,1,1,-1,1,1,1,1,1,1,1,-1,1,1,-1,1,-1,-1,-1,1,-1,1,-1,-1,1,1,-1,-1,-1,-1,1,1,-1,-1,-1,-1,1,-1,1,-1,1,-1,1,-1,1,1,-1,-1,-1,1,-1,1,-1,-1,-1,-1,-1,1,-1,1,-1,-1,-1,1,1,-1,-1,-1,-1,1,-1,-1,1,-1,1,-1,-1,-1,1,1,1,-1,1,1,-1,-1,1,1,-1,1,-1,-1,-1,-1,1,-1,-1,1,1,-1,1,1,-1,1,1,-1,-1,1,-1,-1,-1,1,-1,-1,-1,1,-1,1,-1,-1,1,1,-197.74695082894965,1
359,-1,1,-1,-1,-1,-1,-1,-1,-1,1,1,1,1,-1,1,1,1,-1,1,1,-1,-1,-1,1,-1,-1,1,1,-1,1,-1,1,1,-1,-1,1,-1,-1,-1,-1,1,1,1,1,1,1,-1,1,-1,-1,1,1,-1,-1,-1,1,-1,-1,-1,-1,1,1,1,-1,-1,-1,1,-1,1,1,-1,1,-1,1,-1,1,1,-1,-1,1,1,-1,-1,1,1,-1,-1,1,-1,1,-1,1,-1,1,-1,1,1,-1,1,1,1,1,1,1,1,-1,1,1,-1,1,-1,-1,-1,1,-1,1,-1,-1,1,1,-1,-1,-1,-1,1,1,-1,-1,-1,-1,1,-1,1,-1,1,-1,1,1,-1,1,-1,1,-1,1,-1,1,-1,-1,-1,-1,-1,1,-1,1,-1,-1,-1,1,1,-1,-1,-1,-1,1,-1,-1,1,-1,1,-1,-1,-1,1,1,1,-1,1,1,-1,-1,1,1,-1,1,-1,-1,-1,-1,1,-1,1,-1,1,-1,1,1,1,-1,1,1,1,1,1,1,1,-1,-1,-1,1,-1,-1,1,-1,1,-1,-1,-197.7159673892077,1
360,-1,1,-1,-1,-1,-1,-1,-1,-1,1,1,1,1,-1,1,1,1,-1,1,1,-1,-1,-1,1,-1,-1,1,1,-1,1,-1,1,1,1,-1,1,-1,-1,-1,-1,1,1,1,1,1,1,-1,1,-1,-1,1,1,-1,-1,-1,1,-1,-1,-1,1,1,1,1,-1,-1,-1,1,-1,1,1,-1,1,-1,1,-1,1,1,-1,-1,1,1,-1,1,1,1,-1,-1,1,-1,1,1,1,-1,1,-1,1,1,-1,1,1,1,1,1,1,1,-1,1,1,-1,1,-1,-1,-1,1,-1,1,-1,-1,1,1,-1,-1,-1,-1,1,1,-1,-1,-1,-1,1,-1,1,-1,1,-1,1,-1,-1,1,-1,1,-1,1,-1,1,-1,-1,-1,-1,-1,1,-1,1,-1,-1,-1,1,1,-1,-1,-1,-1,1,-1,-1,1,-1,1,-1,-1,-1,1,1,1,-1,1,1,-1,-1,1,1,-1,1,-1,-1,-1,-1,1,-1,1,-1,1,-1,1,1,1,1,1,1,1,1,-1,-1,-1,1,-1,-1,-1,1,-1,1,-1,1,-1,-1,-197.69536931058,1
361,-1,1,-1,-1,-1,-1,-1,-1,-1,1,1,1,1,-1,1,1,1,-1,1,1,-1,-1,-1,1,-1,-1,1,1,-1,1,-1,1,1,-1,-1,1,-1,-1,-1,-1,1,1,1,1,1,1,-1,-1,-1,-1,1,1,-1,-1,-1,1,-1,-1,-1,-1,1,1,1,-1,-1,-1,-1,1,1,1,-1,1,-1,1,-1,1,1,-1,-1,1,-1,-1,1,1,1,-1,-1,1,-1,1,-1,-1,1,1,-1,1,1,-1,1,1,1,1,1,1,-1,1,1,-1,-1,1,1,-1,-1,1,-1,1,1,-1,1,1,-1,-1,-1,-1,1,1,-1,-1,-1,-1,1,-1,1,-1,1,-1,1,1,-1,1,-1,1,-1,-1,-1,1,-1,-1,-1,-1,-1,1,-1,1,-1,1,-1,1,1,-1,-1,-1,-1,1,-1,-1,-1,1,1,-1,-1,-1,1,1,1,-1,1,1,-1,-1,1,1,-1,1,-1,-1,1,1,-1,-1,1,-1,1,-1,1,1,1,-1,1,1,-1,1,1,1,1,-1,1,-1,1,-1,-1,1,-1,1,-1,-1,-197.69206901667556,1
362,-1,-1,1,-1,-1,-1,-1,-1,-1,1,1,1,1,-1,1,1,1,-1,1,1,-1,-1,-1,1,-1,-1,1,1,-1,1,-1,1,1,-1,-1,1,-1,-1,-1,-1,1,1,1,-1,-1,1,-1,1,-1,-1,1,1,-1,-1,-1,1,-1,1,1,-1,1,1,1,-1,-1,-1,1,-1,1,1,-1,1,-1,1,-1,1,1,-1,-1,1,-1,-1,1,1,1,-1,-1,1,-1,1,-1,1,1,1,-1,1,1,-1,1,1,1,1,1,1,-1,-1,1,-1,-1,1,-1,-1,-1,1,-1,1,-1,-1,1,1,-1,-1,-1,-1,1,1,-1,-1,-1,-1,1,-1,1,-1,1,-1,1,1,-1,1,-1,1,1,1,-1,1,-1,-1,-1,-1,-1,1,-1,1,-1,-1,-1,1,1,-1,-1,-1,-1,1,-1,-1,-1,1,1,-1,-1,-1,1,1,1,-1,1,1,-1,-1,1,1,1,1,-1,-1,-1,1,-1,-1,1,-1,1,-1,1,1,1,-1,1,1,-1,1,1,1,1,-1,1,-1,1,-1,1,-1,1,1,1,1,-197.6848555716517,1
363,-1,-1,1,-1,-1,-1,-1,-1,-1,1,-1,1,1,-1,1,1,1,-1,1,1,-1,1,-1,1,-1,-1,1,1,-1,1,-1,1,1,-1,-1,1,-1,-1,-1,-1,1,1,1,-1,-1,1,-1,1,-1,-1,1,1,-1,-1,-1,1,-1,1,1,-1,1,1,1,-1,-1,-1,1,-1,1,1,-1,1,-1,1,-1,1,1,-1,-1,1,-1,-1,1,1,1,-1,-1,1,-1,1,-1,1,1,1,-1,1,1,-1,1,1,1,1,1,1,-1,1,1,-1,-1,1,-1,1,1,-1,-1,1,1,-1,1,1,-1,-1,-1,-1,1,1,-1,-1,-1,-1,1,-1,1,-1,1,-1,1,-1,-1,1,-1,1,1,1,-1,1,-1,-1,-1,-1,-1,1,-1,1,-1,-1,-1,1,1,-1,-1,-1,-1,1,-1,-1,-1,1,1,-1,-1,1,1,1,1,-1,1,1,-1,-1,1,1,-1,1,-1,-1,-1,1,-1,-1,1,-1,1,-1,1,1,1,-1,1,1,-1,1,1,1,1,-1,1,-1,1,-1,1,-1,1,1,-1,-1,-197.68305745017392,1
364,-1,-1,1,1,1,1,-1,-1,-1,1,1,-1,1,-1,1,1,1,-1,1,1,-1,-1,-1,1,-1,-1,1,1,-1,1,1,-1,1,-1,-1,1,-1,-1,-1,-1,1,1,1,1,1,1,-1,1,-1,-1,1,1,-1,-1,-1,1,-1,-1,-1,1,1,1,1,-1,-1,-1,1,-1,1,1,-1,1,-1,1,1,1,1,1,-1,1,-1,-1,-1,-1,1,-1,1,1,-1,1,-1,1,-1,1,-1,1,1,-1,1,1,1,1,1,1,1,1,1,1,-1,1,-1,-1,-1,1,-1,1,1,-1,1,1,-1,-1,-1,-1,1,1,-1,-1,-1,-1,1,-1,1,-1,1,-1,1,1,-1,1,-1,1,-1,1,-1,1,-1,-1,-1,-1,-1,1,-1,1,-1,-1,-1,1,1,-1,-1,-1,-1,1,-1,-1,1,-1,1,-1,-1,-1,1,1,1,-1,1,1,-1,-1,1,1,-1,1,-1,-1,-1,-1,1,-1,-1,1,1,-1,1,1,-1,1,1,-1,-1,1,-1,-1,-1,1,-1,1,-1,1,1,1,-1,-1,1,1,-197.6810291001992,1
365,-1,1,-1,-1,-1,-1,-1,-1,-1,1,1,1,-1,1,-1,1,1,1,1,1,-1,-1,-1,-1,-1,-1,1,1,-1,1,-1,1,1,1,-1,1,-1,-1,-1,-1,1,1,1,-1,-1,1,-1,-1,-1,-1,1,1,-1,1,-1,1,-1,1,1,-1,1,1,1,-1,-1,-1,1,-1,1,1,-1,1,-1,1,-1,1,1,-1,-1,1,-1,-1,1,1,1,-1,-1,1,-1,1,-1,1,1,1,-1,1,1,-1,1,-1,-1,-1,1,1,-1,-1,-1,1,-1,1,-1,-1,-1,1,-1,1,-1,-1,1,1,-1,-1,-1,-1,1,1,-1,-1,-1,-1,1,1,1,-1,1,-1,1,-1,-1,1,-1,1,1,1,-1,1,-1,-1,-1,1,-1,1,1,1,-1,1,-1,1,1,-1,-1,-1,-1,1,-1,-1,-1,1,1,-1,-1,-1,1,1,1,-1,1,-1,-1,-1,-1,1,-1,1,-1,-1,1,1,-1,-1,1,-1,1,-1,1,1,1,-1,1,1,-1,1,1,1,1,-1,1,-1,1,-1,1,-1,1,1,-1,-1,-197.64305537114646,1
366,-1,1,-1,1,1,1,-1,1,1,1,-1,-1,-1,1,-1,1,1,1,1,1,-1,-1,-1,-1,-1,-1,1,1,-1,1,-1,1,1,1,-1,1,-1,-1,1,-1,1,-1,1,1,1,1,-1,1,-1,-1,1,1,-1,-1,-1,1,-1,-1,-1,1,1,1,1,-1,-1,-1,1,-1,1,1,-1,1,-1,1,1,1,1,1,-1,1,-1,-1,-1,-1,1,-1,1,1,-1,1,1,1,-1,1,-1,1,1,-1,1,1,1,1,1,1,1,1,1,1,-1,1,-1,-1,-1,1,-1,1,-1,-1,1,1,-1,-1,-1,-1,1,1,-1,-1,-1,-1,1,-1,1,-1,1,-1,1,-1,-1,1,-1,1,-1,1,-1,1,-1,-1,-1,-1,-1,1,-1,1,-1,1,-1,1,1,-1,-1,-1,-1,1,-1,-1,1,-1,1,-1,-1,-1,1,1,1,-1,1,-1,-1,-1,1,1,-1,1,-1,-1,-1,-1,1,-1,-1,1,-1,-1,1,-1,-1,1,-1,-1,-1,-1,-1,-1,-1,1,-1,1,-1,1,1,-1,1,-1,1,1,-197.63028357150247,1
367,-1,-1,1,-1,-1,-1,-1,-1,-1,1,1,1,-1,1,1,1,1,-1,1,1,-1,1,-1,1,-1,-1,1,-1,-1,1,-1,1,1,-1,1,1,-1,-1,-1,1,1,1,1,-1,-1,1,-1,-1,1,-1,1,-1,-1,1,-1,1,-1,1,1,-1,1,1,1,-1,-1,-1,1,-1,1,1,-1,1,-1,1,-1,1,1,-1,1,-1,1,1,-1,1,1,-1,-1,1,-1,1,1,1,1,-1,-1,1,-1,-1,1,1,1,1,1,1,-1,1,1,1,1,1,1,1,1,-1,1,-1,1,1,-1,-1,1,1,1,-1,1,1,1,1,-1,-1,1,-1,1,-1,1,-1,1,-1,-1,1,-1,1,1,1,-1,1,-1,-1,-1,-1,-1,1,-1,1,-1,-1,-1,1,1,-1,-1,-1,-1,1,-1,-1,-1,1,1,-1,-1,-1,1,1,1,-1,1,1,-1,-1,-1,-1,1,1,-1,-1,1,1,-1,-1,1,-1,1,-1,1,1,1,-1,1,1,-1,1,1,1,1,-1,1,-1,1,-1,-1,1,-1,1,-1,-1,-197.61305144326082,1
368,-1,-1,1,1,1,1,-1,-1,-1,1,1,-1,1,-1,1,1,1,-1,1,1,-1,-1,-1,1,-1,-1,1,1,-1,1,-1,1,1,1,-1,1,-1,-1,-1,-1,1,1,1,1,1,1,-1,1,-1,-1,1,1,-1,-1,-1,1,-1,-1,-1,1,1,1,1,-1,-1,-1,1,-1,1,1,-1,1,-1,1,1,1,1,1,-1,1,1,-1,-1,-1,1,-1,1,1,-1,1,-1,1,-1,1,-1,1,1,-1,1,1,1,1,1,1,1,1,1,1,-1,1,1,-1,-1,1,-1,1,1,-1,1,1,-1,-1,-1,-1,1,1,-1,-1,-1,-1,1,-1,1,-1,1,-1,1,-1,-1,1,-1,1,-1,1,-1,1,-1,-1,-1,-1,-1,1,-1,1,-1,1,-1,1,1,-1,-1,-1,-1,1,-1,-1,1,-1,1,-1,-1,-1,1,1,1,-1,1,1,-1,-1,1,1,-1,1,-1,-1,-1,-1,1,-1,-1,1,1,-1,1,1,-1,1,1,-1,-1,1,-1,-1,-1,1,-1,1,-1,1,1,1,-1,-1,1,1,-197.6005483127952,1
369,-1,1,-1,-1,-1,-1,-1,-1,-1,1,1,1,-1,1,-1,1,1,1,1,1,-1,1,-1,-1,-1,-1,1,1,-1,1,-1,1,1,1,-1,1,-1,-1,-1,-1,1,1,1,-1,-1,1,-1,-1,-1,-1,1,1,-1,1,-1,1,-1,1,1,-1,1,1,1,-1,-1,-1,1,-1,1,1,-1,1,-1,1,-1,1,1,-1,-1,1,-1,-1,1,1,1,-1,-1,1,-1,1,1,1,1,1,-1,1,1,-1,1,1,1,1,1,1,-1,-1,1,-1,-1,1,-1,-1,-1,1,-1,1,-1,-1,1,1,-1,-1,-1,-1,1,1,-1,-1,-1,-1,1,-1,1,-1,1,-1,1,1,-1,1,-1,1,1,1,-1,1,-1,-1,-1,-1,-1,1,-1,1,-1,-1,-1,1,1,-1,-1,-1,-1,1,-1,-1,-1,1,1,-1,-1,-1,1,1,-1,-1,1,-1,-1,-1,-1,1,-1,1,-1,-1,1,1,-1,-1,1,-1,1,-1,1,1,1,-1,1,1,1,1,1,1,1,-1,1,-1,1,-1,1,-1,1,1,-1,-1,-197.59303816830558,1
370,-1,1,-1,-1,-1,1,-1,1,1,1,-1,-1,-1,1,-1,1,1,1,1,1,-1,1,-1,-1,-1,-1,1,1,-1,1,1,1,1,-1,-1,1,-1,-1,1,-1,1,-1,1,1,1,1,-1,1,-1,-1,1,1,-1,-1,-1,1,-1,-1,-1,1,1,1,1,-1,-1,-1,1,-1,1,1,-1,1,-1,1,1,1,1,1,-1,1,-1,-1,-1,-1,1,-1,1,1,-1,1,-1,1,-1,1,-1,1,1,-1,1,1,1,1,1,1,1,-1,1,1,-1,1,-1,-1,-1,1,-1,1,-1,-1,1,1,-1,-1,-1,-1,1,1,-1,-1,-1,-1,1,-1,1,-1,1,-1,1,1,-1,1,-1,1,-1,1,-1,1,-1,-1,-1,-1,-1,1,-1,1,-1,-1,-1,1,1,-1,-1,-1,-1,1,-1,-1,1,-1,1,-1,-1,-1,1,1,-1,-1,1,-1,-1,-1,1,1,-1,1,-1,-1,-1,-1,1,-1,-1,1,-1,-1,1,-1,-1,1,-1,-1,-1,-1,-1,-1,-1,1,-1,1,-1,1,1,-1,1,-1,1,1,-197.58449561011767,1
371,-1,-1,1,1,1,1,-1,-1,-1,1,1,-1,1,-1,1,1,1,-1,1,1,-1,1,-1,1,-1,-1,1,1,-1,1,-1,1,1,1,-1,1,-1,-1,-1,-1,1,1,1,-1,-1,1,-1,1,-1,-1,1,1,-1,-1,-1,1,-1,1,1,-1,1,1,1,-1,-1,-1,1,-1,1,1,-1,1,-1,1,-1,1,1,-1,-1,1,-1,-1,1,1,1,-1,-1,1,-1,1,1,1,1,1,-1,1,1,-1,1,1,1,1,1,1,-1,-1,1,-1,-1,1,-1,1,1,-1,-1,1,-1,-1,1,1,-1,-1,-1,-1,1,1,-1,-1,-1,-1,1,-1,1,-1,1,-1,1,-1,-1,1,-1,1,1,1,-1,1,-1,-1,-1,-1,-1,1,-1,1,-1,1,-1,1,1,-1,-1,-1,-1,1,-1,-1,-1,1,1,-1,-1,-1,1,1,1,-1,1,1,-1,-1,1,1,-1,1,-1,-1,-1,1,-1,-1,1,-1,1,-1,1,1,1,-1,1,1,-1,1,1,1,1,-1,1,1,1,-1,1,-1,1,-1,1,1,-197.58411231331075,1
372,1,-1,1,1,1,1,-1,-1,-1,1,1,-1,1,1,1,1,1,-1,1,1,-1,-1,-1,1,-1,-1,1,1,-1,1,-1,1,1,1,-1,1,-1,-1,-1,-1,1,1,1,1,1,1,-1,1,-1,-1,1,1,-1,-1,-1,1,-1,-1,-1,1,1,1,1,-1,-1,-1,1,-1,1,1,-1,1,-1,1,1,1,1,1,-1,1,-1,-1,1,-1,1,-1,1,1,-1,1,-1,1,-1,1,-1,1,1,-1,1,1,1,1,1,1,1,1,1,1,-1,1,-1,-1,-1,1,-1,1,-1,-1,1,1,-1,-1,-1,-1,1,1,-1,-1,-1,-1,1,-1,1,-1,1,-1,1,1,-1,1,-1,1,-1,1,-1,1,-1,-1,-1,-1,-1,1,-1,1,-1,1,-1,1,1,-1,-1,-1,-1,1,-1,-1,1,-1,1,-1,-1,-1,1,1,1,-1,1,1,-1,-1,1,1,-1,1,-1,-1,-1,-1,1,-1,-1,1,1,-1,1,1,-1,1,1,-1,-1,1,-1,-1,-1,1,-1,1,-1,1,1,-1,1,-1,1,1,-197.5826020090913,1
373,-1,1,-1,-1,-1,-1,-1,-1,-1,1,1,1,-1,1,-1,1,1,1,1,1,-1,1,-1,-1,-1,-1,1,1,-1,1,-1,1,1,1,-1,1,-1,-1,-1,-1,1,1,1,1,1,1,-1,-1,1,-1,1,1,-1,-1,-1,1,-1,1,1,-1,1,1,1,-1,-1,-1,-1,1,1,1,-1,1,-1,1,-1,1,1,-1,-1,1,-1,-1,1,1,1,-1,-1,1,-1,1,-1,-1,1,1,-1,1,1,-1,1,1,1,1,1,1,-1,-1,1,-1,1,1,-1,1,1,-1,-1,1,-1,-1,1,1,-1,-1,-1,-1,1,1,-1,-1,-1,-1,1,-1,1,-1,1,-1,1,1,-1,1,-1,1,-1,-1,-1,1,-1,-1,-1,-1,-1,1,-1,1,-1,1,-1,-1,1,-1,-1,-1,-1,1,-1,-1,-1,1,1,-1,-1,-1,1,-1,1,-1,1,-1,-1,-1,1,1,-1,1,-1,-1,1,1,-1,-1,1,-1,1,-1,1,1,1,-1,1,1,-1,1,1,1,1,-1,1,-1,1,-1,-1,1,-1,1,-1,-1,-197.53087812915706,1
374,1,-1,1,1,1,1,1,-1,-1,1,1,-1,-1,1,1,1,-1,-1,-1,-1,1,-1,1,1,-1,-1,1,1,-1,1,1,1,1,1,-1,1,-1,-1,-1,-1,1,1,1,1,1,1,-1,1,-1,-1,1,1,-1,-1,-1,1,-1,-1,-1,1,1,1,1,-1,-1,-1,1,-1,1,1,-1,1,-1,1,1,1,1,1,-1,1,-1,-1,1,-1,1,-1,1,1,-1,1,-1,1,-1,1,-1,1,1,-1,1,1,1,1,1,1,1,1,1,1,-1,1,-1,-1,-1,1,-1,1,1,-1,1,1,-1,-1,-1,1,1,1,-1,-1,-1,-1,1,-1,1,-1,1,-1,1,1,1,1,-1,-1,-1,1,-1,1,-1,-1,-1,-1,-1,1,-1,1,-1,-1,-1,1,1,-1,-1,-1,-1,1,-1,-1,1,-1,1,-1,-1,-1,1,1,1,-1,1,1,-1,-1,1,1,-1,1,-1,-1,-1,-1,1,-1,-1,1,1,-1,1,1,-1,1,1,1,-1,1,-1,-1,-1,1,-1,1,-1,1,1,-1,1,-1,1,1,-197.52714977428778,1
375,-1,-1,1,-1,-1,-1,-1,-1,-1,1,1,1,1,-1,1,1,1,-1,1,1,-1,-1,-1,1,-1,-1,1,1,-1,1,-1,1,1,1,-1,1,-1,-1,-1,-1,1,1,1,1,-1,1,-1,1,-1,-1,1,1,-1,-1,-1,1,-1,-1,-1,-1,1,1,1,-1,-1,-1,1,-1,1,1,-1,1,-1,1,-1,1,1,-1,-1,1,1,-1,1,1,1,-1,-1,1,-1,1,1,1,1,1,-1,1,1,-1,1,1,1,1,1,1,1,1,1,1,-1,1,-1,-1,-1,1,-1,1,-1,-1,1,1,-1,-1,-1,-1,1,1,-1,-1,-1,-1,1,-1,1,-1,1,-1,1,-1,-1,1,-1,1,-1,1,-1,1,-1,-1,-1,-1,-1,1,-1,1,-1,1,-1,1,1,-1,-1,-1,-1,1,-1,-1,1,-1,1,-1,-1,1,1,1,1,-1,1,1,-1,-1,1,1,-1,1,-1,-1,-1,-1,1,-1,1,-1,1,-1,1,1,1,-1,1,1,-1,1,1,1,1,-1,1,-1,1,-1,1,-1,1,1,-1,-1,-197.50818833173938,1
376,-1,1,-1,-1,-1,1,-1,1,1,1,-1,-1,1,1,-1,1,1,1,1,1,-1,-1,-1,-1,-1,-1,1,1,-1,1,-1,1,1,-1,-1,1,-1,-1,1,-1,1,-1,1,1,1,1,-1,1,-1,-1,1,1,-1,-1,-1,1,-1,-1,-1,1,1,1,1,-1,-1,-1,1,-1,1,1,-1,1,-1,1,1,1,1,1,-1,1,-1,-1,-1,-1,1,-1,1,1,-1,1,-1,1,-1,1,-1,1,1,-1,1,1,1,1,1,1,1,-1,1,1,-1,1,-1,-1,-1,1,-1,1,-1,-1,1,1,-1,-1,-1,-1,1,1,-1,-1,-1,-1,1,-1,1,-1,1,-1,1,1,-1,1,-1,1,-1,1,-1,1,-1,-1,-1,-1,-1,1,-1,1,-1,1,-1,1,1,-1,-1,-1,-1,1,-1,-1,1,-1,1,-1,-1,-1,1,1,-1,-1,1,-1,-1,-1,1,1,-1,1,-1,-1,-1,-1,1,-1,-1,1,-1,-1,1,-1,-1,1,-1,-1,-1,-1,-1,-1,-1,1,-1,1,-1,1,-1,-1,1,-1,1,1,-197.49036184138347,1
377,-1,1,-1,1,1,1,-1,-1,-1,1,1,1,1,-1,1,1,1,-1,1,1,-1,1,-1,1,-1,-1,1,1,-1,1,-1,1,1,1,-1,1,-1,-1,-1,-1,1,1,1,-1,-1,1,-1,1,-1,-1,1,1,-1,-1,-1,1,-1,1,1,-1,1,1,1,-1,-1,-1,-1,1,1,1,-1,1,-1,1,-1,1,1,-1,-1,1,-1,-1,1,1,1,-1,-1,1,-1,1,-1,-1,1,1,-1,1,1,-1,1,1,1,1,1,1,-1,1,1,-1,-1,1,-1,1,1,-1,-1,1,-1,-1,1,1,-1,-1,-1,-1,1,1,-1,-1,-1,-1,1,-1,1,-1,1,-1,1,1,-1,1,-1,1,1,-1,-1,1,-1,-1,-1,-1,-1,1,-1,1,-1,1,-1,1,1,-1,-1,-1,-1,1,-1,-1,-1,1,1,-1,-1,-1,1,1,1,-1,1,1,-1,-1,1,1,-1,1,-1,-1,-1,1,-1,-1,1,-1,1,-1,1,1,1,-1,1,1,-1,1,1,1,1,-1,1,-1,1,-1,-1,-1,1,-1,1,1,-197.48450143084807,1
378,-1,1,-1,-1,-1,-1,-1,-1,-1,1,1,1,-1,1,-1,1,1,1,1,1,-1,1,-1,-1,-1,-1,1,1,-1,1,-1,-1,1,-1,-1,1,-1,-1,-1,-1,1,1,1,1,1,1,-1,-1,-1,-1,1,1,-1,-1,-1,1,-1,1,1,-1,1,1,1,-1,1,-1,1,-1,1,1,-1,1,-1,1,-1,1,1,-1,-1,1,-1,-1,1,1,1,-1,-1,1,-1,1,1,1,1,1,-1,1,1,-1,1,1,1,1,1,1,-1,-1,1,-1,-1,1,-1,-1,-1,1,-1,1,-1,-1,1,1,-1,-1,-1,-1,1,1,1,1,-1,-1,1,-1,1,-1,1,-1,-1,-1,-1,1,-1,1,-1,1,-1,1,-1,-1,-1,-1,-1,1,-1,1,-1,-1,-1,1,1,-1,-1,-1,-1,1,-1,-1,-1,1,1,-1,-1,-1,1,1,1,-1,1,-1,-1,-1,1,1,1,1,-1,-1,1,1,-1,-1,1,-1,1,-1,1,1,1,-1,1,1,-1,1,1,1,1,-1,1,-1,1,-1,-1,1,-1,1,-1,-1,-197.47502506470747,1
379,-1,1,-1,1,1,1,-1,1,1,1,-1,-1,-1,1,-1,1,1,1,1,1,-1,-1,-1,-1,-1,-1,1,1,-1,1,-1,1,1,-1,-1,1,-1,-1,1,-1,1,-1,1,1,1,1,-1,1,-1,-1,1,1,-1,-1,-1,1,-1,-1,-1,1,1,1,1,-1,-1,-1,1,-1,1,1,-1,1,-1,1,1,1,1,1,-1,1,1,-1,1,-1,1,-1,1,1,-1,1,-1,1,-1,1,-1,1,1,-1,1,1,1,1,1,1,1,-1,1,1,-1,1,-1,-1,-1,1,-1,1,-1,-1,1,1,-1,-1,-1,-1,1,1,-1,-1,-1,-1,1,-1,1,-1,1,-1,1,1,-1,1,-1,1,-1,1,-1,1,-1,-1,-1,-1,-1,1,-1,1,-1,1,-1,1,1,-1,-1,-1,-1,1,-1,-1,1,-1,1,-1,-1,-1,1,1,-1,-1,1,-1,-1,-1,1,1,-1,1,-1,-1,-1,-1,1,-1,-1,1,-1,-1,1,-1,-1,1,-1,-1,-1,-1,-1,-1,-1,1,-1,1,-1,1,-1,1,-1,-1,1,1,-197.44749080962362,1
380,-1,1,-1,-1,-1,-1,-1,-1,-1,1,1,1,-1,1,-1,1,1,1,1,1,-1,1,-1,-1,-1,-1,1,1,-1,1,1,-1,1,1,-1,1,-1,-1,-1,-1,1,1,-1,-1,-1,1,-1,-1,1,-1,1,1,-1,1,-1,1,-1,1,1,-1,1,1,1,1,1,1,1,-1,1,1,-1,1,-1,1,-1,1,1,-1,-1,1,-1,-1,-1,1,1,-1,-1,1,-1,1,-1,1,1,1,-1,1,1,-1,1,1,1,1,1,1,-1,1,1,-1,1,1,-1,1,1,-1,-1,1,-1,-1,1,1,-1,-1,-1,-1,1,1,-1,1,-1,-1,1,-1,1,-1,1,-1,-1,-1,-1,-1,-1,1,-1,1,-1,1,-1,-1,-1,-1,-1,1,-1,1,-1,1,-1,1,1,-1,-1,-1,-1,1,-1,-1,-1,1,1,-1,-1,-1,1,1,1,-1,1,-1,-1,-1,-1,-1,1,1,-1,-1,1,1,-1,-1,1,-1,1,-1,1,1,1,-1,1,1,-1,1,1,1,1,-1,1,-1,1,-1,-1,1,-1,1,-1,-1,-197.4295667670783,1
381,-1,1,-1,1,1,1,-1,1,1,1,-1,-1,-1,1,-1,1,1,1,1,1,-1,1,-1,-1,-1,-1,1,1,-1,1,-1,1,1,-1,-1,1,-1,-1,1,-1,1,-1,1,1,1,1,-1,1,-1,-1,1,1,-1,-1,-1,1,-1,-1,-1,1,1,1,1,-1,-1,-1,1,-1,1,1,-1,1,-1,1,1,1,1,1,-1,1,-1,-1,-1,-1,1,-1,1,1,-1,1,-1,1,-1,1,-1,1,1,-1,1,1,1,1,1,1,1,-1,1,1,-1,1,-1,-1,-1,1,-1,1,-1,-1,1,1,-1,-1,-1,-1,1,1,-1,-1,-1,-1,1,-1,1,-1,1,-1,1,-1,-1,1,-1,1,-1,1,-1,1,-1,-1,-1,-1,-1,1,-1,1,-1,-1,-1,1,1,-1,-1,-1,-1,1,-1,-1,1,-1,1,-1,-1,-1,1,1,1,-1,1,-1,-1,-1,1,1,-1,1,-1,-1,-1,-1,1,-1,-1,1,-1,-1,1,-1,-1,1,-1,-1,-1,-1,-1,-1,-1,1,-1,1,-1,1,-1,1,-1,-1,1,1,-197.36973520228238,1
382,-1,1,-1,-1,-1,-1,-1,-1,-1,1,1,1,1,-1,1,1,1,-1,1,1,-1,1,-1,1,-1,-1,1,1,-1,1,-1,1,1,-1,-1,1,-1,-1,-1,-1,1,1,1,1,1,1,-1,-1,-1,-1,1,1,-1,-1,-1,1,-1,1,1,-1,1,1,1,-1,-1,-1,1,-1,1,1,-1,1,-1,1,-1,1,1,-1,-1,1,1,-1,1,1,1,-1,-1,1,-1,1,-1,1,1,1,-1,1,1,-1,1,1,1,1,1,1,-1,1,1,1,-1,1,-1,-1,-1,1,-1,1,1,-1,1,1,-1,-1,-1,-1,1,1,-1,-1,-1,-1,1,-1,1,-1,1,-1,1,-1,-1,1,-1,1,1,1,-1,1,-1,-1,-1,-1,-1,1,-1,1,-1,-1,-1,1,1,-1,-1,-1,-1,1,-1,-1,-1,1,1,-1,-1,-1,1,1,1,-1,1,1,-1,-1,1,1,-1,1,-1,-1,-1,-1,1,-1,1,-1,1,-1,1,1,1,-1,1,1,1,1,1,1,1,-1,1,-1,1,-1,-1,1,-1,1,-1,-1,-197.36422278469874,1
383,-1,1,-1,1,1,1,-1,-1,-1,1,1,1,1,-1,1,1,1,-1,1,1,-1,1,-1,1,-1,-1,1,1,-1,1,-1,1,1,1,-1,1,-1,-1,-1,-1,1,1,1,1,1,1,-1,1,-1,-1,1,1,-1,-1,-1,1,-1,-1,-1,1,1,1,1,-1,-1,-1,1,-1,1,1,-1,1,-1,1,1,1,1,1,-1,1,-1,-1,-1,-1,1,-1,1,1,-1,1,-1,1,1,1,-1,1,1,-1,1,1,1,1,1,1,1,1,1,1,-1,1,-1,-1,-1,1,-1,1,-1,-1,1,1,-1,-1,-1,-1,1,1,-1,-1,-1,-1,1,-1,1,-1,1,-1,1,1,-1,1,-1,1,-1,1,-1,1,-1,-1,-1,-1,-1,1,-1,1,-1,1,-1,1,1,-1,-1,-1,-1,1,-1,-1,1,-1,1,-1,-1,-1,1,1,1,-1,1,1,-1,-1,1,1,-1,1,-1,-1,-1,-1,1,-1,-1,1,1,-1,1,1,-1,1,1,-1,-1,1,-1,-1,-1,1,-1,-1,-1,1,-1,1,-1,-1,1,1,-197.34936493918323,1
384,-1,1,-1,1,1,1,-1,-1,-1,1,1,-1,1,-1,1,1,1,-1,1,1,-1,-1,-1,1,-1,-1,1,1,-1,1,-1,1,1,-1,-1,1,-1,-1,-1,-1,1,1,1,1,1,1,-1,1,-1,-1,1,1,-1,-1,-1,1,-1,-1,-1,1,1,1,1,-1,-1,-1,1,-1,1,1,-1,1,-1,1,1,1,1,1,-1,1,-1,-1,1,-1,1,-1,1,1,-1,1,-1,1,-1,1,-1,1,1,-1,1,1,1,1,1,1,1,-1,1,1,-1,1,-1,-1,-1,1,-1,1,-1,-1,1,1,-1,-1,-1,-1,1,1,-1,-1,-1,-1,1,-1,1,-1,1,-1,1,1,-1,1,-1,1,-1,1,-1,1,-1,-1,-1,-1,-1,1,-1,1,-1,1,-1,1,1,-1,-1,-1,-1,1,-1,-1,1,-1,1,-1,-1,-1,1,-1,1,-1,1,1,-1,-1,1,1,-1,1,-1,-1,-1,-1,1,-1,-1,1,1,-1,1,1,-1,1,1,1,-1,1,-1,-1,-1,1,-1,1,-1,1,1,-1,1,-1,1,1,-197.22552053679823,1
385,-1,-1,1,1,1,1,-1,-1,-1,1,1,-1,1,-1,1,1,1,1,1,1,-1,1,-1,1,-1,-1,1,1,-1,1,-1,1,1,1,-1,1,-1,-1,-1,-1,1,1,1,1,1,1,-1,1,-1,-1,1,1,-1,-1,-1,1,-1,-1,-1,1,1,1,1,-1,-1,-1,1,-1,1,1,-1,1,-1,1,1,1,1,1,-1,1,1,-1,-1,-1,1,-1,1,1,-1,1,-1,1,1,1,-1,1,1,-1,1,1,1,1,1,1,1,1,1,1,-1,1,-1,-1,-1,1,-1,1,1,-1,1,1,-1,-1,-1,-1,1,1,-1,-1,-1,-1,1,-1,1,-1,1,-1,1,1,-1,1,-1,1,-1,1,-1,1,-1,-1,-1,-1,-1,1,-1,1,-1,-1,-1,1,1,-1,-1,-1,-1,1,-1,-1,1,-1,1,-1,-1,-1,1,1,1,-1,1,1,-1,-1,1,1,-1,1,-1,-1,-1,-1,1,-1,-1,1,1,-1,1,1,-1,1,1,-1,-1,1,-1,-1,-1,1,-1,1,-1,1,1,1,-1,-1,1,1,-197.2179543163112,1
386,-1,1,-1,-1,-1,-1,-1,-1,-1,1,1,1,1,-1,1,1,1,-1,1,1,-1,1,-1,1,-1,-1,1,-1,-1,1,-1,1,1,-1,1,1,-1,-1,-1,1,1,1,1,1,1,1,-1,1,1,-1,1,-1,-1,-1,-1,1,-1,1,1,-1,1,1,1,-1,-1,-1,1,-1,1,1,-1,1,-1,1,-1,1,1,-1,1,1,1,1,-1,1,1,-1,-1,1,-1,1,1,1,1,-1,-1,1,-1,-1,1,1,1,1,1,1,1,1,1,1,1,1,1,1,1,-1,1,-1,1,1,-1,-1,1,1,1,-1,1,1,1,1,-1,-1,1,-1,1,-1,1,-1,1,1,-1,1,-1,1,1,1,-1,1,-1,-1,-1,-1,-1,1,-1,1,-1,-1,-1,1,1,-1,-1,-1,-1,1,-1,-1,1,-1,1,-1,-1,-1,1,1,1,-1,1,1,-1,-1,1,1,-1,1,-1,-1,-1,-1,1,-1,1,-1,1,-1,1,1,1,-1,1,1,-1,1,1,1,1,-1,1,-1,1,-1,-1,1,-1,1,-1,-1,-197.21416973020334,1
387,1,-1,1,1,1,1,-1,1,1,1,-1,-1,-1,1,-1,1,1,1,1,1,-1,-1,-1,-1,-1,-1,1,1,-1,1,-1,1,1,1,-1,1,-1,-1,1,-1,1,-1,1,1,1,1,-1,1,-1,-1,1,1,-1,-1,-1,1,-1,-1,-1,1,1,1,1,-1,-1,-1,1,-1,1,1,-1,1,-1,1,1,1,1,1,-1,1,-1,-1,-1,-1,1,-1,1,1,-1,1,-1,1,-1,1,-1,1,1,-1,1,1,1,1,1,1,1,-1,1,1,-1,1,-1,-1,-1,1,-1,1,-1,-1,1,1,-1,-1,-1,-1,1,1,-1,-1,-1,-1,1,-1,1,-1,1,-1,1,1,-1,1,-1,1,-1,1,-1,1,-1,-1,-1,-1,-1,1,-1,1,-1,-1,-1,1,1,-1,-1,-1,-1,1,-1,-1,1,-1,1,-1,-1,-1,1,1,1,-1,1,-1,-1,-1,1,1,-1,1,-1,-1,-1,-1,1,-1,-1,1,-1,-1,1,-1,-1,1,-1,-1,-1,-1,-1,-1,-1,1,-1,1,-1,1,1,-1,1,-1,1,1,-197.1877738995044,1
388,-1,1,-1,1,1,-1,-1,-1,-1,1,1,1,1,-1,1,1,1,-1,1,1,-1,1,-1,1,-1,-1,1,1,-1,1,1,1,1,1,-1,1,-1,-1,-1,-1,1,1,1,1,1,1,-1,1,-1,-1,1,1,-1,-1,-1,1,-1,-1,-1,-1,1,1,1,-1,-1,-1,1,-1,1,1,-1,1,-1,1,-1,1,1,-1,-1,1,1,-1,1,1,1,-1,-1,1,-1,1,-1,1,1,1,-1,1,1,-1,1,1,1,1,1,1,1,1,1,1,-1,1,-1,-1,-1,1,-1,1,-1,-1,1,1,-1,-1,-1,-1,1,1,-1,-1,-1,-1,1,-1,1,-1,1,-1,1,-1,-1,1,-1,1,-1,1,-1,1,-1,-1,-1,-1,-1,1,-1,1,-1,-1,-1,1,1,-1,-1,-1,-1,1,-1,-1,1,-1,1,-1,-1,-1,1,1,1,-1,1,1,-1,-1,1,1,-1,1,-1,-1,-1,-1,1,-1,1,-1,1,-1,1,1,1,-1,1,1,1,1,1,1,1,-1,1,-1,1,-1,-1,1,-1,1,-1,-1,-197.18259333031727,1
389,-1,1,-1,-1,-1,-1,-1,-1,-1,1,-1,1,1,-1,1,1,1,1,1,1,-1,1,-1,-1,1,1,1,1,-1,1,1,-1,1,-1,-1,1,-1,-1,-1,-1,1,1,-1,-1,-1,1,-1,-1,-1,-1,1,1,-1,1,-1,1,-1,1,1,-1,1,1,1,-1,1,1,1,-1,1,1,-1,1,-1,1,-1,1,1,-1,-1,1,-1,-1,-1,1,1,-1,-1,1,-1,1,1,1,1,1,-1,1,1,-1,1,1,1,1,1,1,-1,-1,1,-1,-1,1,-1,-1,-1,1,-1,1,-1,-1,1,1,-1,-1,-1,-1,1,1,1,1,-1,-1,1,-1,1,-1,1,1,-1,-1,-1,-1,-1,1,-1,1,-1,1,-1,-1,-1,-1,-1,1,-1,1,-1,1,-1,1,1,-1,-1,-1,-1,1,-1,-1,-1,1,1,-1,-1,1,1,1,1,-1,1,-1,-1,-1,-1,-1,1,1,-1,-1,1,1,-1,-1,1,-1,1,-1,1,1,1,-1,1,1,-1,1,1,1,1,-1,1,-1,1,-1,-1,1,-1,1,-1,-1,-197.18212431889077,1
390,-1,1,-1,-1,-1,-1,-1,-1,-1,1,1,1,-1,1,-1,1,1,1,1,1,-1,1,-1,-1,-1,-1,1,1,-1,1,1,1,1,1,-1,1,-1,-1,-1,-1,1,1,1,-1,-1,1,-1,-1,-1,-1,1,1,-1,1,-1,1,-1,-1,-1,-1,1,1,1,-1,-1,-1,-1,1,1,1,-1,1,-1,1,-1,1,1,-1,-1,1,-1,-1,-1,1,1,-1,-1,1,1,-1,-1,1,1,1,-1,1,1,-1,1,1,1,1,1,1,-1,-1,1,-1,-1,1,-1,-1,-1,1,-1,1,-1,-1,1,1,-1,-1,-1,-1,1,1,-1,-1,-1,-1,1,-1,1,-1,1,-1,1,1,-1,1,-1,1,-1,-1,-1,1,-1,-1,-1,-1,-1,1,-1,1,1,-1,-1,1,1,-1,-1,-1,-1,1,-1,-1,-1,1,1,-1,-1,-1,1,1,1,-1,1,-1,-1,-1,-1,-1,1,1,-1,-1,1,1,-1,-1,1,-1,1,-1,1,1,1,-1,1,1,1,1,1,1,1,-1,1,-1,1,-1,-1,1,-1,1,-1,-1,-197.17132013826392,1
391,-1,1,-1,1,1,1,-1,-1,-1,1,1,1,-1,1,1,1,1,-1,1,1,-1,1,-1,1,1,-1,1,-1,-1,1,-1,1,1,-1,1,1,-1,-1,-1,1,1,1,1,1,1,1,-1,1,1,-1,1,-1,-1,-1,-1,1,-1,1,1,-1,1,1,1,-1,-1,-1,1,-1,1,1,-1,1,-1,1,-1,1,1,-1,1,-1,1,1,-1,1,1,-1,-1,1,-1,1,1,1,1,-1,-1,1,1,-1,1,1,1,1,1,1,1,1,1,1,1,1,1,1,1,-1,1,-1,1,1,-1,-1,1,1,1,-1,1,1,1,1,-1,-1,1,-1,1,-1,1,-1,1,1,-1,1,-1,1,1,1,-1,1,-1,-1,-1,-1,-1,1,-1,1,-1,1,-1,1,1,-1,-1,-1,-1,1,-1,-1,1,-1,1,-1,-1,-1,1,1,1,-1,1,1,-1,-1,1,1,-1,1,-1,-1,-1,-1,1,-1,1,-1,1,-1,1,1,1,1,1,1,1,1,1,1,-1,1,1,-1,1,-1,-1,1,-1,1,-1,-1,-197.1363895267551,1
392,-1,1,-1,-1,-1,-1,-1,-1,-1,1,1,1,-1,1,-1,1,1,1,1,1,-1,1,-1,-1,-1,-1,1,1,-1,1,-1,1,1,-1,1,1,-1,-1,-1,-1,1,1,1,1,1,1,-1,1,-1,-1,1,1,-1,-1,-1,1,-1,1,1,-1,1,1,1,-1,-1,-1,1,-1,1,1,-1,1,-1,1,-1,1,1,-1,-1,1,1,-1,-1,1,1,-1,-1,1,-1,1,-1,1,1,1,-1,1,1,-1,1,1,1,1,1,1,1,1,1,1,-1,1,-1,-1,-1,1,-1,1,-1,-1,1,1,-1,-1,-1,-1,1,1,1,1,-1,-1,1,-1,1,-1,1,-1,1,1,-1,1,-1,1,1,1,-1,1,-1,-1,-1,-1,-1,1,-1,1,-1,1,-1,1,1,-1,-1,-1,-1,1,-1,-1,1,-1,1,-1,-1,-1,1,1,1,-1,1,-1,-1,-1,1,1,-1,1,-1,-1,-1,-1,1,-1,1,-1,1,-1,1,1,1,-1,1,1,-1,1,1,1,1,-1,1,-1,1,-1,-1,1,-1,1,-1,-1,-197.1122416631542,1
393,-1,1,-1,1,1,1,-1,1,1,1,-1,-1,-1,1,-1,1,1,1,1,1,-1,-1,-1,-1,-1,-1,1,1,-1,1,-1,1,1,1,-1,1,-1,-1,1,-1,1,-1,1,1,1,1,-1,1,-1,-1,1,1,-1,-1,-1,1,-1,-1,-1,1,1,1,1,-1,-1,-1,1,-1,1,1,-1,1,-1,1,1,1,1,1,-1,1,1,-1,-1,-1,1,-1,1,1,-1,1,1,1,-1,1,-1,1,1,-1,1,1,1,1,1,1,1,-1,1,1,-1,1,-1,-1,-1,1,-1,1,-1,-1,1,1,-1,-1,-1,-1,1,1,-1,-1,-1,-1,1,-1,1,-1,1,-1,1,-1,-1,1,-1,1,-1,1,-1,1,-1,-1,-1,-1,-1,1,-1,1,-1,-1,-1,1,1,-1,-1,-1,-1,1,-1,-1,1,-1,1,-1,-1,1,1,1,1,-1,1,-1,-1,-1,1,1,-1,1,-1,-1,-1,-1,1,-1,-1,1,-1,-1,1,-1,-1,1,-1,-1,-1,-1,-1,-1,-1,1,-1,1,-1,1,-1,1,-1,-1,1,1,-197.1035254848884,1
394,-1,1,-1,1,1,-1,-1,-1,-1,1,1,1,1,-1,1,1,1,-1,1,1,-1,1,-1,1,-1,-1,1,1,-1,1,-1,1,1,1,-1,1,-1,-1,-1,-1,1,1,1,1,1,1,-1,-1,-1,-1,1,1,-1,-1,-1,1,-1,-1,-1,-1,1,1,1,-1,-1,-1,-1,1,1,1,-1,1,-1,1,-1,1,1,-1,-1,1,-1,-1,1,1,1,-1,-1,1,-1,1,-1,-1,1,1,-1,1,1,-1,1,1,1,1,1,1,-1,1,1,-1,-1,1,1,-1,-1,1,-1,1,-1,-1,1,1,-1,-1,-1,-1,1,1,-1,-1,-1,-1,1,-1,1,-1,1,-1,1,1,-1,1,-1,1,-1,-1,-1,1,-1,-1,-1,-1,-1,1,-1,1,-1,1,-1,1,1,-1,-1,-1,-1,1,-1,-1,1,1,1,-1,-1,-1,1,1,1,-1,1,1,-1,-1,1,1,-1,1,-1,-1,1,1,-1,-1,1,-1,1,-1,1,1,1,-1,1,1,-1,1,1,1,1,-1,1,-1,1,-1,-1,1,-1,1,-1,-1,-197.09428212063415,1
395,1,-1,1,1,1,-1,-1,-1,-1,1,1,1,1,-1,1,1,1,-1,1,1,-1,1,-1,1,-1,-1,1,1,-1,1,-1,1,1,1,-1,1,-1,-1,-1,-1,1,1,1,1,-1,1,-1,1,-1,-1,1,1,-1,-1,-1,1,-1,1,1,-1,1,1,1,-1,-1,-1,-1,1,1,1,-1,1,-1,1,-1,1,1,-1,-1,1,-1,-1,1,1,1,-1,-1,1,-1,1,-1,-1,1,1,-1,1,1,-1,1,1,1,1,1,1,-1,1,1,-1,-1,1,-1,1,1,-1,-1,1,1,-1,1,1,-1,-1,-1,-1,1,1,-1,-1,-1,-1,1,-1,1,-1,1,-1,1,1,-1,1,-1,1,1,-1,-1,1,-1,-1,-1,-1,-1,1,-1,1,-1,1,-1,-1,1,-1,-1,-1,-1,1,-1,-1,-1,1,1,-1,-1,1,1,1,1,-1,1,1,-1,-1,1,1,-1,1,-1,-1,-1,1,-1,-1,1,1,1,-1,1,1,1,-1,1,1,-1,1,1,1,1,-1,1,-1,1,-1,1,-1,1,1,-1,-1,-197.08842341528305,1
396,-1,1,-1,-1,-1,-1,-1,-1,-1,1,1,1,-1,1,-1,1,1,1,1,1,-1,1,-1,-1,-1,-1,1,1,-1,1,1,-1,1,-1,-1,1,-1,-1,-1,-1,1,1,-1,-1,-1,1,-1,-1,-1,-1,1,1,-1,1,-1,1,-1,1,1,-1,1,1,1,-1,1,1,1,-1,1,1,-1,1,-1,1,-1,1,1,-1,-1,-1,-1,-1,-1,1,1,-1,-1,1,-1,1,1,1,1,1,-1,1,1,-1,1,-1,-1,-1,1,1,-1,1,1,-1,-1,1,-1,-1,-1,1,-1,1,-1,-1,1,1,-1,-1,-1,-1,1,1,-1,1,-1,-1,1,-1,1,-1,1,-1,-1,-1,-1,1,-1,1,-1,1,-1,1,-1,-1,-1,-1,-1,1,1,1,-1,1,-1,1,1,-1,-1,-1,-1,1,1,-1,-1,1,1,-1,-1,-1,1,1,-1,-1,1,-1,-1,-1,-1,-1,1,1,-1,-1,1,1,-1,-1,1,-1,1,-1,1,1,1,-1,1,1,-1,1,1,1,1,-1,1,-1,1,-1,-1,1,-1,1,-1,-1,-197.04732122955483,1
397,-1,-1,1,-1,-1,-1,-1,-1,-1,1,-1,1,1,-1,1,1,1,-1,1,1,-1,1,-1,1,-1,-1,1,1,-1,1,-1,1,1,-1,-1,1,-1,-1,-1,-1,1,1,1,-1,-1,1,-1,-1,-1,-1,1,1,-1,-1,-1,1,-1,-1,-1,-1,1,1,1,-1,-1,-1,1,-1,1,1,-1,1,-1,1,-1,1,1,-1,-1,1,-1,-1,1,1,1,-1,-1,1,-1,1,-1,1,1,1,-1,1,1,-1,1,1,1,1,1,1,-1,-1,1,-1,-1,1,-1,-1,-1,1,-1,1,-1,-1,1,1,-1,-1,-1,-1,1,1,-1,-1,-1,-1,1,-1,1,-1,1,-1,1,1,-1,1,-1,1,-1,1,-1,1,-1,-1,-1,-1,-1,1,-1,1,-1,1,-1,1,1,-1,-1,-1,-1,1,-1,-1,-1,1,1,-1,-1,1,1,1,1,-1,1,1,-1,-1,1,1,-1,1,-1,-1,1,1,-1,-1,1,-1,1,-1,1,1,1,-1,1,1,-1,1,1,1,1,-1,1,-1,1,-1,1,-1,1,1,-1,-1,-197.01529906696507,1
398,-1,-1,1,1,1,1,-1,-1,-1,1,1,-1,1,-1,1,1,1,-1,1,1,-1,-1,-1,1,-1,-1,1,1,-1,1,-1,1,1,-1,-1,1,-1,-1,1,-1,1,-1,1,1,1,1,-1,1,-1,-1,1,1,-1,-1,-1,1,-1,-1,-1,1,1,1,1,-1,-1,-1,1,-1,1,1,-1,1,-1,1,1,1,1,1,-1,1,-1,-1,-1,-1,1,-1,1,1,-1,1,1,1,-1,1,-1,1,1,-1,1,1,1,1,1,1,1,-1,1,1,-1,1,-1,-1,-1,1,-1,1,-1,-1,1,1,-1,-1,-1,-1,1,1,-1,-1,-1,-1,1,-1,1,-1,1,-1,1,-1,-1,1,-1,1,-1,1,-1,1,-1,-1,-1,-1,-1,1,-1,1,-1,1,-1,1,1,-1,-1,-1,-1,1,-1,-1,1,-1,1,-1,-1,-1,1,1,1,-1,1,1,-1,-1,1,1,-1,1,-1,-1,-1,-1,1,1,-1,1,-1,-1,1,-1,-1,1,-1,-1,-1,-1,-1,-1,-1,1,-1,1,-1,1,1,-1,1,-1,1,1,-196.99898246370878,1
399,-1,1,-1,1,1,1,-1,1,1,1,-1,-1,-1,1,-1,1,1,1,1,1,-1,-1,-1,-1,-1,-1,1,1,-1,1,-1,1,1,1,-1,1,-1,-1,1,-1,1,-1,1,1,1,1,-1,1,-1,-1,1,1,-1,-1,-1,1,-1,-1,-1,1,1,1,1,-1,-1,-1,1,-1,1,1,-1,1,-1,1,1,1,1,1,-1,1,-1,-1,-1,-1,1,-1,1,1,-1,1,-1,1,-1,1,-1,1,1,-1,1,1,1,1,1,1,1,-1,1,1,-1,1,-1,-1,-1,1,-1,1,-1,-1,1,1,-1,-1,-1,-1,1,1,-1,-1,-1,-1,1,-1,1,-1,1,-1,1,1,-1,1,-1,1,-1,1,-1,1,-1,-1,-1,-1,-1,1,-1,1,-1,1,-1,1,1,-1,-1,-1,-1,1,-1,-1,1,-1,1,-1,-1,-1,1,1,-1,-1,1,-1,-1,-1,1,1,-1,1,-1,-1,-1,-1,1,-1,-1,1,-1,-1,1,-1,-1,1,-1,-1,-1,-1,-1,-1,-1,1,-1,1,-1,1,1,1,-1,-1,1,1,-196.99627599150557,1
400,-1,1,-1,-1,-1,-1,-1,-1,-1,1,1,1,-1,1,-1,1,1,1,1,1,-1,-1,-1,-1,-1,-1,1,1,-1,1,1,-1,1,1,-1,1,-1,-1,-1,-1,1,1,1,1,1,1,-1,-1,-1,-1,1,1,-1,1,-1,1,-1,1,1,-1,1,1,1,-1,1,1,1,-1,1,1,-1,1,-1,1,-1,1,1,-1,-1,1,-1,-1,-1,1,1,-1,-1,1,-1,1,1,1,1,1,-1,1,1,-1,1,1,1,1,1,1,-1,-1,1,-1,-1,1,-1,-1,-1,1,-1,1,-1,-1,1,1,-1,-1,-1,-1,1,1,1,1,-1,-1,1,-1,1,-1,1,-1,-1,-1,-1,1,-1,1,-1,1,-1,1,-1,-1,-1,-1,-1,1,-1,1,-1,-1,-1,1,1,-1,-1,-1,-1,1,-1,-1,-1,1,1,-1,-1,-1,1,1,1,-1,1,-1,-1,-1,-1,-1,1,1,-1,-1,1,1,-1,-1,1,-1,1,-1,1,1,1,-1,1,1,-1,1,1,1,1,-1,1,-1,1,-1,-1,1,-1,1,-1,-1,-196.98397595421423,1
401,-1,-1,1,-1,-1,-1,-1,-1,-1,1,1,1,1,-1,1,-1,1,-1,1,1,-1,1,-1,1,-1,-1,1,1,-1,1,-1,1,1,1,-1,1,-1,-1,-1,-1,1,1,1,1,1,1,-1,1,-1,-1,1,1,-1,-1,-1,1,-1,1,1,-1,1,1,1,-1,-1,-1,1,-1,1,1,-1,1,-1,1,-1,1,1,-1,-1,1,1,-1,-1,1,1,-1,-1,1,-1,1,1,1,1,1,-1,1,1,-1,1,1,1,1,1,1,1,-1,1,1,-1,1,-1,1,1,-1,-1,1,-1,-1,1,1,-1,-1,-1,-1,1,1,-1,-1,-1,-1,1,-1,1,-1,1,-1,1,-1,-1,1,-1,1,1,1,-1,1,-1,-1,-1,-1,-1,1,-1,1,-1,-1,-1,1,1,-1,-1,-1,-1,1,-1,-1,1,-1,1,-1,-1,-1,1,1,1,-1,1,1,-1,-1,1,1,-1,1,-1,-1,-1,-1,1,-1,1,-1,1,-1,1,1,1,-1,1,1,-1,1,1,1,1,-1,1,-1,1,-1,-1,1,-1,1,-1,-1,-196.9809192584141,1
402,1,-1,1,-1,-1,-1,-1,-1,-1,1,1,1,1,-1,1,-1,-1,-1,-1,-1,1,-1,1,1,-1,-1,1,1,-1,1,-1,1,1,1,-1,1,-1,-1,-1,-1,1,1,1,-1,-1,1,-1,1,-1,-1,1,1,-1,-1,-1,1,-1,-1,-1,-1,1,1,1,-1,-1,-1,1,-1,1,1,-1,1,-1,1,-1,1,1,-1,-1,1,-1,-1,1,1,1,-1,-1,1,-1,1,1,1,1,1,-1,1,1,-1,1,1,1,1,1,1,-1,-1,1,-1,-1,1,-1,-1,-1,1,-1,1,-1,-1,1,1,-1,-1,-1,-1,1,1,-1,-1,-1,-1,1,-1,1,-1,1,-1,1,1,1,1,-1,-1,-1,1,-1,1,-1,-1,-1,-1,-1,1,-1,1,-1,-1,-1,1,1,-1,-1,-1,-1,1,-1,-1,-1,1,1,-1,-1,-1,1,1,1,-1,1,1,-1,-1,1,1,1,1,-1,-1,-1,1,-1,-1,1,-1,1,-1,1,1,1,-1,1,1,1,1,1,1,1,-1,1,-1,1,-1,1,-1,1,1,-1,-1,-196.92581085322882,1
403,-1,1,-1,-1,-1,-1,-1,-1,-1,1,1,1,1,-1,1,1,1,1,1,1,1,-1,-1,1,-1,-1,1,1,-1,1,-1,-1,1,-1,-1,1,-1,-1,-1,-1,1,1,1,1,1,1,-1,1,-1,-1,1,1,-1,-1,-1,1,-1,1,-1,-1,1,1,1,-1,1,-1,1,-1,1,1,-1,1,-1,1,-1,1,1,-1,-1,1,1,-1,-1,1,1,-1,-1,1,-1,1,-1,1,1,1,-1,1,1,-1,1,1,1,1,1,1,1,-1,1,1,-1,1,-1,-1,-1,1,-1,1,-1,-1,1,1,-1,-1,-1,-1,1,1,-1,1,-1,-1,1,-1,1,-1,1,-1,-1,-1,-1,1,-1,1,-1,1,-1,1,-1,-1,-1,-1,-1,1,-1,1,-1,-1,-1,1,1,-1,-1,-1,-1,1,-1,-1,1,-1,1,-1,-1,-1,1,1,-1,-1,1,1,-1,-1,1,1,-1,1,-1,-1,-1,-1,1,-1,1,-1,1,-1,1,1,1,1,1,1,-1,1,1,1,-1,1,1,-1,1,-1,-1,1,-1,1,-1,-1,-196.89515673708493,1
404,-1,1,-1,-1,-1,-1,-1,-1,-1,1,1,1,-1,1,-1,1,1,1,1,1,-1,1,-1,-1,-1,-1,1,1,-1,1,-1,-1,1,1,-1,1,-1,-1,-1,-1,1,1,1,1,1,1,-1,-1,-1,-1,1,1,-1,-1,-1,1,-1,1,-1,-1,1,1,1,1,1,-1,1,-1,1,1,-1,1,-1,1,-1,1,1,-1,-1,1,-1,-1,1,1,1,-1,-1,1,-1,1,1,1,1,1,-1,1,1,-1,1,1,1,1,1,1,-1,-1,1,1,-1,1,-1,1,1,-1,-1,1,-1,-1,1,1,-1,-1,-1,-1,1,1,-1,1,-1,-1,1,-1,1,-1,1,-1,-1,-1,-1,1,-1,1,-1,1,-1,1,-1,-1,-1,-1,-1,1,-1,1,-1,-1,-1,1,1,-1,-1,-1,-1,1,-1,-1,-1,1,1,-1,-1,-1,1,1,1,-1,1,-1,-1,-1,1,1,-1,1,-1,-1,1,1,-1,-1,1,-1,1,-1,1,1,1,-1,1,1,-1,1,1,1,1,-1,1,-1,1,-1,-1,1,-1,1,-1,-1,-196.85143167645768,1
405,-1,1,-1,1,1,1,-1,1,1,1,1,-1,1,1,-1,1,1,1,1,1,-1,-1,-1,-1,-1,-1,1,1,-1,1,-1,1,1,-1,-1,1,-1,-1,1,-1,1,-1,1,1,1,1,-1,1,-1,-1,1,1,-1,-1,-1,1,-1,-1,-1,1,1,1,1,-1,-1,-1,1,-1,1,1,-1,1,-1,1,1,1,1,1,-1,1,1,-1,-1,-1,1,-1,1,1,-1,1,-1,1,-1,1,-1,1,1,-1,1,1,1,1,1,1,1,1,1,1,-1,1,-1,-1,-1,1,-1,1,-1,-1,1,1,-1,-1,-1,-1,1,1,-1,-1,-1,-1,1,-1,1,-1,1,-1,1,1,-1,1,-1,1,-1,1,-1,1,-1,-1,-1,-1,-1,1,-1,1,-1,-1,-1,1,1,1,-1,-1,-1,1,-1,-1,1,-1,1,-1,-1,-1,1,1,1,-1,1,-1,-1,-1,1,1,-1,1,-1,-1,-1,-1,1,-1,-1,1,-1,-1,1,-1,-1,1,-1,-1,-1,-1,-1,-1,-1,1,-1,1,-1,1,-1,1,-1,-1,1,1,-196.84823061628762,1
406,-1,-1,1,1,1,1,-1,-1,-1,1,1,-1,1,-1,1,1,1,-1,1,1,-1,-1,-1,1,-1,-1,1,1,-1,1,-1,1,1,-1,-1,1,-1,-1,-1,-1,1,1,1,-1,-1,1,-1,1,-1,-1,1,1,-1,-1,-1,1,-1,1,1,-1,1,1,1,-1,-1,-1,1,-1,1,1,-1,1,-1,1,-1,1,1,-1,-1,1,-1,-1,1,1,1,-1,-1,1,-1,1,-1,1,1,1,-1,1,1,-1,1,1,1,1,1,1,-1,1,1,-1,-1,1,-1,-1,-1,1,-1,1,-1,-1,1,1,-1,-1,-1,-1,1,1,-1,-1,-1,-1,1,-1,1,-1,1,-1,1,1,-1,1,-1,1,1,1,-1,1,-1,-1,-1,-1,-1,1,-1,1,-1,-1,-1,1,1,-1,-1,-1,-1,1,-1,-1,-1,1,1,-1,-1,-1,1,1,1,-1,1,1,-1,-1,1,1,-1,1,-1,-1,-1,1,-1,-1,1,-1,1,-1,1,1,1,-1,1,1,1,1,1,1,-1,1,1,1,1,-1,1,-1,1,-1,1,1,-196.83131712718446,1
407,-1,1,-1,-1,-1,-1,-1,-1,-1,1,1,1,1,1,-1,1,1,1,1,1,-1,1,-1,-1,-1,-1,1,1,-1,1,-1,1,1,-1,-1,1,-1,-1,-1,-1,1,1,1,1,1,1,-1,1,-1,-1,1,1,-1,-1,-1,1,-1,-1,-1,1,1,1,1,-1,-1,-1,1,-1,1,1,-1,1,-1,1,-1,1,1,-1,-1,1,1,-1,-1,1,1,-1,-1,1,-1,1,-1,1,-1,1,-1,1,1,-1,1,1,1,1,1,1,1,-1,1,1,-1,1,-1,-1,-1,1,-1,1,-1,-1,1,1,-1,-1,-1,-1,1,1,-1,-1,-1,-1,1,-1,1,-1,1,-1,1,1,-1,1,-1,1,-1,1,-1,1,-1,-1,-1,-1,-1,1,-1,1,-1,1,-1,1,1,-1,-1,-1,-1,1,-1,-1,1,-1,1,-1,-1,-1,1,1,1,-1,1,-1,-1,-1,1,1,-1,1,-1,-1,-1,-1,1,-1,1,-1,1,-1,1,1,1,1,1,1,1,1,-1,-1,-1,1,-1,-1,-1,1,-1,1,-1,1,-1,-1,-196.76846435973496,1
408,-1,1,-1,1,1,1,-1,1,1,1,-1,-1,-1,1,-1,1,1,1,1,1,-1,1,-1,-1,-1,-1,1,-1,-1,1,-1,1,1,-1,1,1,-1,-1,1,1,1,-1,1,1,1,1,-1,1,1,-1,1,-1,-1,-1,-1,1,-1,1,1,-1,1,1,1,-1,-1,-1,1,-1,1,1,-1,1,-1,1,1,1,1,1,1,1,1,1,-1,-1,1,-1,1,1,-1,1,1,1,-1,-1,-1,1,-1,-1,1,1,1,1,1,1,1,1,1,1,1,1,1,1,1,-1,1,-1,1,1,-1,-1,1,1,1,-1,1,1,1,1,-1,-1,1,-1,1,-1,1,-1,1,-1,-1,1,-1,1,1,1,-1,1,-1,-1,-1,-1,-1,1,-1,1,-1,-1,-1,1,1,-1,-1,-1,-1,1,-1,-1,1,-1,1,-1,-1,-1,1,1,-1,-1,1,-1,-1,-1,1,1,-1,1,-1,-1,-1,-1,1,-1,-1,1,-1,-1,1,-1,-1,1,-1,-1,-1,-1,-1,-1,-1,1,-1,1,-1,1,-1,1,-1,-1,1,1,-196.7313944318042,1
409,-1,-1,1,1,1,1,-1,-1,-1,1,1,-1,1,-1,1,1,1,1,1,1,-1,-1,-1,1,-1,-1,1,1,-1,1,1,1,1,-1,-1,1,-1,-1,-1,-1,1,1,1,1,1,1,-1,1,-1,-1,1,1,-1,-1,-1,1,-1,-1,-1,1,1,1,1,-1,-1,-1,-1,1,1,1,-1,1,-1,1,1,1,1,1,-1,1,-1,-1,-1,-1,1,-1,1,1,-1,1,-1,-1,1,1,-1,1,1,-1,1,1,1,1,1,1,1,-1,1,1,-1,1,-1,-1,-1,1,-1,1,-1,-1,1,1,-1,-1,-1,-1,1,1,-1,-1,-1,-1,1,-1,1,-1,1,-1,1,1,-1,1,-1,1,-1,-1,-1,1,-1,-1,-1,-1,-1,1,-1,1,-1,1,-1,1,1,-1,-1,-1,-1,1,-1,-1,1,-1,1,-1,-1,-1,1,1,1,-1,1,1,-1,-1,1,1,-1,1,-1,-1,-1,-1,1,-1,-1,1,1,-1,1,1,-1,1,1,-1,-1,1,-1,-1,-1,1,-1,-1,-1,1,1,-1,1,-1,1,1,-196.6871213316701,1
410,1,-1,1,1,1,1,-1,-1,-1,1,-1,-1,1,-1,1,1,1,-1,1,1,-1,-1,-1,1,-1,-1,1,1,-1,1,1,-1,1,1,-1,1,-1,-1,-1,-1,1,1,1,1,1,1,-1,1,-1,-1,1,1,-1,-1,-1,1,-1,1,-1,1,1,1,1,-1,1,-1,1,-1,1,1,-1,1,-1,1,1,1,1,1,-1,1,-1,-1,1,-1,1,-1,1,1,-1,1,1,1,-1,1,-1,1,1,-1,1,1,1,1,1,1,1,1,1,1,-1,1,-1,-1,-1,1,-1,1,-1,-1,1,1,-1,-1,-1,-1,1,1,-1,1,-1,-1,1,-1,1,-1,1,-1,-1,-1,-1,1,-1,1,-1,1,-1,1,-1,-1,-1,-1,-1,1,-1,1,-1,-1,-1,1,1,-1,-1,-1,-1,1,-1,-1,1,-1,1,-1,-1,1,1,1,1,-1,1,1,-1,-1,1,1,-1,1,-1,-1,-1,-1,1,-1,-1,1,1,-1,1,1,-1,1,1,-1,-1,1,-1,-1,-1,1,-1,1,-1,1,1,1,-1,-1,1,1,-196.67539242300776,1
411,-1,1,-1,1,1,-1,-1,-1,-1,1,1,1,1,-1,1,1,1,-1,1,1,-1,1,-1,1,-1,-1,1,1,-1,1,-1,1,1,1,-1,1,-1,-1,-1,-1,1,1,1,1,1,1,-1,1,-1,-1,1,1,-1,-1,-1,1,-1,1,1,-1,1,1,1,-1,-1,-1,-1,1,1,1,-1,1,-1,1,-1,1,1,-1,-1,1,1,-1,1,1,1,-1,-1,1,-1,1,-1,-1,1,1,-1,1,1,-1,1,1,1,1,1,1,1,-1,1,1,-1,1,-1,1,1,-1,-1,1,-1,-1,1,1,-1,-1,-1,-1,1,1,-1,-1,-1,-1,1,-1,1,-1,1,-1,1,-1,-1,1,-1,1,1,-1,-1,1,-1,-1,-1,-1,-1,1,-1,1,-1,1,-1,-1,1,-1,-1,-1,-1,1,-1,-1,1,-1,1,-1,-1,-1,1,1,1,-1,1,1,-1,-1,1,1,-1,1,-1,-1,-1,-1,1,-1,1,-1,1,-1,1,1,1,-1,1,1,1,1,1,1,1,-1,1,-1,1,-1,-1,1,-1,1,-1,-1,-196.63425018511913,1
412,-1,-1,1,1,1,-1,-1,-1,-1,1,1,1,-1,1,-1,1,1,1,1,1,-1,1,-1,-1,-1,-1,1,1,-1,1,1,-1,1,1,-1,1,-1,-1,-1,-1,1,1,1,-1,-1,1,-1,-1,-1,-1,1,1,-1,1,-1,1,-1,1,1,-1,1,1,1,-1,1,1,1,-1,1,1,-1,1,-1,1,-1,1,1,-1,-1,1,-1,-1,-1,1,1,-1,-1,1,-1,1,1,1,1,1,-1,1,1,-1,1,1,1,1,1,1,-1,-1,1,-1,-1,1,-1,-1,-1,1,-1,1,-1,-1,1,1,-1,-1,-1,-1,1,1,-1,1,-1,-1,1,-1,1,-1,1,-1,-1,-1,-1,1,-1,1,-1,1,-1,1,-1,-1,-1,-1,-1,1,-1,1,-1,-1,-1,1,1,-1,-1,-1,-1,1,-1,-1,-1,1,1,-1,-1,-1,1,1,1,-1,1,-1,-1,-1,-1,-1,1,1,-1,-1,1,1,-1,-1,1,-1,1,-1,1,1,1,-1,1,1,-1,1,1,1,1,-1,1,-1,1,-1,-1,1,-1,1,-1,-1,-196.5949172136801,1
413,-1,1,-1,-1,-1,-1,-1,-1,-1,1,1,1,1,-1,1,1,1,-1,1,1,1,-1,-1,1,-1,-1,1,1,-1,1,1,1,1,-1,-1,1,-1,-1,-1,-1,1,1,1,1,1,1,-1,-1,-1,-1,1,1,-1,-1,-1,1,-1,1,1,-1,1,1,1,-1,-1,-1,1,-1,1,1,-1,1,-1,1,-1,1,1,-1,-1,1,-1,-1,1,1,1,-1,-1,1,-1,1,-1,1,1,1,-1,1,1,-1,1,1,1,1,1,1,-1,1,1,-1,-1,1,-1,-1,-1,1,-1,1,-1,-1,1,1,-1,-1,-1,-1,1,1,-1,-1,-1,-1,1,-1,1,-1,1,-1,1,1,-1,1,-1,1,1,1,-1,1,-1,-1,-1,-1,-1,1,-1,1,-1,1,-1,1,1,-1,-1,-1,-1,1,-1,-1,-1,1,1,-1,-1,-1,1,1,1,-1,1,1,-1,-1,1,1,-1,1,-1,-1,1,1,-1,-1,1,-1,1,-1,1,1,1,-1,1,1,-1,1,1,1,-1,1,1,-1,1,-1,-1,1,-1,1,-1,-1,-196.57805209211068,1
414,-1,1,-1,1,1,1,-1,1,1,1,1,-1,-1,1,-1,1,1,1,1,1,-1,1,-1,-1,-1,-1,1,1,-1,1,-1,1,1,-1,1,1,-1,-1,1,-1,1,-1,1,1,1,1,-1,1,-1,1,-1,1,-1,-1,-1,1,-1,1,1,-1,1,1,1,-1,-1,-1,1,-1,1,1,-1,1,-1,1,1,1,1,1,-1,1,-1,-1,-1,-1,1,-1,1,1,-1,1,1,1,-1,1,-1,1,1,-1,1,1,1,1,1,1,1,1,1,1,-1,1,-1,-1,-1,1,-1,1,-1,-1,1,1,-1,-1,-1,-1,1,1,1,1,-1,-1,1,-1,1,-1,1,-1,1,-1,-1,1,-1,1,1,1,-1,1,-1,-1,-1,-1,-1,1,-1,1,-1,-1,-1,-1,1,-1,-1,-1,-1,1,-1,-1,1,-1,1,-1,-1,-1,1,1,1,-1,1,-1,-1,-1,1,1,-1,1,-1,-1,-1,-1,1,1,-1,1,-1,-1,1,-1,-1,1,-1,-1,-1,-1,-1,-1,-1,1,-1,1,-1,1,1,-1,1,-1,1,1,-196.5335225860546,1
415,-1,1,-1,-1,-1,1,-1,1,1,1,1,-1,1,1,-1,1,1,1,1,1,-1,-1,-1,-1,-1,-1,1,1,-1,1,-1,1,1,-1,-1,1,-1,-1,1,-1,1,-1,1,1,1,1,-1,1,-1,-1,1,1,-1,-1,-1,1,-1,-1,-1,1,1,1,1,-1,-1,-1,1,-1,1,1,-1,1,-1,1,1,1,1,1,-1,1,-1,-1,-1,-1,1,-1,1,1,-1,1,1,1,1,1,-1,1,1,-1,1,1,1,1,1,1,1,-1,1,1,-1,1,-1,-1,-1,1,-1,1,-1,-1,1,1,-1,-1,-1,-1,1,1,-1,-1,-1,-1,1,-1,1,-1,1,-1,1,-1,-1,1,-1,1,-1,1,-1,1,-1,-1,-1,-1,-1,1,-1,1,-1,-1,-1,1,1,-1,-1,-1,-1,1,-1,-1,1,-1,1,-1,-1,-1,1,1,-1,-1,1,-1,-1,-1,1,1,-1,1,-1,-1,-1,-1,1,-1,-1,1,-1,-1,1,-1,-1,1,-1,-1,-1,-1,-1,-1,-1,1,-1,1,-1,1,-1,1,-1,-1,1,1,-196.50106179098856,1
416,-1,1,-1,1,1,1,-1,1,1,1,-1,-1,-1,1,-1,-1,1,1,1,1,-1,-1,-1,-1,-1,-1,1,1,-1,1,-1,1,1,1,-1,1,-1,-1,1,-1,1,-1,1,1,1,1,-1,1,-1,-1,1,1,-1,-1,-1,1,-1,-1,-1,1,1,1,1,-1,-1,-1,1,-1,1,1,-1,1,-1,1,1,1,1,1,-1,1,-1,-1,-1,-1,1,-1,1,1,-1,1,1,1,-1,1,-1,1,1,-1,1,1,1,1,1,1,1,-1,1,1,-1,1,1,-1,-1,1,-1,1,-1,-1,1,1,-1,-1,-1,-1,1,1,-1,-1,-1,-1,1,-1,1,-1,1,-1,1,-1,-1,1,-1,1,-1,1,-1,1,-1,-1,-1,-1,-1,1,-1,1,-1,-1,-1,1,1,-1,-1,-1,-1,1,-1,-1,1,-1,1,-1,-1,-1,1,1,1,-1,1,-1,-1,-1,1,1,-1,1,-1,-1,-1,-1,1,-1,-1,1,-1,-1,1,-1,-1,1,-1,-1,-1,-1,-1,-1,-1,1,-1,1,-1,1,-1,-1,1,-1,1,1,-196.4233231910624,1
417,-1,1,-1,-1,-1,-1,-1,-1,-1,1,1,1,-1,1,1,1,1,-1,1,1,-1,1,-1,1,1,-1,1,-1,-1,1,-1,1,1,-1,1,1,-1,-1,-1,1,1,1,1,1,-1,1,-1,-1,1,-1,1,-1,-1,-1,-1,1,-1,1,1,-1,1,1,1,-1,-1,-1,1,-1,1,1,-1,1,-1,1,-1,1,1,-1,1,1,-1,1,-1,1,1,-1,-1,1,-1,1,1,1,1,-1,-1,1,-1,-1,1,1,1,1,1,1,1,1,1,1,1,1,1,1,1,-1,1,-1,1,1,-1,-1,1,1,1,-1,1,1,1,1,-1,-1,1,-1,1,-1,1,-1,1,-1,-1,1,-1,1,1,1,-1,1,-1,-1,-1,-1,-1,1,-1,1,-1,1,-1,1,1,-1,-1,-1,-1,1,-1,-1,1,-1,1,-1,-1,-1,1,1,1,-1,1,1,-1,-1,1,1,-1,1,-1,-1,1,1,1,-1,1,-1,1,-1,1,1,1,-1,1,1,-1,1,1,1,1,-1,1,-1,1,-1,-1,1,-1,1,-1,-1,-196.38304663205034,1
418,1,-1,1,1,1,1,-1,-1,-1,1,1,1,-1,1,1,1,1,-1,1,1,-1,-1,-1,1,-1,-1,1,1,-1,1,-1,1,1,-1,-1,1,-1,-1,-1,-1,1,1,1,1,-1,1,-1,1,-1,-1,1,1,-1,-1,-1,1,-1,-1,-1,-1,1,1,1,-1,-1,-1,1,-1,1,1,-1,1,-1,1,-1,1,1,-1,-1,1,1,-1,1,1,1,-1,-1,1,-1,1,-1,1,1,1,-1,1,1,-1,1,1,1,1,1,1,1,-1,1,1,-1,1,-1,-1,-1,1,-1,1,1,-1,1,1,-1,-1,-1,-1,1,1,-1,-1,-1,-1,1,-1,1,-1,1,-1,1,1,-1,1,-1,1,-1,1,-1,1,-1,-1,-1,-1,-1,1,-1,1,-1,1,-1,1,1,-1,-1,-1,-1,1,-1,-1,1,-1,1,-1,-1,-1,1,1,1,-1,1,1,-1,-1,1,1,-1,1,-1,-1,-1,-1,1,-1,1,-1,1,-1,1,1,1,-1,1,1,-1,1,1,1,1,-1,1,-1,1,-1,1,-1,1,1,-1,-1,-196.33529687923786,1
419,1,-1,1,1,1,1,-1,-1,-1,1,1,-1,1,-1,1,1,-1,-1,1,1,-1,-1,-1,1,-1,-1,1,1,-1,1,-1,1,1,1,-1,1,-1,-1,-1,-1,1,1,1,1,1,1,-1,1,-1,-1,1,1,-1,-1,-1,1,-1,-1,-1,1,1,1,1,-1,-1,-1,1,-1,1,1,-1,1,-1,1,1,1,1,1,-1,1,-1,-1,-1,-1,1,-1,1,1,-1,1,-1,1,-1,1,-1,1,1,-1,1,1,1,1,1,1,1,1,1,1,-1,1,-1,-1,-1,1,-1,1,-1,-1,1,1,-1,-1,-1,-1,1,1,-1,-1,-1,-1,1,-1,1,-1,1,-1,1,1,1,1,-1,1,-1,1,-1,1,-1,-1,-1,-1,-1,1,-1,1,-1,-1,-1,1,1,-1,-1,-1,-1,1,-1,-1,1,-1,1,-1,-1,1,1,1,1,-1,1,1,-1,-1,1,1,-1,1,-1,-1,-1,-1,1,-1,-1,-1,1,-1,1,1,-1,1,1,-1,-1,1,-1,-1,-1,1,-1,1,-1,1,1,-1,1,-1,1,1,-196.26751557658324,1
420,-1,-1,1,1,1,1,-1,-1,-1,1,-1,-1,1,-1,1,1,1,-1,1,1,-1,1,-1,1,-1,-1,1,1,-1,1,1,-1,1,-1,-1,1,-1,-1,-1,-1,1,1,1,1,1,1,-1,1,-1,-1,1,1,-1,-1,-1,1,-1,1,-1,1,1,1,1,-1,1,-1,1,-1,1,1,-1,1,-1,1,1,1,1,1,-1,1,1,-1,-1,1,1,-1,-1,1,-1,1,1,1,-1,1,-1,1,1,-1,1,1,1,1,1,1,1,-1,1,1,-1,1,1,-1,-1,1,-1,1,-1,-1,1,1,-1,-1,-1,-1,1,1,1,1,-1,-1,1,-1,1,-1,1,-1,-1,-1,-1,1,-1,1,-1,1,-1,1,-1,-1,-1,-1,-1,1,-1,1,-1,1,-1,1,1,-1,-1,-1,-1,1,-1,-1,1,-1,1,-1,-1,1,1,1,1,-1,1,1,-1,-1,1,1,-1,1,-1,-1,-1,-1,1,-1,1,-1,1,-1,1,1,-1,1,1,-1,-1,1,-1,-1,-1,1,-1,1,-1,1,1,1,-1,-1,1,1,-196.18519653185365,1
421,-1,1,-1,1,1,1,-1,1,1,1,-1,-1,-1,1,-1,-1,1,1,1,1,-1,-1,-1,-1,-1,-1,1,1,-1,1,-1,1,1,1,-1,1,-1,-1,1,-1,1,-1,1,1,1,1,-1,1,-1,-1,1,1,-1,-1,-1,1,-1,-1,-1,1,1,1,1,-1,-1,-1,1,-1,1,1,-1,1,-1,1,1,1,1,1,-1,1,1,-1,-1,-1,1,-1,1,1,-1,1,1,1,-1,1,-1,1,1,-1,1,1,1,1,1,1,1,1,1,1,-1,1,-1,-1,-1,1,-1,1,-1,-1,1,1,-1,-1,-1,-1,1,1,-1,-1,-1,-1,1,-1,1,-1,1,-1,1,1,-1,1,-1,1,-1,1,-1,1,-1,-1,-1,-1,-1,1,-1,1,-1,1,-1,1,1,-1,-1,-1,-1,1,-1,-1,1,-1,1,-1,-1,-1,1,1,-1,-1,1,-1,-1,-1,1,1,-1,1,-1,-1,-1,-1,1,1,-1,1,-1,-1,1,-1,-1,1,-1,-1,-1,-1,-1,-1,-1,1,-1,1,-1,1,-1,1,-1,-1,1,1,-196.08358558015493,1
422,-1,1,-1,-1,-1,-1,-1,-1,-1,1,-1,1,1,-1,1,1,1,1,1,1,-1,1,-1,-1,-1,-1,1,1,-1,1,-1,1,1,1,1,1,-1,-1,-1,-1,1,1,1,1,1,1,-1,-1,1,-1,1,1,-1,-1,-1,1,-1,1,1,-1,1,1,1,-1,-1,-1,-1,1,1,1,-1,1,-1,1,-1,1,1,-1,-1,1,-1,-1,1,1,1,-1,-1,1,-1,1,-1,-1,1,1,-1,1,1,-1,1,1,1,1,1,1,-1,1,1,-1,1,1,-1,1,1,-1,-1,1,1,-1,1,1,-1,-1,-1,-1,1,1,1,1,-1,-1,1,-1,1,-1,1,-1,1,1,-1,1,-1,1,1,-1,-1,1,-1,-1,-1,-1,-1,1,-1,1,-1,1,-1,-1,1,-1,-1,-1,-1,1,-1,-1,-1,1,1,-1,-1,1,1,1,1,-1,1,-1,-1,-1,1,1,-1,1,-1,-1,1,1,-1,-1,1,1,1,-1,1,1,1,-1,1,1,-1,1,1,1,1,-1,1,-1,1,-1,-1,1,-1,1,-1,-1,-196.05236885959985,1
423,-1,1,-1,1,1,1,-1,-1,1,1,1,-1,1,-1,1,1,1,-1,1,1,-1,1,-1,1,-1,-1,1,1,-1,1,-1,1,1,1,-1,1,-1,-1,1,-1,1,-1,1,1,1,1,-1,1,-1,-1,1,1,-1,-1,-1,1,-1,-1,-1,1,1,1,1,-1,-1,-1,1,-1,1,1,-1,1,-1,1,1,1,1,1,-1,1,-1,-1,-1,-1,1,-1,1,1,-1,1,1,1,-1,1,-1,1,1,-1,1,1,1,1,1,1,1,-1,1,1,-1,1,-1,1,1,-1,-1,1,-1,-1,1,1,-1,-1,-1,-1,1,1,-1,-1,-1,-1,1,-1,1,-1,1,-1,1,-1,-1,1,-1,1,-1,1,-1,1,-1,-1,-1,-1,-1,1,-1,1,-1,-1,-1,1,1,-1,-1,-1,-1,1,-1,-1,1,-1,1,-1,-1,-1,1,1,1,-1,1,1,-1,-1,1,1,-1,1,-1,-1,-1,-1,1,1,-1,1,-1,-1,1,-1,-1,1,-1,-1,-1,-1,-1,-1,-1,1,-1,1,-1,1,1,-1,1,-1,1,1,-196.04287306332108,1
424,-1,1,-1,1,1,1,-1,-1,-1,1,1,-1,-1,1,-1,1,1,-1,1,1,-1,-1,-1,1,-1,-1,1,1,-1,1,-1,1,1,-1,-1,1,-1,-1,1,-1,1,-1,1,1,1,1,-1,1,-1,-1,1,1,-1,-1,-1,1,-1,-1,-1,1,1,1,1,-1,-1,-1,1,-1,1,1,-1,1,-1,1,1,1,1,1,-1,1,-1,-1,-1,-1,1,-1,1,1,-1,1,-1,1,1,1,-1,1,1,-1,1,1,1,1,1,1,1,-1,1,1,-1,1,-1,-1,-1,1,-1,1,-1,-1,1,1,-1,-1,-1,-1,1,1,-1,-1,-1,-1,1,-1,1,-1,1,-1,1,1,-1,1,-1,1,-1,1,-1,1,-1,-1,-1,-1,-1,1,-1,1,-1,-1,-1,1,1,-1,-1,-1,-1,1,-1,-1,1,-1,1,-1,-1,-1,1,1,1,-1,1,1,-1,-1,1,1,-1,1,-1,-1,-1,-1,1,1,-1,1,-1,-1,1,-1,-1,1,-1,-1,-1,-1,-1,-1,-1,1,-1,1,-1,1,1,1,-1,-1,1,1,-195.98405280631928,1
425,-1,1,-1,-1,-1,-1,-1,1,1,1,-1,-1,-1,1,-1,1,1,1,1,1,-1,1,-1,-1,-1,-1,1,-1,-1,1,1,1,1,1,-1,1,-1,-1,1,-1,1,-1,1,1,1,1,-1,1,1,-1,1,-1,-1,-1,-1,1,-1,-1,-1,1,1,1,1,-1,-1,-1,1,-1,1,1,-1,1,-1,1,1,1,1,1,-1,1,-1,-1,-1,-1,1,-1,1,1,-1,1,1,1,-1,1,-1,1,1,-1,1,1,1,1,1,1,1,1,1,1,1,1,-1,1,1,-1,1,1,-1,1,1,1,-1,-1,-1,-1,1,1,-1,-1,-1,-1,1,-1,1,-1,1,-1,1,-1,-1,1,-1,1,-1,1,-1,1,-1,-1,-1,-1,-1,1,-1,1,-1,-1,-1,1,1,-1,-1,-1,-1,1,-1,-1,1,-1,1,-1,-1,-1,1,1,-1,-1,1,-1,-1,-1,1,1,-1,1,-1,-1,-1,-1,1,-1,-1,1,-1,-1,1,-1,-1,1,-1,-1,-1,-1,-1,-1,-1,1,-1,1,-1,1,1,-1,1,-1,1,1,-195.83587016148158,1
426,-1,1,-1,-1,-1,-1,-1,1,1,1,-1,-1,-1,1,-1,-1,1,1,1,1,-1,1,-1,-1,-1,-1,1,1,-1,1,-1,1,1,-1,-1,1,-1,-1,-1,-1,1,1,1,1,1,1,-1,1,-1,-1,1,1,-1,-1,-1,1,-1,-1,-1,1,1,1,1,-1,-1,-1,-1,1,1,1,-1,1,-1,1,1,1,1,1,-1,1,-1,-1,-1,-1,1,-1,1,1,-1,1,-1,-1,-1,1,-1,1,1,-1,1,1,1,1,1,1,1,-1,1,1,-1,1,-1,-1,-1,1,-1,1,-1,-1,1,1,-1,-1,-1,-1,1,1,-1,-1,-1,-1,1,-1,1,-1,1,-1,1,1,-1,1,-1,1,-1,-1,-1,1,-1,-1,-1,-1,-1,1,-1,1,-1,1,-1,1,1,-1,-1,-1,-1,1,-1,-1,1,-1,1,-1,-1,-1,1,1,-1,-1,1,-1,-1,-1,1,1,-1,1,-1,-1,-1,-1,1,-1,-1,-1,1,-1,1,1,-1,1,1,-1,-1,1,-1,-1,-1,1,-1,1,-1,1,-1,-1,1,-1,1,1,-195.67684934158717,1
427,-1,1,-1,-1,-1,1,-1,1,1,1,-1,-1,-1,1,-1,1,1,1,1,1,-1,-1,-1,-1,-1,-1,1,1,-1,1,1,1,1,-1,-1,1,-1,-1,1,-1,1,-1,1,1,1,1,-1,1,-1,-1,1,1,-1,-1,-1,1,-1,-1,-1,1,1,1,1,-1,-1,-1,-1,1,1,1,-1,1,-1,1,1,1,1,1,-1,1,1,-1,-1,1,1,-1,-1,1,-1,1,-1,-1,-1,1,-1,1,1,-1,1,1,1,1,1,1,1,-1,1,1,-1,1,-1,-1,-1,1,-1,1,1,-1,1,1,-1,-1,-1,-1,1,1,-1,-1,-1,-1,1,-1,1,-1,1,-1,1,1,-1,1,-1,1,-1,-1,-1,1,-1,-1,-1,-1,-1,1,-1,1,-1,1,-1,1,1,-1,-1,-1,-1,1,-1,-1,1,-1,1,-1,-1,-1,1,1,-1,-1,1,-1,-1,-1,1,1,-1,1,-1,-1,-1,-1,1,-1,1,-1,-1,-1,1,-1,-1,1,-1,-1,1,-1,-1,-1,-1,1,-1,1,-1,1,-1,1,-1,-1,1,1,-195.64209964061203,1
428,-1,-1,1,1,1,1,-1,-1,-1,1,-1,-1,1,-1,1,1,1,-1,1,1,-1,-1,-1,1,-1,-1,1,1,-1,1,1,1,1,-1,-1,1,-1,-1,-1,-1,1,1,1,1,1,1,-1,1,-1,1,-1,1,-1,-1,-1,1,-1,1,1,-1,1,1,1,-1,-1,-1,-1,1,1,1,-1,1,-1,1,1,1,1,1,-1,1,-1,-1,-1,-1,1,-1,1,1,-1,1,-1,1,1,1,-1,1,1,-1,1,1,1,1,1,1,1,-1,1,1,-1,1,-1,-1,-1,1,-1,1,-1,-1,1,1,-1,-1,-1,-1,1,1,-1,-1,-1,-1,1,-1,1,-1,1,-1,1,1,-1,1,-1,1,1,1,-1,1,-1,-1,-1,-1,-1,1,-1,1,-1,-1,-1,-1,1,-1,-1,-1,-1,1,-1,-1,1,-1,1,-1,-1,1,1,1,1,-1,1,1,-1,-1,1,1,-1,1,-1,-1,-1,-1,1,-1,-1,1,1,-1,1,1,-1,1,1,-1,-1,1,-1,-1,1,-1,-1,1,1,-1,1,-1,1,-1,1,1,-195.44075377920976,1
429,-1,1,-1,-1,-1,1,-1,1,1,1,-1,-1,-1,1,-1,1,1,1,1,1,-1,1,-1,-1,-1,-1,1,-1,-1,1,-1,1,1,1,-1,1,-1,-1,1,-1,1,-1,1,1,1,1,-1,1,1,-1,1,-1,-1,-1,-1,1,-1,-1,-1,1,1,1,1,-1,-1,-1,1,-1,1,1,-1,1,-1,1,1,1,1,1,1,1,-1,1,-1,-1,1,-1,1,1,-1,1,1,1,-1,1,-1,1,1,-1,1,1,1,1,1,1,1,1,1,1,1,1,-1,1,1,-1,1,-1,-1,1,-1,1,-1,1,1,-1,1,1,-1,1,-1,-1,1,-1,1,-1,1,-1,1,-1,-1,1,-1,1,-1,1,-1,1,-1,-1,-1,-1,-1,1,-1,1,-1,1,-1,1,1,-1,-1,-1,-1,1,-1,-1,1,-1,1,-1,-1,-1,1,1,-1,-1,1,-1,-1,-1,1,1,-1,1,-1,-1,-1,-1,1,-1,-1,1,-1,-1,1,-1,-1,1,-1,-1,-1,-1,-1,-1,-1,1,-1,1,-1,1,-1,-1,1,-1,1,1,-194.11563500480915,1
