,602,603,604,617,618,619,632,633,634,647,648,649,662,663,664,677,678,679,692,693,694,707,708,709,722,723,724,737,738,739,752,753,754,767,768,769,782,783,784,797,798,799,812,813,814,827,828,829,842,843,844,857,858,859,872,873,874,887,888,889,902,903,904,917,918,919,932,933,934,947,948,949,962,963,964,977,978,979,992,993,994,1007,1008,1009,1022,1023,1024,1037,1038,1039,1052,1053,1054,1067,1068,1069,1082,1083,1084,1097,1098,1099,1112,1113,1114,1127,1128,1129,3363,3364,3365,3378,3379,3380,3393,3394,3395,3408,3409,3410,3423,3424,3425,3438,3439,3440,3453,3454,3455,3468,3469,3470,3483,3484,3485,3498,3499,3500,3513,3514,3515,3528,3529,3530,3543,3544,3545,3558,3559,3560,3573,3574,3575,3588,3589,3590,3603,3604,3605,3618,3619,3620,3633,3634,3635,3648,3649,3650,3663,3664,3665,3678,3679,3680,3693,3694,3695,3708,3709,3710,3723,3724,3725,3738,3739,3740,3753,3754,3755,3768,3769,3770,3783,3784,3785,3798,3799,3800,3813,3814,3815,3828,3829,3830,3843,3844,3845,3858,3859,3860,3873,3874,3875,3888,3889,3890,energy,num_occurrences
0,-1,1,-1,1,1,1,1,1,1,1,-1,1,1,1,1,1,1,1,-1,1,1,-1,-1,-1,1,1,-1,1,1,1,-1,-1,1,1,-1,1,1,1,-1,-1,1,-1,1,1,-1,1,1,-1,-1,1,1,-1,1,1,1,-1,-1,-1,1,-1,1,1,-1,1,1,-1,-1,-1,-1,-1,-1,1,1,1,1,-1,-1,-1,1,1,-1,-1,1,-1,-1,-1,-1,-1,1,-1,1,-1,-1,-1,-1,-1,1,-1,1,-1,1,-1,-1,1,-1,1,-1,-1,1,-1,1,-1,-1,1,-1,-1,1,-1,-1,-1,-1,-1,1,1,1,1,-1,-1,-1,1,1,1,-1,1,-1,-1,-1,1,1,-1,1,-1,1,-1,-1,-1,1,1,-1,-1,-1,-1,1,1,-1,1,-1,-1,-1,-1,-1,-1,1,-1,1,1,1,-1,1,-1,-1,1,-1,-1,1,1,-1,1,1,1,1,-1,1,-1,1,1,1,-1,-1,1,-1,1,1,-1,1,1,-1,-1,-1,1,1,-1,-1,-1,-1,-1,-1,1,1,-1,-1,1,-1,1,-1,1,-302.91075429773343,3
1,1,-1,1,-1,-1,-1,-1,-1,-1,-1,1,-1,-1,-1,-1,-1,-1,-1,1,-1,-1,1,1,1,-1,-1,1,-1,-1,-1,1,1,-1,-1,1,-1,-1,-1,1,1,-1,1,-1,-1,1,-1,-1,1,1,-1,-1,1,-1,-1,-1,1,1,1,-1,1,-1,-1,1,-1,-1,1,1,1,1,1,1,-1,-1,-1,-1,1,1,1,-1,-1,1,1,-1,1,1,1,1,1,-1,1,-1,1,1,1,1,1,-1,1,-1,1,-1,1,1,-1,1,-1,1,1,-1,1,-1,1,1,-1,1,1,-1,1,1,1,1,1,-1,-1,-1,-1,1,1,1,-1,-1,-1,1,-1,1,1,1,-1,-1,1,-1,1,-1,1,1,1,-1,-1,1,1,1,1,-1,-1,1,-1,1,1,1,1,1,1,-1,1,-1,-1,-1,1,-1,1,1,-1,1,1,-1,-1,1,-1,-1,-1,-1,1,-1,1,-1,-1,-1,1,1,-1,1,-1,-1,1,-1,-1,1,1,1,-1,-1,1,1,1,1,1,1,-1,-1,1,1,-1,1,-1,1,-1,-302.91075429773343,2
2,1,-1,1,-1,-1,-1,-1,-1,-1,-1,1,-1,-1,-1,-1,-1,-1,-1,1,-1,-1,1,1,1,-1,-1,1,-1,-1,-1,1,1,-1,-1,1,-1,-1,-1,1,1,-1,1,-1,-1,1,-1,-1,1,1,-1,-1,1,-1,-1,-1,1,1,1,-1,1,-1,-1,1,-1,-1,1,1,1,1,1,1,-1,-1,-1,-1,1,1,1,-1,-1,1,1,-1,1,1,1,1,1,-1,1,-1,1,1,1,1,1,-1,1,-1,1,-1,1,1,-1,1,-1,1,1,-1,1,-1,1,-1,-1,1,1,-1,1,1,1,1,1,-1,-1,-1,-1,1,1,1,-1,-1,-1,1,-1,1,1,1,-1,-1,1,-1,1,-1,1,1,1,-1,-1,1,1,1,1,-1,-1,1,-1,1,1,1,1,1,1,-1,1,-1,-1,-1,1,-1,1,1,-1,1,1,-1,-1,1,-1,-1,-1,-1,1,-1,1,-1,-1,-1,1,1,-1,1,-1,-1,1,-1,-1,1,1,1,-1,-1,1,1,1,1,1,1,-1,-1,1,1,-1,1,-1,1,-1,-302.9018557198484,3
3,-1,1,-1,1,1,1,1,1,1,1,-1,1,1,1,1,1,1,1,-1,1,1,-1,-1,-1,1,1,-1,1,1,1,-1,-1,1,1,-1,1,1,1,-1,-1,1,-1,1,1,-1,1,1,-1,-1,1,1,-1,1,1,1,-1,-1,-1,1,-1,1,1,-1,1,1,-1,-1,-1,-1,-1,-1,1,1,1,1,-1,-1,-1,1,1,-1,-1,1,-1,-1,-1,-1,-1,1,-1,1,-1,-1,-1,-1,-1,1,-1,1,-1,1,-1,-1,1,-1,1,-1,-1,1,-1,1,-1,1,1,-1,-1,1,-1,-1,-1,-1,-1,1,1,1,1,-1,-1,-1,1,1,1,-1,1,-1,-1,-1,1,1,-1,1,-1,1,-1,-1,-1,1,1,-1,-1,-1,-1,1,1,-1,1,-1,-1,-1,-1,-1,-1,1,-1,1,1,1,-1,1,-1,-1,1,-1,-1,1,1,-1,1,1,1,1,-1,1,-1,1,1,1,-1,-1,1,-1,1,1,-1,1,1,-1,-1,-1,1,1,-1,-1,-1,-1,-1,-1,1,1,-1,-1,1,-1,1,-1,1,-302.9018557198484,7
4,-1,1,-1,1,1,-1,1,1,-1,1,-1,-1,1,-1,-1,1,1,1,-1,1,-1,-1,-1,-1,1,1,-1,1,1,1,-1,-1,1,1,-1,-1,1,1,-1,-1,1,-1,1,1,-1,1,1,-1,-1,1,1,-1,1,1,1,-1,-1,-1,1,-1,1,1,-1,1,1,-1,-1,-1,-1,-1,-1,1,1,1,1,-1,-1,-1,1,1,-1,-1,1,-1,-1,-1,-1,-1,1,-1,1,-1,-1,-1,-1,-1,1,-1,1,-1,1,-1,-1,1,-1,1,-1,-1,1,-1,1,-1,-1,1,-1,-1,1,-1,-1,-1,-1,-1,1,1,1,1,-1,-1,-1,1,1,1,-1,1,-1,-1,-1,1,1,-1,1,-1,1,-1,-1,-1,1,1,-1,-1,-1,-1,1,1,-1,1,-1,-1,-1,-1,-1,-1,1,-1,1,1,1,-1,1,-1,-1,1,-1,-1,1,1,-1,1,1,1,1,-1,1,-1,1,1,1,-1,-1,1,-1,1,-1,-1,1,-1,-1,-1,-1,1,1,-1,-1,-1,1,-1,-1,1,1,-1,-1,1,-1,-1,1,1,-302.8684871010298,43
5,1,-1,1,-1,-1,1,-1,-1,1,-1,1,1,-1,1,1,-1,-1,-1,1,-1,1,1,1,1,-1,-1,1,-1,-1,-1,1,1,-1,-1,1,1,-1,-1,1,1,-1,1,-1,-1,1,-1,-1,1,1,-1,-1,1,-1,-1,-1,1,1,1,-1,1,-1,-1,1,-1,-1,1,1,1,1,1,1,-1,-1,-1,-1,1,1,1,-1,-1,1,1,-1,1,1,1,1,1,-1,1,-1,1,1,1,1,1,-1,1,-1,1,-1,1,1,-1,1,-1,1,1,-1,1,-1,1,1,-1,1,1,-1,1,1,1,1,1,-1,-1,-1,-1,1,1,1,-1,-1,-1,1,-1,1,1,1,-1,-1,1,-1,1,-1,1,1,1,-1,-1,1,1,1,1,-1,-1,1,-1,1,1,1,1,1,1,-1,1,-1,-1,-1,1,-1,1,1,-1,1,1,-1,-1,1,-1,-1,-1,-1,1,-1,1,-1,-1,-1,1,1,-1,1,-1,1,1,-1,1,1,1,1,-1,-1,1,1,1,-1,1,1,-1,-1,1,1,-1,1,1,-1,-1,-302.8684871010298,14
6,-1,1,-1,1,1,-1,1,1,-1,1,-1,-1,1,-1,-1,1,1,1,-1,1,-1,-1,-1,-1,1,1,-1,1,1,1,-1,-1,1,1,-1,-1,1,1,-1,-1,1,-1,1,1,-1,1,1,-1,-1,1,1,-1,1,1,1,-1,-1,-1,1,-1,1,1,-1,1,1,-1,-1,-1,-1,-1,-1,1,1,1,1,-1,-1,-1,1,1,-1,-1,1,-1,-1,-1,-1,-1,1,-1,1,-1,-1,-1,-1,-1,1,-1,1,-1,1,-1,-1,1,-1,1,-1,-1,1,-1,1,-1,1,1,-1,-1,1,-1,-1,-1,-1,-1,1,1,1,1,-1,-1,-1,1,1,1,-1,1,-1,-1,-1,1,1,-1,1,-1,1,-1,-1,-1,1,1,-1,-1,-1,-1,1,1,-1,1,-1,-1,-1,-1,-1,-1,1,-1,1,1,1,-1,1,-1,-1,1,-1,-1,1,1,-1,1,1,1,1,-1,1,-1,1,1,1,-1,-1,1,-1,1,-1,-1,1,-1,-1,-1,-1,1,1,-1,-1,-1,1,-1,-1,1,1,-1,-1,1,-1,-1,1,1,-302.8595885231448,48
7,1,-1,1,-1,-1,1,-1,-1,1,-1,1,1,-1,1,1,-1,-1,-1,1,-1,1,1,1,1,-1,-1,1,-1,-1,-1,1,1,-1,-1,1,1,-1,-1,1,1,-1,1,-1,-1,1,-1,-1,1,1,-1,-1,1,-1,-1,-1,1,1,1,-1,1,-1,-1,1,-1,-1,1,1,1,1,1,1,-1,-1,-1,-1,1,1,1,-1,-1,1,1,-1,1,1,1,1,1,-1,1,-1,1,1,1,1,1,-1,1,-1,1,-1,1,1,-1,1,-1,1,1,-1,1,-1,1,-1,-1,1,1,-1,1,1,1,1,1,-1,-1,-1,-1,1,1,1,-1,-1,-1,1,-1,1,1,1,-1,-1,1,-1,1,-1,1,1,1,-1,-1,1,1,1,1,-1,-1,1,-1,1,1,1,1,1,1,-1,1,-1,-1,-1,1,-1,1,1,-1,1,1,-1,-1,1,-1,-1,-1,-1,1,-1,1,-1,-1,-1,1,1,-1,1,-1,1,1,-1,1,1,1,1,-1,-1,1,1,1,-1,1,1,-1,-1,1,1,-1,1,1,-1,-1,-302.8595885231448,10
8,-1,1,-1,1,1,1,1,1,1,1,-1,1,1,1,1,1,1,1,-1,1,1,-1,-1,-1,1,1,-1,1,1,1,-1,-1,1,1,-1,1,1,1,-1,-1,1,-1,1,1,-1,1,1,-1,-1,1,1,-1,1,1,1,-1,-1,-1,1,-1,1,1,-1,1,1,-1,-1,-1,-1,-1,-1,1,1,1,1,-1,-1,-1,1,1,-1,-1,1,-1,-1,-1,-1,-1,1,-1,1,-1,-1,-1,-1,-1,1,-1,1,-1,1,-1,-1,1,-1,1,-1,-1,1,-1,1,-1,-1,1,-1,-1,1,-1,-1,-1,-1,-1,1,1,1,1,-1,-1,-1,1,1,1,-1,1,-1,-1,-1,1,1,-1,1,-1,1,-1,-1,-1,1,1,-1,-1,-1,-1,1,1,-1,1,-1,-1,-1,-1,-1,-1,1,-1,1,1,1,-1,1,-1,-1,1,-1,-1,1,1,-1,1,1,1,1,-1,1,-1,1,1,1,-1,-1,1,-1,1,1,-1,1,1,-1,-1,-1,1,1,-1,-1,-1,-1,-1,-1,1,1,-1,-1,1,-1,1,-1,-1,-302.8307087386337,2
9,1,-1,1,-1,-1,-1,-1,-1,-1,-1,1,-1,-1,-1,-1,-1,-1,-1,1,-1,-1,1,1,1,-1,-1,1,-1,-1,-1,1,1,-1,-1,1,-1,-1,-1,1,1,-1,1,-1,-1,1,-1,-1,1,1,-1,-1,1,-1,-1,-1,1,1,1,-1,1,-1,-1,1,-1,-1,1,1,1,1,1,1,-1,-1,-1,-1,1,1,1,-1,-1,1,1,-1,1,1,1,1,1,-1,1,-1,1,1,1,1,1,-1,1,-1,1,-1,1,1,-1,1,-1,1,1,-1,1,-1,1,-1,-1,1,1,-1,1,1,1,1,1,-1,-1,-1,-1,1,1,1,-1,-1,-1,1,-1,1,1,1,-1,-1,1,-1,1,-1,1,1,1,-1,-1,1,1,1,1,-1,-1,1,-1,1,1,1,1,1,1,-1,1,-1,-1,-1,1,-1,1,1,-1,1,1,-1,-1,1,-1,-1,-1,-1,1,-1,1,-1,-1,-1,1,1,-1,1,-1,-1,1,-1,-1,1,1,1,-1,-1,1,1,1,1,1,1,-1,-1,1,1,-1,1,-1,1,1,-302.82181016074867,1
10,-1,1,-1,1,1,1,1,1,1,1,-1,1,1,1,1,1,1,1,-1,1,1,-1,-1,-1,1,1,-1,1,1,1,-1,-1,1,1,-1,1,1,1,-1,-1,1,-1,1,1,-1,1,1,-1,-1,1,1,-1,1,1,1,-1,-1,-1,1,-1,1,1,-1,1,1,-1,-1,-1,-1,-1,-1,1,1,1,1,-1,-1,-1,1,1,-1,-1,1,-1,-1,-1,-1,-1,1,-1,1,-1,-1,-1,-1,-1,1,-1,1,-1,1,-1,-1,1,-1,1,-1,-1,1,-1,1,-1,1,1,-1,-1,1,-1,-1,-1,-1,-1,1,1,1,1,-1,-1,-1,1,1,1,-1,1,-1,-1,-1,1,1,-1,1,-1,1,-1,-1,-1,1,1,-1,-1,-1,-1,1,1,-1,1,-1,-1,-1,-1,-1,-1,1,-1,1,1,1,-1,1,-1,-1,1,-1,-1,1,1,-1,1,1,1,1,-1,1,-1,1,1,1,-1,-1,1,-1,1,1,-1,1,1,-1,-1,-1,1,1,-1,-1,-1,-1,-1,-1,1,1,-1,-1,1,-1,1,-1,-1,-302.82181016074867,3
11,1,-1,1,-1,-1,-1,-1,-1,-1,-1,1,-1,-1,-1,-1,-1,-1,-1,1,-1,-1,1,1,1,-1,-1,1,-1,-1,-1,1,1,-1,-1,1,-1,-1,-1,1,1,-1,1,-1,-1,1,-1,-1,1,1,-1,-1,1,-1,-1,-1,1,1,1,-1,1,-1,-1,1,-1,-1,1,-1,-1,1,1,-1,-1,-1,-1,-1,1,1,1,-1,-1,1,1,-1,1,-1,1,1,-1,-1,1,-1,1,1,-1,1,1,-1,-1,-1,1,1,1,1,-1,1,-1,-1,1,-1,1,-1,1,-1,-1,1,1,1,1,1,1,1,1,-1,-1,-1,-1,1,1,-1,-1,-1,1,1,-1,-1,1,1,-1,-1,1,-1,1,-1,1,1,1,-1,-1,1,1,1,1,-1,-1,1,1,1,1,1,1,1,1,-1,1,-1,-1,-1,1,-1,1,1,-1,1,1,-1,-1,1,-1,-1,-1,-1,1,-1,1,-1,-1,-1,1,1,-1,1,-1,-1,1,-1,-1,1,1,1,-1,-1,1,1,1,1,1,1,-1,-1,1,1,-1,1,-1,1,-1,-302.72531773318303,3
12,-1,1,-1,1,1,-1,1,1,-1,1,-1,-1,1,-1,-1,1,1,1,-1,1,-1,-1,-1,-1,1,1,-1,1,1,1,-1,-1,1,1,-1,-1,1,1,-1,-1,1,-1,1,1,-1,1,1,-1,-1,1,1,-1,1,1,1,-1,-1,-1,1,-1,1,1,-1,1,1,-1,1,1,-1,-1,1,1,1,1,1,-1,-1,-1,1,1,-1,-1,1,-1,1,-1,-1,1,1,-1,1,-1,-1,1,-1,-1,1,1,1,-1,-1,-1,-1,1,-1,1,1,-1,1,-1,1,-1,1,1,-1,-1,-1,-1,-1,-1,-1,-1,1,1,1,1,-1,-1,1,1,1,-1,-1,1,1,-1,-1,1,1,-1,1,-1,1,-1,-1,-1,1,1,-1,-1,-1,-1,1,1,-1,-1,-1,-1,-1,-1,-1,-1,1,-1,1,1,1,-1,1,-1,-1,1,-1,-1,1,1,-1,1,1,1,1,-1,1,-1,1,1,1,-1,-1,1,-1,1,-1,-1,1,-1,-1,-1,-1,1,1,-1,-1,-1,1,-1,-1,1,1,-1,-1,1,-1,-1,1,1,-302.68305053647936,32
13,1,-1,1,-1,-1,1,-1,-1,1,-1,1,1,-1,1,1,-1,-1,-1,1,-1,1,1,1,1,-1,-1,1,-1,-1,-1,1,1,-1,-1,1,1,-1,-1,1,1,-1,1,-1,-1,1,-1,-1,1,1,-1,-1,1,-1,-1,-1,1,1,1,-1,1,-1,-1,1,-1,-1,1,-1,-1,1,1,-1,-1,-1,-1,-1,1,1,1,-1,-1,1,1,-1,1,-1,1,1,-1,-1,1,-1,1,1,-1,1,1,-1,-1,-1,1,1,1,1,-1,1,-1,-1,1,-1,1,-1,1,-1,-1,1,1,1,1,1,1,1,1,-1,-1,-1,-1,1,1,-1,-1,-1,1,1,-1,-1,1,1,-1,-1,1,-1,1,-1,1,1,1,-1,-1,1,1,1,1,-1,-1,1,1,1,1,1,1,1,1,-1,1,-1,-1,-1,1,-1,1,1,-1,1,1,-1,-1,1,-1,-1,-1,-1,1,-1,1,-1,-1,-1,1,1,-1,1,-1,1,1,-1,1,1,1,1,-1,-1,1,1,1,-1,1,1,-1,-1,1,1,-1,1,1,-1,-1,-302.68305053647936,8
14,1,-1,1,-1,-1,1,-1,-1,1,-1,1,1,-1,1,1,-1,-1,-1,1,-1,1,1,1,1,-1,-1,1,-1,-1,-1,1,1,-1,-1,1,1,-1,-1,1,1,-1,1,-1,-1,1,-1,-1,1,1,-1,-1,1,-1,-1,-1,1,1,1,-1,1,-1,-1,1,-1,-1,1,1,1,1,1,1,-1,-1,-1,-1,1,1,1,-1,-1,1,1,-1,1,1,1,1,1,-1,1,-1,1,1,1,1,1,-1,1,-1,1,-1,1,1,-1,1,-1,1,1,-1,1,-1,1,1,-1,1,1,-1,1,1,1,1,1,-1,-1,-1,-1,1,1,1,-1,-1,-1,1,-1,1,1,1,-1,-1,1,-1,1,-1,1,1,1,-1,-1,1,1,1,1,-1,-1,1,-1,1,1,1,1,1,1,-1,1,-1,-1,-1,1,-1,1,1,-1,1,1,-1,-1,1,-1,-1,-1,-1,1,-1,1,-1,-1,-1,1,1,-1,1,-1,1,1,-1,1,1,1,1,-1,-1,1,1,1,-1,1,1,-1,-1,1,1,-1,1,1,-1,1,-302.6554399642132,4
15,-1,1,-1,1,1,-1,1,1,-1,1,-1,-1,1,-1,-1,1,1,1,-1,1,-1,-1,-1,-1,1,1,-1,1,1,1,-1,-1,1,1,-1,-1,1,1,-1,-1,1,-1,1,1,-1,1,1,-1,-1,1,1,-1,1,1,1,-1,-1,-1,1,-1,1,1,-1,1,1,-1,-1,-1,-1,-1,-1,1,1,1,1,-1,-1,-1,1,1,-1,-1,1,-1,-1,-1,-1,-1,1,-1,1,-1,-1,-1,-1,-1,1,-1,1,-1,1,-1,-1,1,-1,1,-1,-1,1,-1,1,-1,-1,1,-1,-1,1,-1,-1,-1,-1,-1,1,1,1,1,-1,-1,-1,1,1,1,-1,1,-1,-1,-1,1,1,-1,1,-1,1,-1,-1,-1,1,1,-1,-1,-1,-1,1,1,-1,1,-1,-1,-1,-1,-1,-1,1,-1,1,1,1,-1,1,-1,-1,1,-1,-1,1,1,-1,1,1,1,1,-1,1,-1,1,1,1,-1,-1,1,-1,1,-1,-1,1,-1,-1,-1,-1,1,1,-1,-1,-1,1,-1,-1,1,1,-1,-1,1,-1,-1,1,-1,-302.6554399642132,9
16,-1,1,-1,1,1,-1,1,1,-1,1,-1,-1,1,-1,-1,1,1,1,-1,1,-1,-1,-1,-1,1,1,-1,1,1,1,-1,-1,1,1,-1,-1,1,1,-1,-1,1,-1,1,1,-1,1,1,-1,-1,1,1,-1,1,1,1,-1,-1,-1,1,-1,1,1,-1,1,1,-1,-1,-1,-1,-1,-1,1,1,1,1,-1,-1,-1,1,1,-1,-1,1,-1,-1,-1,-1,-1,1,-1,1,-1,-1,-1,-1,-1,1,-1,1,-1,1,-1,-1,1,-1,1,-1,-1,1,-1,1,-1,1,1,-1,-1,1,-1,-1,-1,-1,-1,1,1,1,1,-1,-1,-1,1,1,1,-1,1,-1,-1,-1,1,1,-1,1,-1,1,-1,-1,-1,1,1,-1,-1,-1,-1,1,1,-1,1,-1,-1,-1,-1,-1,-1,1,-1,1,1,1,-1,1,-1,-1,1,-1,-1,1,1,-1,1,1,1,1,-1,1,-1,1,1,1,-1,-1,1,-1,1,-1,-1,1,-1,-1,-1,-1,1,1,-1,-1,-1,1,-1,-1,1,1,-1,-1,1,-1,-1,1,-1,-302.6465413863282,11
17,1,-1,1,-1,-1,1,-1,-1,1,-1,1,1,-1,1,1,-1,-1,-1,1,-1,1,1,1,1,-1,-1,1,-1,-1,-1,1,1,-1,-1,1,1,-1,-1,1,1,-1,1,-1,-1,1,-1,-1,1,1,-1,-1,1,-1,-1,-1,1,1,1,-1,1,-1,-1,1,-1,-1,1,1,1,1,1,1,-1,-1,-1,-1,1,1,1,-1,-1,1,1,-1,1,1,1,1,1,-1,1,-1,1,1,1,1,1,-1,1,-1,1,-1,1,1,-1,1,-1,1,1,-1,1,-1,1,-1,-1,1,1,-1,1,1,1,1,1,-1,-1,-1,-1,1,1,1,-1,-1,-1,1,-1,1,1,1,-1,-1,1,-1,1,-1,1,1,1,-1,-1,1,1,1,1,-1,-1,1,-1,1,1,1,1,1,1,-1,1,-1,-1,-1,1,-1,1,1,-1,1,1,-1,-1,1,-1,-1,-1,-1,1,-1,1,-1,-1,-1,1,1,-1,1,-1,1,1,-1,1,1,1,1,-1,-1,1,1,1,-1,1,1,-1,-1,1,1,-1,1,1,-1,1,-302.6465413863282,2
18,-1,1,-1,1,1,1,1,1,1,1,-1,1,1,1,1,1,1,1,-1,1,1,-1,-1,-1,1,1,-1,1,1,1,-1,-1,1,1,-1,1,1,1,-1,-1,1,-1,1,1,-1,1,1,-1,-1,1,1,-1,1,1,1,-1,-1,-1,1,-1,1,1,-1,1,1,-1,1,1,-1,-1,1,1,1,1,1,-1,-1,-1,1,1,-1,-1,1,-1,1,-1,-1,1,1,-1,1,-1,-1,1,-1,-1,1,1,1,-1,-1,-1,-1,1,-1,1,1,-1,1,-1,1,-1,1,1,-1,-1,-1,-1,-1,-1,-1,-1,1,1,1,1,-1,-1,1,1,1,-1,-1,1,1,-1,-1,1,1,-1,1,-1,1,-1,-1,-1,1,1,-1,-1,-1,-1,1,1,-1,-1,-1,-1,-1,-1,-1,-1,1,-1,1,1,1,-1,1,-1,-1,1,-1,-1,1,1,-1,1,1,1,1,-1,1,-1,1,1,1,-1,-1,1,-1,1,1,-1,1,1,-1,-1,-1,1,1,-1,-1,-1,-1,-1,-1,1,1,-1,-1,1,-1,1,-1,-1,-302.6452721740833,2
19,1,-1,1,-1,-1,1,-1,-1,1,-1,1,1,-1,-1,-1,-1,-1,1,1,-1,-1,1,1,1,-1,-1,1,-1,-1,-1,1,1,-1,-1,1,-1,-1,-1,1,1,-1,1,-1,-1,1,-1,-1,1,1,-1,-1,1,-1,-1,-1,1,1,1,-1,1,-1,-1,1,-1,-1,1,1,1,1,1,1,-1,-1,-1,-1,1,1,1,-1,-1,1,1,-1,1,1,1,1,1,-1,1,-1,1,1,1,1,1,-1,1,-1,1,-1,1,1,-1,1,-1,1,1,-1,1,-1,1,1,-1,1,1,-1,1,1,1,1,1,-1,-1,-1,-1,1,1,1,-1,-1,-1,1,-1,1,1,1,-1,-1,1,-1,1,-1,1,1,1,-1,-1,1,1,1,1,-1,-1,1,-1,1,1,1,1,1,1,-1,1,-1,-1,-1,1,-1,1,1,-1,1,1,-1,-1,1,-1,-1,-1,-1,1,-1,1,-1,-1,-1,1,1,-1,1,-1,1,1,-1,-1,1,1,1,-1,-1,1,1,1,-1,1,1,1,-1,1,1,-1,1,1,-1,-1,-302.5484651237095,1
20,-1,1,-1,1,1,-1,1,1,-1,1,-1,-1,1,1,1,1,1,-1,-1,1,1,-1,-1,-1,1,1,-1,1,1,1,-1,-1,1,1,-1,1,1,1,-1,-1,1,-1,1,1,-1,1,1,-1,-1,1,1,-1,1,1,1,-1,-1,-1,1,-1,1,1,-1,1,1,-1,-1,-1,-1,-1,-1,1,1,1,1,-1,-1,-1,1,1,-1,-1,1,-1,-1,-1,-1,-1,1,-1,1,-1,-1,-1,-1,-1,1,-1,1,-1,1,-1,-1,1,-1,1,-1,-1,1,-1,1,-1,-1,1,-1,-1,1,-1,-1,-1,-1,-1,1,1,1,1,-1,-1,-1,1,1,1,-1,1,-1,-1,-1,1,1,-1,1,-1,1,-1,-1,-1,1,1,-1,-1,-1,-1,1,1,-1,1,-1,-1,-1,-1,-1,-1,1,-1,1,1,1,-1,1,-1,-1,1,-1,-1,1,1,-1,1,1,1,1,-1,1,-1,1,1,1,-1,-1,1,-1,1,-1,-1,1,1,-1,-1,-1,1,1,-1,-1,-1,1,-1,-1,-1,1,-1,-1,1,-1,-1,1,1,-302.5484651237095,3
21,1,-1,1,-1,-1,1,-1,-1,1,-1,1,1,-1,-1,-1,-1,-1,1,1,-1,-1,1,1,1,-1,-1,1,-1,-1,-1,1,1,-1,-1,1,-1,-1,-1,1,1,-1,1,-1,-1,1,-1,-1,1,1,-1,-1,1,-1,-1,-1,1,1,1,-1,1,-1,-1,1,-1,-1,1,1,1,1,1,1,-1,-1,-1,-1,1,1,1,-1,-1,1,1,-1,1,1,1,1,1,-1,1,-1,1,1,1,1,1,-1,1,-1,1,-1,1,1,-1,1,-1,1,1,-1,1,-1,1,-1,-1,1,1,-1,1,1,1,1,1,-1,-1,-1,-1,1,1,1,-1,-1,-1,1,-1,1,1,1,-1,-1,1,-1,1,-1,1,1,1,-1,-1,1,1,1,1,-1,-1,1,-1,1,1,1,1,1,1,-1,1,-1,-1,-1,1,-1,1,1,-1,1,1,-1,-1,1,-1,-1,-1,-1,1,-1,1,-1,-1,-1,1,1,-1,1,-1,1,1,-1,-1,1,1,1,-1,-1,1,1,1,-1,1,1,1,-1,1,1,-1,1,1,-1,-1,-302.5395665458245,1
22,-1,1,-1,1,1,-1,1,1,-1,1,-1,-1,1,-1,-1,1,1,1,-1,1,-1,-1,-1,-1,1,1,-1,1,1,1,-1,-1,1,1,-1,-1,1,1,-1,-1,1,-1,1,1,-1,1,1,-1,-1,1,1,-1,1,1,1,-1,-1,-1,1,-1,1,1,-1,1,1,-1,-1,-1,-1,-1,-1,1,1,1,1,-1,-1,-1,1,1,-1,-1,1,-1,-1,-1,-1,1,1,-1,1,-1,-1,-1,-1,-1,1,-1,1,-1,1,-1,-1,1,-1,1,-1,-1,1,-1,1,-1,1,1,-1,-1,1,-1,-1,-1,-1,-1,1,1,1,1,-1,-1,-1,1,1,1,-1,1,-1,-1,-1,1,1,-1,1,-1,1,-1,-1,-1,1,1,-1,-1,-1,-1,1,1,-1,1,-1,-1,-1,-1,-1,-1,1,-1,1,1,1,-1,1,-1,-1,1,-1,-1,1,1,-1,1,1,1,1,-1,1,-1,1,1,1,-1,-1,1,-1,1,-1,-1,1,-1,-1,-1,-1,1,1,-1,-1,-1,1,-1,-1,1,1,-1,-1,1,-1,-1,1,1,-302.5285618832756,8
23,1,-1,1,-1,-1,1,-1,-1,1,-1,1,1,-1,1,1,-1,-1,-1,1,-1,-1,1,1,1,-1,-1,1,-1,-1,-1,1,1,-1,-1,1,1,-1,-1,1,1,-1,1,-1,-1,1,-1,-1,1,1,-1,-1,1,-1,-1,-1,1,1,1,-1,1,-1,-1,1,-1,-1,1,1,1,1,1,1,-1,-1,-1,-1,1,1,1,-1,-1,1,1,-1,1,1,1,1,1,-1,1,-1,1,1,1,1,1,-1,1,-1,1,-1,1,1,-1,1,-1,1,1,-1,1,-1,1,1,-1,1,1,-1,1,1,1,1,1,-1,-1,-1,-1,1,1,1,-1,-1,-1,1,-1,1,1,1,-1,-1,1,-1,1,-1,1,1,1,-1,-1,1,1,1,1,-1,-1,1,-1,1,1,1,1,1,1,-1,1,-1,-1,-1,1,-1,1,1,-1,1,1,-1,-1,1,-1,-1,-1,-1,1,-1,1,-1,-1,-1,1,1,-1,1,-1,1,1,-1,1,1,1,1,-1,-1,1,1,1,-1,1,1,-1,-1,1,1,-1,1,1,-1,-1,-302.52265177393184,3
24,-1,1,-1,1,1,-1,1,1,-1,1,-1,-1,1,-1,-1,1,1,1,-1,1,1,-1,-1,-1,1,1,-1,1,1,1,-1,-1,1,1,-1,-1,1,1,-1,-1,1,-1,1,1,-1,1,1,-1,-1,1,1,-1,1,1,1,-1,-1,-1,1,-1,1,1,-1,1,1,-1,-1,-1,-1,-1,-1,1,1,1,1,-1,-1,-1,1,1,-1,-1,1,-1,-1,-1,-1,-1,1,-1,1,-1,-1,-1,-1,-1,1,-1,1,-1,1,-1,-1,1,-1,1,-1,-1,1,-1,1,-1,-1,1,-1,-1,1,-1,-1,-1,-1,-1,1,1,1,1,-1,-1,-1,1,1,1,-1,1,-1,-1,-1,1,1,-1,1,-1,1,-1,-1,-1,1,1,-1,-1,-1,-1,1,1,-1,1,-1,-1,-1,-1,-1,-1,1,-1,1,1,1,-1,1,-1,-1,1,-1,-1,1,1,-1,1,1,1,1,-1,1,-1,1,1,1,-1,-1,1,-1,1,-1,-1,1,-1,-1,-1,-1,1,1,-1,-1,-1,1,-1,-1,1,1,-1,-1,1,-1,-1,1,1,-302.52265177393184,3
25,-1,1,-1,1,1,-1,1,1,-1,1,-1,-1,1,-1,-1,1,1,1,-1,1,-1,-1,-1,-1,1,1,-1,1,1,1,-1,-1,1,1,-1,-1,1,1,-1,-1,1,-1,1,1,-1,1,1,-1,-1,1,1,-1,1,1,1,-1,-1,-1,1,-1,1,1,-1,1,1,-1,-1,-1,-1,-1,-1,1,1,1,1,-1,-1,-1,1,1,-1,-1,1,-1,-1,-1,-1,-1,1,-1,1,-1,-1,-1,-1,-1,1,-1,1,-1,1,-1,-1,1,-1,1,-1,-1,1,-1,1,-1,-1,1,-1,-1,1,-1,-1,-1,-1,-1,1,1,1,1,-1,-1,-1,1,1,1,-1,1,-1,-1,-1,1,1,-1,1,-1,1,-1,-1,-1,1,1,-1,-1,-1,-1,1,1,-1,1,-1,-1,-1,-1,-1,-1,1,-1,1,1,1,-1,1,-1,-1,-1,-1,-1,1,1,-1,1,1,1,1,-1,1,-1,1,1,1,-1,-1,1,-1,1,-1,-1,1,-1,-1,-1,-1,1,1,-1,-1,-1,1,-1,-1,1,1,-1,-1,1,-1,-1,1,1,-302.5214256542182,3
26,1,-1,1,-1,-1,1,-1,-1,1,-1,1,1,-1,1,1,-1,-1,-1,1,-1,1,1,1,1,-1,-1,1,-1,-1,-1,1,1,-1,-1,1,1,-1,-1,1,1,-1,1,-1,-1,1,-1,-1,1,1,-1,-1,1,-1,-1,-1,1,1,1,-1,1,-1,-1,1,-1,-1,1,1,1,1,1,1,-1,-1,-1,-1,1,1,1,-1,-1,1,1,-1,1,1,1,1,1,-1,1,-1,1,1,1,1,1,-1,1,-1,1,-1,1,1,-1,1,-1,1,1,-1,1,-1,1,1,-1,1,1,-1,1,1,1,1,1,-1,-1,-1,-1,1,1,1,-1,-1,-1,1,-1,1,1,1,-1,-1,1,-1,1,-1,1,1,1,-1,-1,1,1,1,1,-1,-1,1,-1,1,1,1,1,1,1,-1,1,-1,-1,-1,1,-1,1,1,1,1,1,-1,-1,1,-1,-1,-1,-1,1,-1,1,-1,-1,-1,1,1,-1,1,-1,1,1,-1,1,1,1,1,-1,-1,1,1,1,-1,1,1,-1,-1,1,1,-1,1,1,-1,-1,-302.5214256542182,3
27,1,-1,1,-1,-1,1,-1,-1,1,-1,1,1,-1,1,1,-1,-1,-1,1,-1,-1,1,1,1,-1,-1,1,-1,-1,-1,1,1,-1,-1,1,1,-1,-1,1,1,-1,1,-1,-1,1,-1,-1,1,1,-1,-1,1,-1,-1,-1,1,1,1,-1,1,-1,-1,1,-1,-1,1,1,1,1,1,1,-1,-1,-1,-1,1,1,1,-1,-1,1,1,-1,1,1,1,1,1,-1,1,-1,1,1,1,1,1,-1,1,-1,1,-1,1,1,-1,1,-1,1,1,-1,1,-1,1,-1,-1,1,1,-1,1,1,1,1,1,-1,-1,-1,-1,1,1,1,-1,-1,-1,1,-1,1,1,1,-1,-1,1,-1,1,-1,1,1,1,-1,-1,1,1,1,1,-1,-1,1,-1,1,1,1,1,1,1,-1,1,-1,-1,-1,1,-1,1,1,-1,1,1,-1,-1,1,-1,-1,-1,-1,1,-1,1,-1,-1,-1,1,1,-1,1,-1,1,1,-1,1,1,1,1,-1,-1,1,1,1,-1,1,1,-1,-1,1,1,-1,1,1,-1,-1,-302.5137531960468,3
28,-1,1,-1,1,1,-1,1,1,-1,1,-1,-1,1,-1,-1,1,1,1,-1,1,1,-1,-1,-1,1,1,-1,1,1,1,-1,-1,1,1,-1,-1,1,1,-1,-1,1,-1,1,1,-1,1,1,-1,-1,1,1,-1,1,1,1,-1,-1,-1,1,-1,1,1,-1,1,1,-1,-1,-1,-1,-1,-1,1,1,1,1,-1,-1,-1,1,1,-1,-1,1,-1,-1,-1,-1,-1,1,-1,1,-1,-1,-1,-1,-1,1,-1,1,-1,1,-1,-1,1,-1,1,-1,-1,1,-1,1,-1,1,1,-1,-1,1,-1,-1,-1,-1,-1,1,1,1,1,-1,-1,-1,1,1,1,-1,1,-1,-1,-1,1,1,-1,1,-1,1,-1,-1,-1,1,1,-1,-1,-1,-1,1,1,-1,1,-1,-1,-1,-1,-1,-1,1,-1,1,1,1,-1,1,-1,-1,1,-1,-1,1,1,-1,1,1,1,1,-1,1,-1,1,1,1,-1,-1,1,-1,1,-1,-1,1,-1,-1,-1,-1,1,1,-1,-1,-1,1,-1,-1,1,1,-1,-1,1,-1,-1,1,1,-302.5137531960468,5
29,1,-1,1,-1,-1,1,-1,-1,1,-1,1,1,-1,1,1,-1,-1,-1,1,-1,1,1,1,1,-1,-1,1,-1,-1,-1,1,1,-1,-1,1,1,-1,-1,1,1,-1,1,-1,-1,1,-1,-1,1,1,-1,-1,1,-1,-1,-1,1,1,1,-1,1,-1,-1,1,-1,-1,1,1,1,1,1,1,-1,-1,-1,-1,1,1,1,-1,-1,1,1,-1,1,1,1,1,1,-1,1,-1,1,1,1,1,1,-1,1,-1,1,-1,1,1,-1,1,-1,1,1,-1,1,-1,1,-1,-1,1,1,-1,1,1,1,1,1,-1,-1,-1,-1,1,1,1,-1,-1,-1,1,-1,1,1,1,-1,-1,1,-1,1,-1,1,1,1,-1,-1,1,1,1,1,-1,-1,1,-1,1,1,1,1,1,1,-1,1,-1,-1,-1,1,-1,1,1,1,1,1,-1,-1,1,-1,-1,-1,-1,1,-1,1,-1,-1,-1,1,1,-1,1,-1,1,1,-1,1,1,1,1,-1,-1,1,1,1,-1,1,1,-1,-1,1,1,-1,1,1,-1,-1,-302.51252707633324,3
30,-1,1,-1,1,1,-1,1,1,-1,1,-1,-1,1,-1,-1,1,1,1,-1,1,-1,-1,-1,-1,1,1,-1,1,1,1,-1,-1,1,1,-1,-1,1,1,-1,-1,1,-1,1,1,-1,1,1,-1,-1,1,1,-1,1,1,1,-1,-1,-1,1,-1,1,1,-1,1,1,-1,-1,-1,-1,-1,-1,1,1,1,1,-1,-1,-1,1,1,-1,-1,1,-1,-1,-1,-1,-1,1,-1,1,-1,-1,-1,-1,-1,1,-1,1,-1,1,-1,-1,1,-1,1,-1,-1,1,-1,1,-1,1,1,-1,-1,1,-1,-1,-1,-1,-1,1,1,1,1,-1,-1,-1,1,1,1,-1,1,-1,-1,-1,1,1,-1,1,-1,1,-1,-1,-1,1,1,-1,-1,-1,-1,1,1,-1,1,-1,-1,-1,-1,-1,-1,1,-1,1,1,1,-1,1,-1,-1,-1,-1,-1,1,1,-1,1,1,1,1,-1,1,-1,1,1,1,-1,-1,1,-1,1,-1,-1,1,-1,-1,-1,-1,1,1,-1,-1,-1,1,-1,-1,1,1,-1,-1,1,-1,-1,1,1,-302.51252707633324,5
31,-1,1,-1,1,1,-1,1,1,-1,1,-1,-1,1,-1,-1,1,1,1,-1,1,-1,-1,-1,-1,1,1,-1,1,1,1,-1,-1,1,1,-1,-1,1,1,-1,-1,1,-1,1,1,-1,1,1,-1,-1,1,1,-1,1,1,1,-1,-1,-1,1,-1,1,1,-1,1,1,-1,1,1,-1,-1,1,1,1,1,1,-1,-1,-1,1,1,-1,-1,1,-1,1,-1,-1,1,1,-1,1,-1,-1,1,-1,-1,1,1,1,-1,-1,-1,-1,1,-1,1,1,-1,1,-1,1,-1,1,1,-1,-1,-1,-1,-1,-1,-1,-1,1,1,1,1,-1,-1,1,1,1,-1,-1,1,1,-1,-1,1,1,-1,1,-1,1,-1,-1,-1,1,1,-1,-1,-1,-1,1,1,-1,-1,-1,-1,-1,-1,-1,-1,1,-1,1,1,1,-1,1,-1,-1,1,-1,-1,1,1,-1,1,1,1,1,-1,1,-1,1,1,1,-1,-1,1,-1,1,-1,-1,1,-1,-1,-1,-1,1,1,-1,-1,-1,1,-1,-1,1,1,-1,-1,1,-1,-1,1,-1,-302.47000339966274,7
32,-1,1,-1,1,1,1,1,1,1,1,-1,1,1,1,1,1,1,1,-1,1,1,-1,-1,-1,1,1,-1,1,1,1,-1,-1,1,1,-1,1,1,1,-1,-1,1,-1,1,1,-1,1,1,-1,-1,1,1,-1,1,1,1,-1,-1,-1,1,-1,1,1,-1,1,1,-1,1,1,-1,-1,1,1,1,1,1,-1,-1,-1,1,1,-1,-1,1,-1,1,-1,-1,1,1,-1,1,-1,-1,1,-1,-1,1,1,1,-1,-1,-1,1,1,-1,1,1,-1,1,-1,1,-1,1,1,-1,-1,-1,-1,-1,-1,-1,-1,1,1,1,1,-1,-1,1,1,1,-1,-1,1,1,-1,-1,1,1,-1,1,-1,1,-1,-1,-1,1,1,-1,-1,-1,-1,1,1,-1,-1,-1,-1,-1,-1,-1,-1,1,-1,1,1,1,-1,1,-1,-1,1,-1,-1,1,1,-1,1,1,1,1,-1,1,-1,1,1,1,-1,-1,1,-1,1,1,-1,1,1,-1,-1,-1,1,1,-1,-1,-1,-1,-1,-1,1,1,-1,-1,1,-1,1,-1,1,-302.46568531660284,1
33,1,-1,1,-1,-1,-1,-1,-1,-1,-1,1,-1,-1,-1,-1,-1,-1,-1,1,-1,-1,1,1,1,-1,-1,1,-1,-1,-1,1,1,-1,-1,1,-1,-1,-1,1,1,-1,1,-1,-1,1,-1,-1,1,1,-1,-1,1,-1,-1,-1,1,1,1,-1,1,-1,-1,1,-1,-1,1,-1,-1,1,1,-1,-1,-1,-1,-1,1,1,1,-1,-1,1,1,-1,1,-1,1,1,-1,-1,1,-1,1,1,-1,1,1,-1,-1,-1,1,1,1,-1,-1,1,-1,-1,1,-1,1,-1,1,-1,-1,1,1,1,1,1,1,1,1,-1,-1,-1,-1,1,1,-1,-1,-1,1,1,-1,-1,1,1,-1,-1,1,-1,1,-1,1,1,1,-1,-1,1,1,1,1,-1,-1,1,1,1,1,1,1,1,1,-1,1,-1,-1,-1,1,-1,1,1,-1,1,1,-1,-1,1,-1,-1,-1,-1,1,-1,1,-1,-1,-1,1,1,-1,1,-1,-1,1,-1,-1,1,1,1,-1,-1,1,1,1,1,1,1,-1,-1,1,1,-1,1,-1,1,-1,-302.46568531660284,1
34,-1,1,-1,1,1,-1,1,1,-1,1,-1,-1,1,-1,-1,1,1,1,-1,1,-1,-1,-1,-1,1,1,-1,1,1,1,-1,-1,1,1,-1,-1,1,1,-1,-1,1,-1,1,1,-1,1,1,-1,-1,1,1,-1,1,1,1,-1,-1,-1,1,-1,1,1,-1,1,1,-1,1,1,-1,-1,1,1,1,1,1,-1,-1,-1,1,1,-1,-1,1,-1,1,-1,-1,1,1,-1,1,-1,-1,1,-1,-1,1,1,1,-1,-1,-1,1,1,-1,1,1,-1,1,-1,1,-1,1,1,-1,-1,-1,-1,-1,-1,-1,-1,1,1,1,1,-1,-1,1,1,1,-1,-1,1,1,-1,-1,1,1,-1,1,-1,1,-1,-1,-1,1,1,-1,-1,-1,-1,1,1,-1,-1,-1,-1,-1,-1,-1,-1,1,-1,1,1,1,-1,1,-1,-1,1,-1,-1,1,1,-1,1,1,1,1,-1,1,-1,1,1,1,-1,-1,1,-1,1,-1,-1,1,-1,-1,-1,-1,1,1,-1,-1,-1,1,-1,-1,1,1,-1,-1,1,-1,-1,1,1,-302.42341811989917,5
35,1,-1,1,-1,-1,-1,-1,-1,-1,-1,1,-1,-1,-1,-1,-1,-1,-1,1,-1,-1,1,1,1,-1,-1,1,-1,-1,-1,1,1,-1,-1,1,-1,-1,-1,1,1,-1,1,-1,-1,1,-1,-1,1,1,-1,-1,1,-1,-1,-1,1,1,1,-1,1,-1,-1,1,-1,-1,1,-1,-1,1,1,-1,-1,-1,-1,-1,1,1,1,-1,-1,1,1,-1,1,-1,1,1,-1,-1,1,-1,1,1,-1,1,1,-1,-1,-1,1,1,1,-1,-1,1,-1,-1,1,-1,1,-1,1,-1,-1,1,1,1,1,1,1,1,1,-1,-1,-1,-1,1,1,-1,-1,-1,1,1,-1,-1,1,1,-1,-1,1,-1,1,-1,1,1,1,-1,-1,1,1,1,1,-1,-1,1,1,1,1,1,1,1,1,-1,1,-1,-1,-1,1,-1,1,1,-1,1,1,-1,-1,1,-1,-1,-1,-1,1,-1,1,-1,-1,-1,1,1,-1,1,-1,-1,1,-1,-1,1,1,1,-1,-1,1,1,1,1,1,1,-1,-1,1,1,-1,1,-1,1,1,-302.3856397575031,2
36,-1,1,-1,1,1,-1,1,1,-1,1,-1,-1,1,1,1,1,1,-1,-1,1,1,-1,-1,-1,1,1,-1,1,1,1,-1,-1,1,1,-1,1,1,1,-1,-1,1,-1,1,1,-1,1,1,-1,-1,1,1,-1,1,1,1,-1,-1,-1,1,-1,1,1,-1,1,1,-1,1,1,-1,-1,1,1,1,1,1,-1,-1,-1,1,1,-1,-1,1,-1,1,-1,-1,1,1,-1,1,-1,-1,1,-1,-1,1,1,1,-1,-1,-1,-1,1,-1,1,1,-1,1,-1,1,-1,1,1,-1,-1,-1,-1,-1,-1,-1,-1,1,1,1,1,-1,-1,1,1,1,-1,-1,1,1,-1,-1,1,1,-1,1,-1,1,-1,-1,-1,1,1,-1,-1,-1,-1,1,1,-1,-1,-1,-1,-1,-1,-1,-1,1,-1,1,1,1,-1,1,-1,-1,1,-1,-1,1,1,-1,1,1,1,1,-1,1,-1,1,1,1,-1,-1,1,-1,1,-1,-1,1,1,-1,-1,-1,1,1,-1,-1,-1,1,-1,-1,-1,1,-1,-1,1,-1,-1,1,1,-302.36302855915915,3
37,1,-1,1,-1,-1,1,-1,-1,1,-1,1,1,-1,-1,-1,-1,-1,1,1,-1,-1,1,1,1,-1,-1,1,-1,-1,-1,1,1,-1,-1,1,-1,-1,-1,1,1,-1,1,-1,-1,1,-1,-1,1,1,-1,-1,1,-1,-1,-1,1,1,1,-1,1,-1,-1,1,-1,-1,1,-1,-1,1,1,-1,-1,-1,-1,-1,1,1,1,-1,-1,1,1,-1,1,-1,1,1,-1,-1,1,-1,1,1,-1,1,1,-1,-1,-1,1,1,1,1,-1,1,-1,-1,1,-1,1,-1,1,-1,-1,1,1,1,1,1,1,1,1,-1,-1,-1,-1,1,1,-1,-1,-1,1,1,-1,-1,1,1,-1,-1,1,-1,1,-1,1,1,1,-1,-1,1,1,1,1,-1,-1,1,1,1,1,1,1,1,1,-1,1,-1,-1,-1,1,-1,1,1,-1,1,1,-1,-1,1,-1,-1,-1,-1,1,-1,1,-1,-1,-1,1,1,-1,1,-1,1,1,-1,-1,1,1,1,-1,-1,1,1,1,-1,1,1,1,-1,1,1,-1,1,1,-1,-1,-302.36302855915915,1
38,1,-1,1,-1,-1,1,-1,-1,1,-1,1,1,-1,1,1,-1,-1,-1,1,-1,-1,1,1,1,-1,-1,1,-1,-1,-1,1,1,-1,-1,1,1,-1,-1,1,1,-1,1,-1,-1,1,-1,-1,1,1,-1,-1,1,-1,-1,-1,1,1,1,-1,1,-1,-1,1,-1,-1,1,1,1,1,1,1,-1,-1,-1,-1,1,1,1,-1,-1,1,1,-1,1,1,1,1,1,-1,1,-1,1,1,1,1,1,-1,1,-1,1,-1,1,1,-1,1,-1,1,1,-1,1,-1,1,-1,-1,1,1,-1,1,1,1,1,1,-1,-1,-1,-1,1,1,1,-1,-1,-1,1,-1,1,1,1,-1,-1,1,-1,1,-1,1,1,1,-1,-1,1,1,1,1,-1,-1,1,-1,1,1,1,1,1,1,-1,1,-1,-1,-1,1,-1,1,1,-1,1,1,-1,-1,1,-1,-1,-1,-1,1,-1,1,-1,-1,-1,1,1,-1,1,-1,1,1,-1,1,1,1,1,-1,-1,1,1,1,-1,1,1,1,-1,1,1,-1,1,1,-1,-1,-302.3425627618192,2
39,-1,1,-1,1,1,-1,1,1,-1,1,-1,-1,1,-1,-1,1,1,1,-1,1,1,-1,-1,-1,1,1,-1,1,1,1,-1,-1,1,1,-1,-1,1,1,-1,-1,1,-1,1,1,-1,1,1,-1,-1,1,1,-1,1,1,1,-1,-1,-1,1,-1,1,1,-1,1,1,-1,-1,-1,-1,-1,-1,1,1,1,1,-1,-1,-1,1,1,-1,-1,1,-1,-1,-1,-1,-1,1,-1,1,-1,-1,-1,-1,-1,1,-1,1,-1,1,-1,-1,1,-1,1,-1,-1,1,-1,1,-1,1,1,-1,-1,1,-1,-1,-1,-1,-1,1,1,1,1,-1,-1,-1,1,1,1,-1,1,-1,-1,-1,1,1,-1,1,-1,1,-1,-1,-1,1,1,-1,-1,-1,-1,1,1,-1,1,-1,-1,-1,-1,-1,-1,1,-1,1,1,1,-1,1,-1,-1,1,-1,-1,1,1,-1,1,1,1,1,-1,1,-1,1,1,1,-1,-1,1,-1,1,-1,-1,1,-1,-1,-1,-1,1,1,-1,-1,-1,1,-1,-1,-1,1,-1,-1,1,-1,-1,1,1,-302.3425627618192,2
40,-1,1,-1,1,1,-1,1,1,-1,1,-1,-1,1,-1,-1,1,1,1,-1,1,1,-1,-1,-1,1,1,-1,1,1,1,-1,-1,1,1,-1,-1,1,1,-1,-1,1,-1,1,1,-1,1,1,-1,-1,1,1,-1,1,1,1,-1,-1,-1,1,-1,1,1,-1,1,1,-1,1,1,-1,-1,1,1,1,1,1,-1,-1,-1,1,1,-1,-1,1,-1,1,-1,-1,1,1,-1,1,-1,-1,1,-1,-1,1,1,1,-1,-1,-1,-1,1,-1,1,1,-1,1,-1,1,-1,1,1,-1,-1,-1,-1,-1,-1,-1,-1,1,1,1,1,-1,-1,1,1,1,-1,-1,1,1,-1,-1,1,1,-1,1,-1,1,-1,-1,-1,1,1,-1,-1,-1,-1,1,1,-1,-1,-1,-1,-1,-1,-1,-1,1,-1,1,1,1,-1,1,-1,-1,1,-1,-1,1,1,-1,1,1,1,1,-1,1,-1,1,1,1,-1,-1,1,-1,1,-1,-1,1,-1,-1,-1,-1,1,1,-1,-1,-1,1,-1,-1,1,1,-1,-1,1,-1,-1,1,1,-302.3372152093814,5
41,1,-1,1,-1,-1,1,-1,-1,1,-1,1,1,-1,1,1,-1,-1,-1,1,-1,1,1,1,1,-1,-1,1,-1,-1,-1,1,1,-1,-1,1,1,-1,-1,1,1,-1,1,-1,-1,1,-1,-1,1,1,-1,-1,1,-1,-1,-1,1,1,1,-1,1,-1,-1,1,-1,-1,1,-1,-1,1,1,-1,-1,-1,-1,-1,1,1,1,-1,-1,1,1,-1,1,-1,1,1,-1,-1,1,-1,1,1,-1,1,1,-1,-1,-1,1,1,1,1,-1,1,-1,-1,1,-1,1,-1,1,-1,-1,1,1,1,1,1,1,1,1,-1,-1,-1,-1,1,1,-1,-1,-1,1,1,-1,-1,1,1,-1,-1,1,-1,1,-1,1,1,1,-1,-1,1,1,1,1,-1,-1,1,1,1,1,1,1,1,1,-1,1,-1,-1,-1,1,-1,1,1,1,1,1,-1,-1,1,-1,-1,-1,-1,1,-1,1,-1,-1,-1,1,1,-1,1,-1,1,1,-1,1,1,1,1,-1,-1,1,1,1,-1,1,1,-1,-1,1,1,-1,1,1,-1,-1,-302.3359890896678,1
42,-1,1,-1,1,1,-1,1,1,-1,1,-1,-1,1,1,1,1,1,-1,-1,1,1,-1,-1,-1,1,1,-1,1,1,1,-1,-1,1,1,-1,1,1,1,-1,-1,1,-1,1,1,-1,1,1,-1,-1,1,1,-1,1,1,1,-1,-1,-1,1,-1,1,1,-1,1,1,-1,-1,-1,-1,-1,-1,1,1,1,1,-1,-1,-1,1,1,-1,-1,1,-1,-1,-1,-1,-1,1,-1,1,-1,-1,-1,-1,-1,1,-1,1,-1,1,-1,-1,1,-1,1,-1,-1,1,-1,1,-1,1,1,-1,-1,1,-1,-1,-1,-1,-1,1,1,1,1,-1,-1,-1,1,1,1,-1,1,-1,-1,-1,1,1,-1,1,-1,1,-1,-1,-1,1,1,-1,-1,-1,-1,1,1,-1,1,-1,-1,-1,-1,-1,-1,1,-1,1,1,1,-1,1,-1,-1,1,-1,-1,1,1,-1,1,1,1,1,-1,1,-1,1,1,1,-1,-1,1,-1,1,-1,-1,1,1,-1,-1,-1,1,1,-1,-1,-1,1,-1,-1,-1,1,-1,-1,1,-1,-1,1,-1,-302.32651940900786,1
43,-1,1,-1,1,1,-1,1,1,-1,1,-1,-1,1,-1,-1,1,1,1,-1,1,-1,-1,-1,-1,1,1,-1,1,1,1,-1,-1,1,1,-1,-1,1,1,-1,-1,1,-1,1,1,-1,1,1,-1,-1,1,1,-1,1,1,1,-1,-1,-1,1,-1,1,1,-1,1,1,-1,-1,-1,-1,-1,-1,1,1,1,1,-1,-1,-1,1,1,-1,-1,1,-1,-1,-1,-1,1,1,-1,1,-1,-1,-1,-1,-1,1,-1,1,-1,1,-1,-1,1,-1,1,-1,-1,1,-1,1,-1,1,1,-1,-1,1,-1,-1,-1,-1,-1,1,1,1,1,-1,-1,-1,1,1,1,-1,1,-1,-1,-1,1,1,-1,1,-1,1,-1,-1,-1,1,1,-1,-1,-1,-1,1,1,-1,1,-1,-1,-1,-1,-1,-1,1,-1,1,1,1,-1,1,-1,-1,1,-1,-1,1,1,-1,1,1,1,1,-1,1,-1,1,1,1,-1,-1,1,-1,1,-1,-1,1,-1,-1,-1,-1,1,1,-1,-1,-1,1,-1,-1,1,1,-1,-1,1,-1,-1,1,-1,-302.3155147464589,2
44,1,-1,1,-1,-1,1,-1,-1,1,-1,1,1,-1,1,1,-1,-1,-1,1,-1,1,1,1,1,-1,-1,1,-1,-1,-1,1,1,-1,-1,1,1,-1,-1,1,1,-1,1,-1,-1,1,-1,-1,1,1,-1,-1,1,-1,-1,-1,1,1,1,-1,1,-1,-1,1,-1,-1,1,-1,1,1,1,1,-1,-1,-1,-1,1,1,1,-1,-1,1,1,-1,1,1,1,1,1,-1,1,-1,1,1,1,1,1,-1,1,-1,1,-1,1,1,-1,1,-1,1,1,-1,1,-1,1,-1,-1,1,1,-1,1,1,1,1,1,-1,-1,-1,-1,1,1,1,-1,-1,-1,1,-1,1,1,1,-1,-1,1,-1,1,-1,1,1,1,-1,-1,1,1,1,1,-1,-1,1,-1,1,1,1,1,1,1,-1,1,-1,-1,-1,1,-1,1,1,-1,1,1,-1,-1,1,-1,-1,-1,-1,1,-1,1,-1,-1,-1,1,1,-1,1,-1,1,1,-1,1,1,1,1,-1,-1,1,1,1,-1,1,1,-1,-1,1,1,-1,1,1,-1,-1,-302.3108925170053,1
45,-1,1,-1,1,1,-1,1,1,-1,1,-1,-1,1,-1,-1,1,1,1,-1,1,-1,-1,-1,-1,1,1,-1,1,1,1,-1,-1,1,1,-1,-1,1,1,-1,-1,1,-1,1,1,-1,1,1,-1,-1,1,1,-1,1,1,1,-1,-1,-1,1,-1,1,1,-1,1,1,-1,1,-1,-1,-1,-1,1,1,1,1,-1,-1,-1,1,1,-1,-1,1,-1,-1,-1,-1,-1,1,-1,1,-1,-1,-1,-1,-1,1,-1,1,-1,1,-1,-1,1,-1,1,-1,-1,1,-1,1,-1,1,1,-1,-1,1,-1,-1,-1,-1,-1,1,1,1,1,-1,-1,-1,1,1,1,-1,1,-1,-1,-1,1,1,-1,1,-1,1,-1,-1,-1,1,1,-1,-1,-1,-1,1,1,-1,1,-1,-1,-1,-1,-1,-1,1,-1,1,1,1,-1,1,-1,-1,1,-1,-1,1,1,-1,1,1,1,1,-1,1,-1,1,1,1,-1,-1,1,-1,1,-1,-1,1,-1,-1,-1,-1,1,1,-1,-1,-1,1,-1,-1,1,1,-1,-1,1,-1,-1,1,1,-302.3108925170053,4
46,-1,1,-1,1,1,1,1,1,1,1,-1,1,1,1,1,1,1,-1,-1,1,1,-1,-1,-1,1,1,-1,1,1,1,-1,-1,1,1,-1,1,1,1,-1,-1,1,-1,1,1,-1,1,1,-1,-1,1,1,-1,1,1,1,-1,-1,-1,1,-1,1,1,-1,1,1,-1,-1,-1,-1,-1,-1,1,1,1,1,-1,-1,-1,1,1,-1,-1,1,-1,-1,-1,-1,-1,1,-1,1,-1,-1,-1,-1,-1,1,-1,1,-1,1,-1,-1,1,-1,1,-1,-1,1,-1,1,-1,-1,1,-1,-1,1,-1,-1,-1,-1,-1,1,1,1,1,-1,-1,-1,1,1,1,-1,1,-1,-1,-1,1,1,-1,1,-1,1,-1,-1,-1,1,1,-1,-1,-1,-1,1,1,-1,1,-1,-1,-1,-1,-1,-1,1,-1,1,1,1,-1,1,-1,-1,1,-1,-1,1,1,-1,1,1,1,1,-1,1,-1,1,1,1,-1,-1,1,-1,1,1,-1,1,1,-1,-1,-1,1,1,-1,-1,-1,-1,-1,-1,1,1,-1,-1,1,-1,1,-1,1,-302.31040792053443,1
47,1,-1,1,-1,-1,1,-1,-1,1,-1,1,1,-1,1,1,-1,-1,-1,1,-1,-1,1,1,1,-1,-1,1,-1,-1,-1,1,1,-1,-1,1,1,-1,-1,1,1,-1,1,-1,-1,1,-1,-1,1,1,-1,-1,1,-1,-1,-1,1,1,1,-1,1,-1,-1,1,-1,-1,1,1,1,1,1,1,-1,-1,-1,-1,1,1,1,-1,-1,1,1,-1,1,1,1,1,1,-1,1,-1,1,1,1,1,1,-1,1,-1,1,-1,1,1,-1,1,-1,1,1,-1,1,-1,1,1,-1,1,1,-1,1,1,1,1,1,-1,-1,-1,-1,1,1,1,-1,-1,-1,1,-1,1,1,1,-1,-1,1,-1,1,-1,1,1,1,-1,-1,1,1,1,1,-1,-1,1,-1,1,1,1,1,1,1,-1,1,-1,-1,-1,1,-1,1,1,-1,1,1,-1,-1,1,-1,-1,-1,-1,1,-1,1,-1,-1,-1,1,1,-1,1,-1,1,1,-1,1,1,1,1,-1,-1,1,1,1,-1,1,1,-1,-1,1,1,-1,1,1,-1,1,-302.3096046371152,5
48,-1,1,-1,1,1,-1,1,1,-1,1,-1,-1,1,-1,-1,1,1,1,-1,1,-1,-1,-1,-1,1,1,-1,1,1,1,-1,-1,1,1,-1,-1,1,1,-1,-1,1,-1,1,1,-1,1,1,-1,-1,1,1,-1,1,1,1,-1,-1,-1,1,-1,1,1,-1,1,1,-1,-1,-1,-1,-1,-1,1,1,1,1,-1,-1,-1,1,1,-1,-1,1,-1,-1,-1,-1,-1,1,-1,1,-1,-1,-1,-1,-1,1,-1,1,-1,1,-1,-1,1,-1,1,-1,-1,1,-1,1,-1,-1,1,-1,-1,1,-1,-1,-1,-1,-1,1,1,1,1,-1,-1,-1,1,1,1,-1,1,-1,-1,-1,1,1,-1,1,-1,1,-1,-1,-1,1,1,-1,-1,-1,-1,1,1,-1,1,-1,-1,-1,-1,-1,-1,1,-1,1,1,1,-1,1,-1,-1,-1,-1,-1,1,1,-1,1,1,1,1,-1,1,-1,1,1,1,-1,-1,1,-1,1,-1,-1,1,-1,-1,-1,-1,1,1,-1,-1,-1,1,-1,-1,1,1,-1,-1,1,-1,-1,1,-1,-302.3083785174016,2
49,1,-1,1,-1,-1,1,-1,-1,1,-1,1,1,-1,1,1,-1,-1,-1,1,-1,1,1,1,1,-1,-1,1,-1,-1,-1,1,1,-1,-1,1,1,-1,-1,1,1,-1,1,-1,-1,1,-1,-1,1,1,-1,-1,1,-1,-1,-1,1,1,1,-1,1,-1,-1,1,-1,-1,1,1,1,1,1,1,-1,-1,-1,-1,1,1,1,-1,-1,1,1,-1,1,1,1,1,1,-1,1,-1,1,1,1,1,1,-1,1,-1,1,-1,1,1,-1,1,-1,1,1,-1,1,-1,1,1,-1,1,1,-1,1,1,1,1,1,-1,-1,-1,-1,1,1,1,-1,-1,-1,1,-1,1,1,1,-1,-1,1,-1,1,-1,1,1,1,-1,-1,1,1,1,1,-1,-1,1,-1,1,1,1,1,1,1,-1,1,-1,-1,-1,1,-1,1,1,1,1,1,-1,-1,1,-1,-1,-1,-1,1,-1,1,-1,-1,-1,1,1,-1,1,-1,1,1,-1,1,1,1,1,-1,-1,1,1,1,-1,1,1,-1,-1,1,1,-1,1,1,-1,1,-302.3083785174016,1
50,-1,1,-1,1,1,-1,1,1,-1,1,-1,-1,1,-1,-1,1,1,1,-1,1,1,-1,-1,-1,1,1,-1,1,1,1,-1,-1,1,1,-1,-1,1,1,-1,-1,1,-1,1,1,-1,1,1,-1,-1,1,1,-1,1,1,1,-1,-1,-1,1,-1,1,1,-1,1,1,-1,-1,-1,-1,-1,-1,1,1,1,1,-1,-1,-1,1,1,-1,-1,1,-1,-1,-1,-1,-1,1,-1,1,-1,-1,-1,-1,-1,1,-1,1,-1,1,-1,-1,1,-1,1,-1,-1,1,-1,1,-1,1,1,-1,-1,1,-1,-1,-1,-1,-1,1,1,1,1,-1,-1,-1,1,1,1,-1,1,-1,-1,-1,1,1,-1,1,-1,1,-1,-1,-1,1,1,-1,-1,-1,-1,1,1,-1,1,-1,-1,-1,-1,-1,-1,1,-1,1,1,1,-1,1,-1,-1,1,-1,-1,1,1,-1,1,1,1,1,-1,1,-1,1,1,1,-1,-1,1,-1,1,-1,-1,1,-1,-1,-1,-1,1,1,-1,-1,-1,1,-1,-1,1,1,-1,-1,1,-1,-1,1,-1,-302.3007060592302,2
51,1,-1,1,-1,-1,1,-1,-1,1,-1,1,1,-1,1,1,-1,-1,-1,1,-1,-1,1,1,1,-1,-1,1,-1,-1,-1,1,1,-1,-1,1,1,-1,-1,1,1,-1,1,-1,-1,1,-1,-1,1,1,-1,-1,1,-1,-1,-1,1,1,1,-1,1,-1,-1,1,-1,-1,1,1,1,1,1,1,-1,-1,-1,-1,1,1,1,-1,-1,1,1,-1,1,1,1,1,1,-1,1,-1,1,1,1,1,1,-1,1,-1,1,-1,1,1,-1,1,-1,1,1,-1,1,-1,1,-1,-1,1,1,-1,1,1,1,1,1,-1,-1,-1,-1,1,1,1,-1,-1,-1,1,-1,1,1,1,-1,-1,1,-1,1,-1,1,1,1,-1,-1,1,1,1,1,-1,-1,1,-1,1,1,1,1,1,1,-1,1,-1,-1,-1,1,-1,1,1,-1,1,1,-1,-1,1,-1,-1,-1,-1,1,-1,1,-1,-1,-1,1,1,-1,1,-1,1,1,-1,1,1,1,1,-1,-1,1,1,1,-1,1,1,-1,-1,1,1,-1,1,1,-1,1,-302.3007060592302,2
52,1,-1,1,-1,-1,1,-1,-1,1,-1,1,1,-1,1,1,-1,-1,-1,1,-1,1,1,1,1,-1,-1,1,-1,-1,-1,1,1,-1,-1,1,1,-1,-1,1,1,-1,1,-1,-1,1,-1,-1,1,1,-1,-1,1,-1,-1,-1,1,1,1,-1,1,-1,-1,1,-1,-1,1,1,1,1,1,1,-1,-1,-1,-1,1,1,1,-1,-1,1,1,-1,1,1,1,1,1,-1,1,-1,1,1,1,1,1,-1,1,-1,1,-1,1,1,-1,1,-1,1,1,-1,1,-1,1,-1,-1,1,1,-1,1,1,1,1,1,-1,-1,-1,-1,1,1,1,-1,-1,-1,1,-1,1,1,1,-1,-1,1,-1,1,-1,1,1,1,-1,-1,1,1,1,1,-1,-1,1,-1,1,1,1,1,1,1,-1,1,-1,-1,-1,1,-1,1,1,1,1,1,-1,-1,1,-1,-1,-1,-1,1,-1,1,-1,-1,-1,1,1,-1,1,-1,1,1,-1,1,1,1,1,-1,-1,1,1,1,-1,1,1,-1,-1,1,1,-1,1,1,-1,1,-302.2994799395166,1
53,-1,1,-1,1,1,-1,1,1,-1,1,-1,-1,1,-1,-1,1,1,1,-1,1,-1,-1,-1,-1,1,1,-1,1,1,1,-1,-1,1,1,-1,-1,1,1,-1,-1,1,-1,1,1,-1,1,1,-1,-1,1,1,-1,1,1,1,-1,-1,-1,1,-1,1,1,-1,1,1,-1,-1,-1,-1,-1,-1,1,1,1,1,-1,-1,-1,1,1,-1,-1,1,-1,-1,-1,-1,-1,1,-1,1,-1,-1,-1,-1,-1,1,-1,1,-1,1,-1,-1,1,-1,1,-1,-1,1,-1,1,-1,1,1,-1,-1,1,-1,-1,-1,-1,-1,1,1,1,1,-1,-1,-1,1,1,1,-1,1,-1,-1,-1,1,1,-1,1,-1,1,-1,-1,-1,1,1,-1,-1,-1,-1,1,1,-1,1,-1,-1,-1,-1,-1,-1,1,-1,1,1,1,-1,1,-1,-1,-1,-1,-1,1,1,-1,1,1,1,1,-1,1,-1,1,1,1,-1,-1,1,-1,1,-1,-1,1,-1,-1,-1,-1,1,1,-1,-1,-1,1,-1,-1,1,1,-1,-1,1,-1,-1,1,-1,-302.2994799395166,1
54,-1,1,-1,1,1,-1,1,1,-1,1,-1,-1,1,-1,-1,1,1,1,-1,1,-1,-1,-1,-1,1,1,-1,1,1,1,-1,-1,1,1,-1,-1,1,1,-1,-1,1,-1,1,1,-1,1,1,-1,-1,1,1,-1,1,1,1,-1,-1,-1,1,-1,1,1,-1,1,1,-1,1,-1,-1,1,-1,1,1,1,1,-1,-1,-1,1,1,-1,-1,1,-1,-1,-1,-1,-1,1,-1,1,-1,-1,-1,-1,-1,1,-1,1,-1,1,-1,-1,1,-1,1,-1,-1,1,-1,1,-1,1,1,-1,1,1,-1,-1,-1,-1,-1,1,1,1,1,-1,-1,-1,1,1,1,-1,1,-1,-1,-1,1,1,-1,1,-1,1,-1,-1,-1,1,1,-1,-1,-1,-1,1,1,-1,1,-1,-1,-1,-1,-1,-1,1,-1,1,1,1,-1,1,-1,-1,1,-1,-1,1,1,-1,1,1,1,1,-1,1,-1,1,1,1,-1,-1,1,-1,1,-1,-1,1,-1,-1,-1,-1,1,1,-1,-1,-1,1,-1,-1,1,1,-1,-1,1,-1,-1,1,1,-302.29640735787984,2
55,1,-1,1,-1,-1,-1,-1,-1,-1,-1,1,-1,-1,-1,-1,-1,-1,-1,1,-1,-1,1,1,1,-1,-1,1,-1,-1,-1,1,1,-1,-1,1,-1,-1,-1,1,1,-1,1,-1,-1,1,-1,-1,1,1,-1,-1,1,-1,-1,-1,1,1,1,-1,1,-1,-1,1,-1,-1,1,1,1,1,1,1,-1,-1,-1,-1,1,1,1,-1,-1,1,1,-1,1,1,1,1,1,-1,1,-1,1,1,1,1,1,-1,1,-1,1,-1,1,1,-1,1,-1,1,1,-1,1,-1,1,-1,-1,1,1,-1,1,1,1,1,1,-1,-1,-1,-1,1,1,1,-1,-1,-1,1,-1,1,1,1,-1,-1,1,-1,1,-1,1,1,1,-1,-1,1,1,1,1,-1,-1,1,-1,1,1,1,1,1,1,-1,1,-1,-1,-1,1,-1,-1,1,-1,1,1,-1,-1,1,-1,-1,-1,-1,1,-1,1,-1,-1,-1,1,1,-1,1,-1,-1,1,-1,-1,1,1,1,-1,-1,1,1,1,1,1,1,-1,-1,1,1,-1,1,-1,1,1,-302.2858810322026,1
56,-1,1,-1,1,1,-1,1,1,-1,1,-1,-1,1,-1,-1,1,1,-1,-1,1,1,-1,-1,-1,1,1,-1,1,1,1,-1,-1,1,1,-1,-1,1,1,-1,-1,1,-1,1,1,-1,1,1,-1,-1,1,1,-1,1,1,1,-1,-1,-1,1,-1,1,1,-1,1,1,-1,-1,-1,-1,-1,-1,1,1,1,1,-1,-1,-1,1,1,-1,-1,1,-1,-1,-1,-1,-1,1,-1,1,-1,-1,-1,-1,-1,1,-1,1,-1,1,-1,-1,1,-1,1,-1,-1,1,-1,1,-1,-1,1,-1,-1,1,-1,-1,-1,-1,-1,1,1,1,1,-1,-1,-1,1,1,1,-1,1,-1,-1,-1,1,1,-1,1,-1,1,-1,-1,-1,1,1,-1,-1,-1,-1,1,1,-1,1,-1,-1,-1,-1,-1,-1,1,-1,1,1,1,-1,1,-1,-1,1,-1,-1,1,1,-1,1,1,1,1,-1,1,-1,1,1,1,-1,-1,1,-1,1,-1,-1,1,-1,-1,-1,-1,1,1,-1,-1,-1,1,-1,-1,-1,1,-1,-1,1,-1,-1,1,1,-302.2638325346534,2
57,1,-1,1,-1,-1,1,-1,-1,1,-1,1,1,-1,1,1,-1,-1,1,1,-1,-1,1,1,1,-1,-1,1,-1,-1,-1,1,1,-1,-1,1,1,-1,-1,1,1,-1,1,-1,-1,1,-1,-1,1,1,-1,-1,1,-1,-1,-1,1,1,1,-1,1,-1,-1,1,-1,-1,1,1,1,1,1,1,-1,-1,-1,-1,1,1,1,-1,-1,1,1,-1,1,1,1,1,1,-1,1,-1,1,1,1,1,1,-1,1,-1,1,-1,1,1,-1,1,-1,1,1,-1,1,-1,1,-1,-1,1,1,-1,1,1,1,1,1,-1,-1,-1,-1,1,1,1,-1,-1,-1,1,-1,1,1,1,-1,-1,1,-1,1,-1,1,1,1,-1,-1,1,1,1,1,-1,-1,1,-1,1,1,1,1,1,1,-1,1,-1,-1,-1,1,-1,1,1,-1,1,1,-1,-1,1,-1,-1,-1,-1,1,-1,1,-1,-1,-1,1,1,-1,1,-1,1,1,-1,1,1,1,1,-1,-1,1,1,1,-1,1,1,1,-1,1,1,-1,1,1,-1,-1,-302.25493395676835,2
58,-1,1,-1,1,1,-1,1,1,-1,1,-1,-1,1,1,1,1,1,-1,-1,1,1,-1,-1,-1,1,1,-1,1,1,1,-1,-1,1,1,-1,-1,1,1,-1,-1,1,-1,1,1,-1,1,1,-1,-1,1,1,-1,1,1,1,-1,-1,-1,1,-1,1,1,-1,1,1,-1,-1,-1,-1,-1,-1,1,1,1,1,-1,-1,-1,1,1,-1,-1,1,-1,-1,-1,-1,-1,1,-1,1,-1,-1,-1,-1,-1,1,-1,1,-1,1,-1,-1,1,-1,1,-1,-1,1,-1,1,-1,-1,1,-1,-1,1,-1,-1,-1,-1,-1,1,1,1,1,-1,-1,-1,1,1,1,-1,1,-1,-1,-1,1,1,-1,1,-1,1,-1,-1,-1,1,1,-1,-1,-1,-1,1,1,-1,1,-1,-1,-1,-1,-1,-1,1,-1,1,1,1,-1,1,-1,-1,1,-1,-1,1,1,-1,1,1,1,1,-1,1,-1,1,1,1,-1,-1,1,-1,1,-1,-1,1,1,-1,-1,-1,1,1,-1,-1,-1,1,-1,-1,-1,1,-1,-1,1,-1,-1,1,1,-302.2479937251595,2
59,-1,1,-1,1,1,-1,1,1,-1,1,-1,-1,1,-1,-1,1,1,1,-1,1,-1,-1,-1,-1,1,1,-1,1,1,1,-1,-1,1,1,-1,-1,1,1,-1,-1,1,-1,1,1,-1,1,1,-1,-1,1,1,-1,1,1,1,-1,-1,-1,1,-1,1,1,-1,1,1,-1,1,1,-1,-1,1,1,1,1,1,-1,-1,-1,1,1,-1,-1,1,-1,1,-1,-1,1,1,-1,1,-1,-1,1,-1,-1,1,1,1,-1,-1,-1,-1,1,-1,1,1,-1,1,-1,1,-1,1,1,-1,-1,1,-1,-1,-1,-1,-1,1,1,1,1,-1,-1,1,1,1,-1,-1,1,1,-1,-1,1,1,-1,1,-1,1,-1,-1,-1,1,1,-1,-1,-1,-1,1,1,-1,-1,-1,-1,-1,-1,-1,-1,1,-1,1,1,1,-1,1,-1,-1,1,-1,-1,1,1,-1,1,1,1,1,-1,1,-1,1,1,1,-1,-1,1,-1,1,-1,-1,1,-1,-1,-1,-1,1,1,-1,-1,-1,1,-1,-1,1,1,-1,-1,1,-1,-1,1,1,-302.2448491687853,3
60,1,1,-1,-1,1,-1,-1,1,-1,-1,-1,-1,-1,1,1,-1,1,-1,1,-1,-1,1,1,1,-1,-1,-1,-1,-1,1,1,1,1,-1,1,1,-1,-1,1,1,1,-1,-1,-1,-1,-1,1,1,1,-1,-1,1,-1,-1,-1,1,1,1,-1,1,-1,-1,1,-1,-1,1,1,1,1,1,1,-1,-1,-1,-1,1,1,1,-1,-1,1,1,-1,1,1,1,1,1,-1,1,-1,1,1,1,1,1,-1,1,-1,1,-1,1,1,-1,1,-1,1,1,-1,1,-1,1,1,-1,1,1,-1,1,1,1,1,1,-1,-1,-1,-1,1,1,1,-1,-1,-1,1,-1,1,1,1,-1,-1,1,-1,1,-1,1,1,1,-1,-1,1,1,1,1,-1,-1,1,-1,1,1,1,-1,-1,-1,1,1,-1,1,-1,1,1,1,1,1,1,1,1,-1,1,1,1,1,-1,1,-1,1,-1,-1,1,1,1,1,1,-1,-1,1,-1,1,1,1,1,-1,-1,1,1,1,1,-1,1,-1,-1,1,-1,-1,1,-1,1,-1,-302.21981533286566,8
61,-1,-1,1,1,-1,1,1,-1,1,1,1,1,1,-1,-1,1,-1,1,-1,1,1,-1,-1,-1,1,1,1,1,1,-1,-1,-1,-1,1,-1,-1,1,1,-1,-1,-1,1,1,1,1,1,-1,-1,-1,1,1,-1,1,1,1,-1,-1,-1,1,-1,1,1,-1,1,1,-1,-1,-1,-1,-1,-1,1,1,1,1,-1,-1,-1,1,1,-1,-1,1,-1,-1,-1,-1,-1,1,-1,1,-1,-1,-1,-1,-1,1,-1,1,-1,1,-1,-1,1,-1,1,-1,-1,1,-1,1,-1,-1,1,-1,-1,1,-1,-1,-1,-1,-1,1,1,1,1,-1,-1,-1,1,1,1,-1,1,-1,-1,-1,1,1,-1,1,-1,1,-1,-1,-1,1,1,-1,-1,-1,-1,1,1,-1,1,-1,-1,-1,1,1,1,-1,-1,1,-1,1,-1,-1,-1,-1,-1,-1,-1,-1,1,-1,-1,-1,-1,1,-1,1,-1,1,1,-1,-1,-1,-1,-1,1,1,-1,1,-1,-1,-1,-1,1,1,-1,-1,-1,-1,1,-1,1,1,-1,1,1,-1,1,-1,1,-302.21981533286566,7
62,-1,-1,1,1,-1,1,1,-1,1,1,1,1,1,-1,-1,1,-1,1,-1,1,1,-1,-1,-1,1,1,1,1,1,-1,-1,-1,-1,1,-1,-1,1,1,-1,-1,-1,1,1,1,1,1,-1,-1,-1,1,1,-1,1,1,1,-1,-1,-1,1,-1,1,1,-1,1,1,-1,-1,-1,-1,-1,-1,1,1,1,1,-1,-1,-1,1,1,-1,-1,1,-1,-1,-1,-1,-1,1,-1,1,-1,-1,-1,-1,-1,1,-1,1,-1,1,-1,-1,1,-1,1,-1,-1,1,-1,1,-1,1,1,-1,-1,1,-1,-1,-1,-1,-1,1,1,1,1,-1,-1,-1,1,1,1,-1,1,-1,-1,-1,1,1,-1,1,-1,1,-1,-1,-1,1,1,-1,-1,-1,-1,1,1,-1,1,-1,-1,-1,1,1,1,-1,-1,1,-1,1,-1,-1,-1,-1,-1,-1,-1,-1,1,-1,-1,-1,-1,1,-1,1,-1,1,1,-1,-1,-1,-1,-1,1,1,-1,1,-1,-1,-1,-1,1,1,-1,-1,-1,-1,1,-1,1,1,-1,1,1,-1,1,-1,1,-302.21091675498064,11
63,1,1,-1,-1,1,-1,-1,1,-1,-1,-1,-1,-1,1,1,-1,1,-1,1,-1,-1,1,1,1,-1,-1,-1,-1,-1,1,1,1,1,-1,1,1,-1,-1,1,1,1,-1,-1,-1,-1,-1,1,1,1,-1,-1,1,-1,-1,-1,1,1,1,-1,1,-1,-1,1,-1,-1,1,1,1,1,1,1,-1,-1,-1,-1,1,1,1,-1,-1,1,1,-1,1,1,1,1,1,-1,1,-1,1,1,1,1,1,-1,1,-1,1,-1,1,1,-1,1,-1,1,1,-1,1,-1,1,-1,-1,1,1,-1,1,1,1,1,1,-1,-1,-1,-1,1,1,1,-1,-1,-1,1,-1,1,1,1,-1,-1,1,-1,1,-1,1,1,1,-1,-1,1,1,1,1,-1,-1,1,-1,1,1,1,-1,-1,-1,1,1,-1,1,-1,1,1,1,1,1,1,1,1,-1,1,1,1,1,-1,1,-1,1,-1,-1,1,1,1,1,1,-1,-1,1,-1,1,1,1,1,-1,-1,1,1,1,1,-1,1,-1,-1,1,-1,-1,1,-1,1,-1,-302.21091675498064,6
64,-1,1,-1,1,1,-1,1,1,-1,1,-1,-1,1,-1,-1,1,1,1,-1,1,-1,-1,-1,-1,1,1,-1,1,1,1,-1,-1,1,1,-1,-1,1,1,-1,-1,1,-1,1,1,-1,1,1,-1,-1,1,1,-1,1,1,1,-1,-1,-1,1,-1,1,1,-1,1,1,-1,1,1,-1,-1,1,1,1,1,1,-1,-1,-1,1,1,-1,-1,1,-1,1,-1,-1,1,1,-1,1,-1,-1,1,-1,-1,1,1,1,-1,-1,-1,1,1,-1,1,1,-1,1,-1,1,-1,1,1,-1,-1,-1,-1,-1,-1,-1,-1,1,1,1,1,-1,-1,1,1,1,-1,-1,1,1,-1,-1,1,1,-1,1,-1,1,-1,-1,-1,1,1,-1,-1,-1,-1,1,1,-1,-1,-1,-1,-1,-1,-1,-1,1,-1,1,1,1,-1,1,-1,-1,1,-1,-1,1,1,-1,1,1,1,1,-1,1,-1,1,1,1,-1,-1,1,-1,1,-1,-1,1,-1,-1,-1,-1,1,1,-1,-1,-1,1,-1,-1,1,1,-1,-1,1,-1,-1,1,-1,-302.21037098308256,1
65,-1,1,-1,1,1,-1,1,1,-1,1,-1,-1,1,1,1,1,1,-1,-1,1,1,-1,-1,-1,1,1,-1,1,1,1,-1,-1,1,1,-1,1,1,1,-1,-1,1,-1,1,1,-1,1,1,-1,-1,1,1,-1,1,1,1,-1,-1,-1,1,-1,1,1,-1,1,1,-1,-1,-1,-1,-1,-1,1,1,1,1,-1,-1,-1,1,1,-1,-1,1,-1,-1,-1,-1,1,1,-1,1,-1,-1,-1,-1,-1,1,-1,1,-1,1,-1,-1,1,-1,1,-1,-1,1,-1,1,-1,1,1,-1,-1,1,-1,-1,-1,-1,-1,1,1,1,1,-1,-1,-1,1,1,1,-1,1,-1,-1,-1,1,1,-1,1,-1,1,-1,-1,-1,1,1,-1,-1,-1,-1,1,1,-1,1,-1,-1,-1,-1,-1,-1,1,-1,1,1,1,-1,1,-1,-1,1,-1,-1,1,1,-1,1,1,1,1,-1,1,-1,1,1,1,-1,-1,1,-1,1,-1,-1,1,1,-1,-1,-1,1,1,-1,-1,-1,1,-1,-1,-1,1,-1,-1,1,-1,-1,1,1,-302.20853990595526,1
66,-1,-1,1,1,-1,1,1,-1,1,1,1,1,1,-1,-1,1,-1,1,-1,1,1,-1,-1,-1,1,1,1,1,1,-1,-1,-1,-1,1,-1,-1,1,1,-1,-1,-1,1,1,1,1,1,-1,-1,-1,1,1,-1,1,1,1,-1,-1,-1,1,-1,1,1,-1,1,1,-1,-1,-1,-1,-1,-1,1,1,1,1,-1,-1,-1,1,1,-1,-1,1,-1,-1,-1,-1,1,1,-1,-1,1,-1,-1,1,-1,-1,-1,1,1,1,-1,-1,1,-1,-1,1,-1,1,-1,-1,-1,1,-1,-1,-1,1,-1,-1,1,-1,-1,-1,1,1,-1,-1,-1,-1,1,1,1,-1,1,-1,-1,-1,1,1,-1,1,-1,1,-1,-1,-1,-1,1,-1,1,-1,-1,1,1,-1,-1,-1,-1,-1,1,1,1,-1,-1,1,-1,1,-1,-1,-1,-1,-1,-1,-1,-1,1,-1,-1,-1,-1,1,-1,1,-1,1,1,-1,-1,-1,-1,-1,1,1,-1,1,-1,-1,-1,-1,1,1,-1,-1,-1,-1,1,-1,1,1,-1,1,1,-1,1,-1,1,-302.1860129056197,7
67,-1,1,-1,1,1,-1,1,1,-1,1,-1,-1,1,-1,-1,1,1,1,-1,1,1,-1,-1,-1,1,1,-1,1,1,1,-1,-1,1,1,-1,-1,1,1,-1,-1,1,-1,1,1,-1,1,1,-1,-1,1,1,-1,1,1,1,-1,-1,-1,1,-1,1,1,-1,1,1,-1,-1,-1,-1,-1,-1,1,1,1,1,-1,-1,-1,1,1,-1,-1,1,-1,-1,-1,-1,1,1,-1,1,-1,-1,-1,-1,-1,1,-1,1,-1,1,-1,-1,1,-1,1,-1,-1,1,-1,1,-1,1,1,-1,-1,1,-1,-1,-1,-1,-1,1,1,1,1,-1,-1,-1,1,1,1,-1,1,-1,-1,-1,1,1,-1,1,-1,1,-1,-1,-1,1,1,-1,-1,-1,-1,1,1,-1,1,-1,-1,-1,-1,-1,-1,1,-1,1,1,1,-1,1,-1,-1,1,-1,-1,1,1,-1,1,1,1,1,-1,1,-1,1,1,1,-1,-1,1,-1,1,-1,-1,1,-1,-1,-1,-1,1,1,-1,-1,-1,1,-1,-1,1,1,-1,-1,1,-1,-1,1,1,-302.1827265561776,1
68,1,-1,1,-1,-1,1,-1,-1,1,-1,1,1,-1,1,1,-1,-1,-1,1,-1,1,1,1,1,-1,-1,1,-1,-1,-1,1,1,-1,-1,1,1,-1,-1,1,1,-1,1,-1,-1,1,-1,-1,1,1,-1,-1,1,-1,-1,-1,1,1,1,-1,1,-1,-1,1,-1,-1,1,1,1,1,1,1,-1,-1,-1,-1,1,1,1,-1,-1,1,1,-1,1,1,1,1,-1,-1,1,-1,1,1,1,1,1,-1,1,-1,1,-1,1,1,-1,1,-1,1,1,-1,1,-1,1,-1,-1,1,1,-1,1,1,1,1,1,-1,-1,-1,-1,1,1,1,-1,-1,-1,1,-1,1,1,1,-1,-1,1,-1,1,-1,1,1,1,-1,-1,1,1,1,1,-1,-1,1,-1,1,1,1,1,1,1,-1,1,-1,-1,-1,1,-1,1,1,1,1,1,-1,-1,1,-1,-1,-1,-1,1,-1,1,-1,-1,-1,1,1,-1,1,-1,1,1,-1,1,1,1,1,-1,-1,1,1,1,-1,1,1,-1,-1,1,1,-1,1,1,-1,-1,-302.181500436464,1
69,1,-1,1,-1,-1,-1,-1,-1,1,-1,1,-1,-1,1,1,-1,-1,-1,1,-1,-1,1,1,1,-1,-1,1,-1,-1,-1,1,1,-1,-1,1,1,-1,-1,1,1,-1,1,-1,-1,1,-1,-1,1,1,-1,-1,1,-1,-1,-1,1,1,1,-1,1,-1,-1,1,-1,-1,1,1,1,1,1,1,-1,-1,-1,-1,1,1,1,-1,-1,1,1,-1,1,1,1,1,1,-1,1,-1,1,1,1,1,1,-1,1,-1,1,-1,1,1,-1,1,-1,1,1,-1,1,-1,1,1,-1,1,1,-1,1,1,1,1,1,-1,-1,-1,-1,1,1,1,-1,-1,-1,1,-1,1,1,1,-1,-1,1,-1,1,-1,1,1,1,-1,-1,1,1,1,1,-1,-1,1,-1,1,1,1,1,1,1,-1,1,-1,-1,-1,1,-1,1,1,-1,1,1,-1,-1,1,-1,-1,-1,-1,1,-1,1,-1,-1,-1,1,1,-1,1,-1,1,1,-1,1,1,1,1,-1,-1,1,1,1,1,1,1,-1,-1,1,1,-1,1,-1,1,-1,-302.1814096849939,2
70,-1,1,-1,1,1,1,1,1,-1,1,-1,1,1,-1,-1,1,1,1,-1,1,1,-1,-1,-1,1,1,-1,1,1,1,-1,-1,1,1,-1,-1,1,1,-1,-1,1,-1,1,1,-1,1,1,-1,-1,1,1,-1,1,1,1,-1,-1,-1,1,-1,1,1,-1,1,1,-1,-1,-1,-1,-1,-1,1,1,1,1,-1,-1,-1,1,1,-1,-1,1,-1,-1,-1,-1,-1,1,-1,1,-1,-1,-1,-1,-1,1,-1,1,-1,1,-1,-1,1,-1,1,-1,-1,1,-1,1,-1,1,1,-1,-1,1,-1,-1,-1,-1,-1,1,1,1,1,-1,-1,-1,1,1,1,-1,1,-1,-1,-1,1,1,-1,1,-1,1,-1,-1,-1,1,1,-1,-1,-1,-1,1,1,-1,1,-1,-1,-1,-1,-1,-1,1,-1,1,1,1,-1,1,-1,-1,1,-1,-1,1,1,-1,1,1,1,1,-1,1,-1,1,1,1,-1,-1,1,-1,1,-1,-1,1,-1,-1,-1,-1,1,1,-1,-1,-1,-1,-1,-1,1,1,-1,-1,1,-1,1,-1,1,-302.17251110710896,2
71,1,-1,1,-1,-1,1,-1,-1,1,-1,1,1,-1,1,1,-1,-1,-1,1,-1,-1,1,1,1,-1,-1,1,-1,-1,-1,1,1,-1,-1,1,1,-1,-1,1,1,-1,1,-1,-1,1,-1,-1,1,1,-1,-1,1,-1,-1,-1,1,1,1,-1,1,-1,-1,1,-1,-1,1,1,1,1,1,1,-1,-1,-1,-1,1,1,1,-1,-1,1,1,-1,1,1,1,1,1,-1,1,-1,1,1,1,1,1,-1,1,-1,1,-1,1,1,-1,1,-1,1,1,-1,1,-1,1,-1,-1,1,1,-1,1,1,1,1,1,-1,-1,-1,-1,1,1,1,-1,-1,-1,1,-1,1,1,1,-1,-1,1,-1,1,-1,1,1,1,-1,-1,1,1,1,1,-1,-1,1,-1,1,1,1,1,1,1,-1,1,-1,-1,-1,1,-1,1,1,1,1,1,-1,-1,1,-1,-1,-1,-1,1,-1,1,-1,-1,-1,1,1,-1,1,-1,1,1,-1,1,1,1,1,-1,-1,1,1,1,-1,1,1,-1,-1,1,1,-1,1,1,-1,-1,-302.16669174923527,1
72,1,-1,1,-1,-1,1,-1,-1,1,-1,1,1,-1,1,1,-1,-1,-1,1,-1,-1,1,1,1,-1,-1,1,-1,-1,-1,1,1,-1,-1,1,1,-1,-1,1,1,-1,1,-1,-1,1,-1,-1,1,1,-1,-1,1,-1,-1,-1,1,1,1,-1,1,-1,-1,1,-1,-1,1,-1,-1,1,1,-1,-1,-1,-1,-1,1,1,1,-1,-1,1,1,-1,1,-1,1,1,-1,-1,1,-1,1,1,-1,1,1,-1,-1,-1,1,1,1,1,-1,1,-1,-1,1,-1,1,-1,1,-1,-1,1,1,1,1,1,1,1,1,-1,-1,-1,-1,1,1,-1,-1,-1,1,1,-1,-1,1,1,-1,-1,1,-1,1,-1,1,1,1,-1,-1,1,1,1,1,-1,-1,1,1,1,1,1,1,1,1,-1,1,-1,-1,-1,1,-1,1,1,-1,1,1,-1,-1,1,-1,-1,-1,-1,1,-1,1,-1,-1,-1,1,1,-1,1,-1,1,1,-1,1,1,1,1,-1,-1,1,1,1,-1,1,1,1,-1,1,1,-1,1,1,-1,-1,-302.16602477515374,2
73,-1,1,-1,1,1,-1,1,1,-1,1,-1,-1,1,1,1,1,1,-1,-1,1,1,-1,-1,-1,1,1,-1,1,1,1,-1,-1,1,1,-1,1,1,1,-1,-1,1,-1,1,1,-1,1,1,-1,-1,1,1,-1,1,1,1,-1,-1,-1,1,-1,1,1,-1,1,1,-1,1,1,-1,-1,1,1,1,1,1,-1,-1,-1,1,1,-1,-1,1,-1,1,-1,-1,1,1,-1,1,-1,-1,1,-1,-1,1,1,1,-1,-1,-1,-1,1,-1,1,1,-1,1,-1,1,-1,1,1,-1,-1,-1,-1,-1,-1,-1,-1,1,1,1,1,-1,-1,1,1,1,-1,-1,1,1,-1,-1,1,1,-1,1,-1,1,-1,-1,-1,1,1,-1,-1,-1,-1,1,1,-1,-1,-1,-1,-1,-1,-1,-1,1,-1,1,1,1,-1,1,-1,-1,1,-1,-1,1,1,-1,1,1,1,1,-1,1,-1,1,1,1,-1,-1,1,-1,1,-1,-1,1,1,-1,-1,-1,1,1,-1,-1,-1,1,-1,-1,-1,1,-1,-1,1,-1,-1,1,-1,-302.14998142234253,1
74,1,-1,1,-1,-1,1,-1,-1,1,-1,1,1,-1,-1,-1,-1,-1,1,1,-1,-1,1,1,1,-1,-1,1,-1,-1,-1,1,1,-1,-1,1,-1,-1,-1,1,1,-1,1,-1,-1,1,-1,-1,1,1,-1,-1,1,-1,-1,-1,1,1,1,-1,1,-1,-1,1,-1,-1,1,-1,-1,1,1,-1,-1,-1,-1,-1,1,1,1,-1,-1,1,1,-1,1,-1,1,1,-1,-1,1,-1,1,1,-1,1,1,-1,-1,-1,1,1,1,1,-1,1,-1,-1,1,-1,1,-1,1,-1,-1,1,1,1,1,1,1,1,1,-1,-1,-1,-1,1,1,-1,-1,-1,1,1,-1,-1,1,1,-1,-1,1,-1,1,-1,1,1,1,-1,-1,1,1,1,1,-1,-1,1,1,1,1,1,1,1,1,-1,1,-1,-1,-1,1,-1,1,1,-1,1,1,-1,-1,1,-1,-1,-1,-1,1,-1,1,-1,-1,-1,1,1,-1,1,-1,1,1,-1,-1,1,1,1,-1,-1,1,1,1,-1,1,1,1,-1,1,1,-1,1,1,-1,1,-302.14998142234253,2
75,-1,-1,1,1,-1,1,1,-1,1,1,1,1,1,-1,-1,1,-1,1,-1,1,1,-1,-1,-1,1,1,1,1,1,-1,-1,-1,-1,1,-1,-1,1,1,-1,-1,-1,1,1,1,1,1,-1,-1,-1,1,1,-1,1,1,1,-1,-1,-1,1,-1,1,1,-1,1,1,-1,-1,-1,-1,-1,-1,1,1,1,1,-1,-1,-1,1,1,-1,-1,1,-1,-1,-1,-1,-1,1,-1,1,-1,-1,-1,-1,-1,1,-1,1,-1,1,-1,-1,1,-1,1,-1,-1,1,-1,1,-1,-1,1,-1,-1,1,-1,-1,-1,-1,-1,1,1,1,1,-1,-1,-1,1,1,1,-1,1,-1,-1,-1,1,1,-1,1,-1,1,-1,-1,-1,1,1,-1,-1,-1,-1,1,1,-1,1,-1,-1,-1,1,1,-1,-1,-1,1,-1,1,-1,-1,-1,-1,-1,-1,-1,-1,1,-1,-1,-1,-1,1,-1,1,-1,1,1,-1,-1,-1,-1,-1,1,1,-1,1,-1,-1,-1,-1,1,1,-1,-1,-1,-1,1,-1,1,1,-1,1,1,-1,1,-1,1,-302.1398338635688,5
76,1,1,-1,-1,1,-1,-1,1,-1,-1,-1,-1,-1,1,1,-1,1,-1,1,-1,-1,1,1,1,-1,-1,-1,-1,-1,1,1,1,1,-1,1,1,-1,-1,1,1,1,-1,-1,-1,-1,-1,1,1,1,-1,-1,1,-1,-1,-1,1,1,1,-1,1,-1,-1,1,-1,-1,1,1,1,1,1,1,-1,-1,-1,-1,1,1,1,-1,-1,1,1,-1,1,1,1,1,1,-1,1,-1,1,1,1,1,1,-1,1,-1,1,-1,1,1,-1,1,-1,1,1,-1,1,-1,1,1,-1,1,1,-1,1,1,1,1,1,-1,-1,-1,-1,1,1,1,-1,-1,-1,1,-1,1,1,1,-1,-1,1,-1,1,-1,1,1,1,-1,-1,1,1,1,1,-1,-1,1,-1,1,1,1,-1,-1,1,1,1,-1,1,-1,1,1,1,1,1,1,1,1,-1,1,1,1,1,-1,1,-1,1,-1,-1,1,1,1,1,1,-1,-1,1,-1,1,1,1,1,-1,-1,1,1,1,1,-1,1,-1,-1,1,-1,-1,1,-1,1,-1,-302.1398338635688,3
77,-1,-1,1,1,-1,1,1,-1,1,1,1,1,1,-1,-1,1,-1,1,-1,1,1,-1,-1,-1,1,1,1,1,1,-1,-1,-1,-1,1,-1,-1,1,1,-1,-1,-1,1,1,1,1,1,-1,-1,-1,1,1,-1,1,1,1,-1,-1,-1,1,-1,1,1,-1,1,1,-1,-1,-1,-1,-1,-1,1,1,1,1,-1,-1,-1,1,1,-1,-1,1,-1,-1,-1,-1,-1,1,-1,1,-1,-1,-1,-1,-1,1,-1,1,-1,1,-1,-1,1,-1,1,-1,-1,1,-1,1,-1,-1,1,-1,-1,1,-1,-1,-1,-1,-1,1,1,1,1,-1,-1,-1,1,1,1,-1,1,-1,-1,-1,1,1,-1,1,-1,1,-1,-1,-1,1,1,-1,-1,-1,-1,1,1,-1,1,-1,-1,-1,1,1,1,-1,-1,1,-1,1,-1,-1,-1,-1,-1,-1,-1,-1,1,-1,-1,-1,-1,1,-1,1,-1,1,1,-1,-1,-1,-1,-1,1,1,-1,1,-1,-1,-1,-1,1,1,-1,-1,-1,-1,1,-1,1,1,-1,1,1,-1,1,-1,-1,-302.139769773766,3
78,1,1,-1,-1,1,-1,-1,1,-1,-1,-1,-1,-1,1,1,-1,1,-1,1,-1,-1,1,1,1,-1,-1,-1,-1,-1,1,1,1,1,-1,1,1,-1,-1,1,1,1,-1,-1,-1,-1,-1,1,1,1,-1,-1,1,-1,-1,-1,1,1,1,-1,1,-1,-1,1,-1,-1,1,1,1,1,1,1,-1,-1,-1,-1,1,1,1,-1,-1,1,1,-1,1,1,1,1,1,-1,1,-1,1,1,1,1,1,-1,1,-1,1,-1,1,1,-1,1,-1,1,1,-1,1,-1,1,1,-1,1,1,-1,1,1,1,1,1,-1,-1,-1,-1,1,1,1,-1,-1,-1,1,-1,1,1,1,-1,-1,1,-1,1,-1,1,1,1,-1,-1,1,1,1,1,-1,-1,1,-1,1,1,1,-1,-1,-1,1,1,-1,1,-1,1,1,1,1,1,1,1,1,-1,1,1,1,1,-1,1,-1,1,-1,-1,1,1,1,1,1,-1,-1,1,-1,1,1,1,1,-1,-1,1,1,1,1,-1,1,-1,-1,1,-1,-1,1,-1,1,1,-302.139769773766,6
79,-1,1,-1,1,1,-1,1,1,-1,1,-1,-1,1,-1,-1,1,1,1,-1,1,1,-1,-1,-1,1,1,-1,1,1,1,-1,-1,1,1,-1,-1,1,1,-1,-1,1,-1,1,1,-1,1,1,-1,-1,1,1,-1,1,1,1,-1,-1,-1,1,-1,1,1,-1,1,1,-1,-1,-1,-1,-1,-1,1,1,1,1,-1,-1,-1,1,1,-1,-1,1,-1,-1,-1,-1,-1,1,-1,1,-1,-1,-1,-1,-1,1,-1,1,-1,1,-1,-1,1,-1,1,-1,-1,1,-1,1,-1,-1,1,-1,-1,1,-1,-1,-1,-1,-1,1,1,1,1,-1,-1,-1,1,1,1,-1,1,-1,-1,-1,1,1,-1,1,-1,1,-1,-1,-1,1,1,-1,-1,-1,-1,1,1,-1,1,-1,-1,-1,-1,-1,-1,1,-1,1,1,1,-1,1,-1,-1,1,-1,-1,1,1,-1,1,1,1,1,-1,1,-1,1,1,1,-1,-1,1,-1,1,-1,-1,1,-1,-1,-1,-1,1,1,-1,-1,-1,1,-1,-1,-1,1,-1,-1,1,-1,-1,1,-1,-302.1384142028876,1
80,-1,-1,1,1,-1,1,1,-1,1,1,1,1,1,-1,-1,1,-1,1,-1,1,1,-1,-1,-1,1,1,1,1,1,-1,-1,-1,-1,1,-1,-1,1,1,-1,-1,-1,1,1,1,1,1,-1,-1,-1,1,1,-1,1,1,1,-1,-1,-1,1,-1,1,1,-1,1,1,-1,-1,-1,-1,-1,-1,1,1,1,1,-1,-1,-1,1,1,-1,-1,1,-1,-1,-1,-1,-1,1,-1,1,-1,-1,-1,-1,-1,1,-1,1,-1,1,-1,-1,1,-1,1,-1,-1,1,-1,1,-1,1,1,-1,-1,1,-1,-1,-1,-1,-1,1,1,1,1,-1,-1,-1,1,1,1,-1,1,-1,-1,-1,1,1,-1,1,-1,1,-1,-1,-1,1,1,-1,-1,-1,-1,1,1,-1,1,-1,-1,-1,1,1,-1,-1,-1,1,-1,1,-1,-1,-1,-1,-1,-1,-1,-1,1,-1,-1,-1,-1,1,-1,1,-1,1,1,-1,-1,-1,-1,-1,1,1,-1,1,-1,-1,-1,-1,1,1,-1,-1,-1,-1,1,-1,1,1,-1,1,1,-1,1,-1,1,-302.1309352856838,7
81,1,1,-1,-1,1,-1,-1,1,-1,-1,-1,-1,-1,1,1,-1,1,-1,1,-1,-1,1,1,1,-1,-1,-1,-1,-1,1,1,1,1,-1,1,1,-1,-1,1,1,1,-1,-1,-1,-1,-1,1,1,1,-1,-1,1,-1,-1,-1,1,1,1,-1,1,-1,-1,1,-1,-1,1,1,1,1,1,1,-1,-1,-1,-1,1,1,1,-1,-1,1,1,-1,1,1,1,1,1,-1,1,-1,1,1,1,1,1,-1,1,-1,1,-1,1,1,-1,1,-1,1,1,-1,1,-1,1,-1,-1,1,1,-1,1,1,1,1,1,-1,-1,-1,-1,1,1,1,-1,-1,-1,1,-1,1,1,1,-1,-1,1,-1,1,-1,1,1,1,-1,-1,1,1,1,1,-1,-1,1,-1,1,1,1,-1,-1,1,1,1,-1,1,-1,1,1,1,1,1,1,1,1,-1,1,1,1,1,-1,1,-1,1,-1,-1,1,1,1,1,1,-1,-1,1,-1,1,1,1,1,-1,-1,1,1,1,1,-1,1,-1,-1,1,-1,-1,1,-1,1,-1,-302.1309352856838,2
82,-1,-1,1,1,-1,1,1,-1,1,1,1,1,1,-1,-1,1,-1,1,-1,1,1,-1,-1,-1,1,1,1,1,1,-1,-1,-1,-1,1,-1,-1,1,1,-1,-1,-1,1,1,1,1,1,-1,-1,-1,1,1,-1,1,1,1,-1,-1,-1,1,-1,1,1,-1,1,1,-1,-1,-1,-1,-1,-1,1,1,1,1,-1,-1,-1,1,1,-1,-1,1,-1,-1,-1,-1,-1,1,-1,1,-1,-1,-1,-1,-1,1,-1,1,-1,1,-1,-1,1,-1,1,-1,-1,1,-1,1,-1,1,1,-1,-1,1,-1,-1,-1,-1,-1,1,1,1,1,-1,-1,-1,1,1,1,-1,1,-1,-1,-1,1,1,-1,1,-1,1,-1,-1,-1,1,1,-1,-1,-1,-1,1,1,-1,1,-1,-1,-1,1,1,1,-1,-1,1,-1,1,-1,-1,-1,-1,-1,-1,-1,-1,1,-1,-1,-1,-1,1,-1,1,-1,1,1,-1,-1,-1,-1,-1,1,1,-1,1,-1,-1,-1,-1,1,1,-1,-1,-1,-1,1,-1,1,1,-1,1,1,-1,1,-1,-1,-302.13087119588096,3
83,1,1,-1,-1,1,-1,-1,1,-1,-1,-1,-1,-1,1,1,-1,1,-1,1,-1,-1,1,1,1,-1,-1,-1,-1,-1,1,1,1,1,-1,1,1,-1,-1,1,1,1,-1,-1,-1,-1,-1,1,1,1,-1,-1,1,-1,-1,-1,1,1,1,-1,1,-1,-1,1,-1,-1,1,1,1,1,1,1,-1,-1,-1,-1,1,1,1,-1,-1,1,1,-1,1,1,1,1,1,-1,1,-1,1,1,1,1,1,-1,1,-1,1,-1,1,1,-1,1,-1,1,1,-1,1,-1,1,-1,-1,1,1,-1,1,1,1,1,1,-1,-1,-1,-1,1,1,1,-1,-1,-1,1,-1,1,1,1,-1,-1,1,-1,1,-1,1,1,1,-1,-1,1,1,1,1,-1,-1,1,-1,1,1,1,-1,-1,-1,1,1,-1,1,-1,1,1,1,1,1,1,1,1,-1,1,1,1,1,-1,1,-1,1,-1,-1,1,1,1,1,1,-1,-1,1,-1,1,1,1,1,-1,-1,1,1,1,1,-1,1,-1,-1,1,-1,-1,1,-1,1,1,-302.13087119588096,4
84,-1,1,-1,1,1,-1,1,1,-1,1,-1,-1,1,-1,-1,1,1,1,-1,1,-1,-1,-1,-1,1,1,-1,1,1,1,-1,-1,1,1,-1,-1,1,1,-1,-1,1,-1,1,1,-1,1,1,-1,-1,1,1,-1,1,1,1,-1,-1,-1,1,-1,1,1,-1,1,1,-1,-1,-1,-1,-1,-1,1,1,1,1,-1,-1,-1,-1,1,-1,1,1,-1,-1,-1,-1,1,1,-1,1,-1,-1,-1,-1,-1,-1,-1,1,1,1,-1,-1,1,-1,-1,1,-1,1,-1,-1,-1,1,-1,-1,-1,1,-1,-1,1,-1,-1,-1,1,1,-1,-1,-1,1,1,1,-1,-1,1,-1,-1,-1,1,1,-1,1,-1,1,1,-1,-1,1,1,-1,-1,-1,-1,1,1,-1,-1,-1,-1,-1,-1,-1,-1,1,-1,1,1,1,-1,1,-1,-1,1,-1,-1,1,1,-1,1,1,1,1,-1,1,-1,1,1,1,-1,-1,1,-1,1,-1,-1,1,-1,-1,-1,-1,1,1,-1,-1,-1,1,-1,-1,1,1,-1,-1,1,-1,-1,1,1,-302.1272337987654,10
85,-1,1,-1,1,1,1,1,1,1,1,-1,1,1,1,1,1,1,-1,-1,1,1,-1,-1,-1,1,1,-1,1,1,1,-1,-1,1,1,-1,1,1,1,-1,-1,1,-1,1,1,-1,1,1,-1,-1,1,1,-1,1,1,1,-1,-1,-1,1,-1,1,1,-1,1,1,-1,1,1,-1,-1,1,1,1,1,1,-1,-1,-1,1,1,-1,-1,1,-1,1,-1,-1,1,1,-1,1,-1,-1,1,-1,-1,1,1,1,-1,-1,-1,-1,1,-1,1,1,-1,1,-1,1,-1,1,1,-1,-1,-1,-1,-1,-1,-1,-1,1,1,1,1,-1,-1,1,1,1,-1,-1,1,1,-1,-1,1,1,-1,1,-1,1,-1,-1,-1,1,1,-1,-1,-1,-1,1,1,-1,-1,-1,-1,-1,-1,-1,-1,1,-1,1,1,1,-1,1,-1,-1,1,-1,-1,1,1,-1,1,1,1,1,-1,1,-1,1,1,1,-1,-1,1,-1,1,1,-1,1,1,-1,-1,-1,1,1,-1,-1,-1,-1,-1,-1,1,1,-1,-1,1,-1,1,-1,1,-302.12497135598403,2
86,1,-1,1,-1,-1,1,-1,-1,1,-1,1,1,-1,1,1,-1,-1,-1,1,-1,-1,1,1,1,-1,-1,1,-1,-1,-1,1,1,-1,-1,1,1,-1,-1,1,1,-1,1,-1,-1,1,-1,-1,1,1,-1,-1,1,-1,-1,-1,1,1,1,-1,1,-1,-1,1,-1,-1,1,-1,-1,1,1,-1,-1,-1,-1,-1,1,1,1,-1,-1,1,1,-1,1,-1,1,1,-1,-1,1,-1,1,1,-1,1,1,-1,-1,-1,1,1,1,1,-1,1,-1,-1,1,-1,1,-1,1,-1,-1,1,1,1,1,1,1,1,1,-1,-1,-1,-1,1,1,-1,-1,-1,1,1,-1,-1,1,1,-1,-1,1,-1,1,-1,1,1,1,-1,-1,1,1,1,1,-1,-1,1,1,1,1,1,1,1,1,-1,1,-1,-1,-1,1,-1,1,1,-1,1,1,-1,-1,1,-1,-1,-1,-1,1,-1,1,-1,-1,-1,1,1,-1,1,-1,1,1,-1,1,1,1,1,-1,-1,1,1,1,-1,1,1,-1,-1,1,1,-1,1,1,-1,1,-302.12416807256477,1
87,-1,1,-1,1,1,-1,1,1,-1,1,-1,-1,1,-1,-1,1,1,1,-1,1,1,-1,-1,-1,1,1,-1,1,1,1,-1,-1,1,1,-1,-1,1,1,-1,-1,1,-1,1,1,-1,1,1,-1,-1,1,1,-1,1,1,1,-1,-1,-1,1,-1,1,1,-1,1,1,-1,1,1,-1,-1,1,1,1,1,1,-1,-1,-1,1,1,-1,-1,1,-1,1,-1,-1,1,1,-1,1,-1,-1,1,-1,-1,1,1,1,-1,-1,-1,-1,1,-1,1,1,-1,1,-1,1,-1,1,1,-1,-1,-1,-1,-1,-1,-1,-1,1,1,1,1,-1,-1,1,1,1,-1,-1,1,1,-1,-1,1,1,-1,1,-1,1,-1,-1,-1,1,1,-1,-1,-1,-1,1,1,-1,-1,-1,-1,-1,-1,-1,-1,1,-1,1,1,1,-1,1,-1,-1,1,-1,-1,1,1,-1,1,1,1,1,-1,1,-1,1,1,1,-1,-1,1,-1,1,-1,-1,1,-1,-1,-1,-1,1,1,-1,-1,-1,1,-1,-1,1,1,-1,-1,1,-1,-1,1,-1,-302.12416807256477,1
88,1,-1,1,-1,-1,1,-1,-1,1,-1,1,1,-1,1,1,-1,-1,-1,1,-1,1,1,1,1,-1,-1,1,-1,-1,-1,1,1,-1,-1,1,1,-1,-1,1,1,-1,1,-1,-1,1,-1,-1,1,1,-1,-1,1,-1,-1,-1,1,1,1,-1,1,-1,-1,1,-1,-1,1,-1,-1,1,1,-1,-1,-1,-1,-1,1,1,1,-1,-1,1,1,-1,1,-1,1,1,-1,-1,1,-1,1,1,-1,1,1,-1,-1,-1,1,1,1,1,-1,1,-1,-1,1,-1,1,-1,1,-1,-1,1,1,1,1,1,1,1,1,-1,-1,-1,-1,1,1,-1,-1,-1,1,1,-1,-1,1,1,-1,-1,1,-1,1,-1,1,1,1,-1,-1,1,1,1,1,-1,-1,1,1,1,1,1,1,1,1,-1,1,-1,-1,-1,1,-1,1,1,1,1,1,-1,-1,1,-1,-1,-1,-1,1,-1,1,-1,-1,-1,1,1,-1,1,-1,1,1,-1,1,1,1,1,-1,-1,1,1,1,-1,1,1,-1,-1,1,1,-1,1,1,-1,1,-302.1229419528512,1
89,-1,1,-1,1,1,-1,1,1,-1,1,-1,-1,1,-1,-1,1,1,1,-1,1,-1,-1,-1,-1,1,1,-1,1,1,1,-1,-1,1,1,-1,-1,1,1,-1,-1,1,-1,1,1,-1,1,1,-1,-1,1,1,-1,1,1,1,-1,-1,-1,1,-1,1,1,-1,1,1,-1,1,1,-1,-1,1,1,1,1,1,-1,-1,-1,1,1,-1,-1,1,-1,1,-1,-1,1,1,-1,1,-1,-1,1,-1,-1,1,1,1,-1,-1,-1,-1,1,-1,1,1,-1,1,-1,1,-1,1,1,-1,-1,-1,-1,-1,-1,-1,-1,1,1,1,1,-1,-1,1,1,1,-1,-1,1,1,-1,-1,1,1,-1,1,-1,1,-1,-1,-1,1,1,-1,-1,-1,-1,1,1,-1,-1,-1,-1,-1,-1,-1,-1,1,-1,1,1,1,-1,1,-1,-1,-1,-1,-1,1,1,-1,1,1,1,1,-1,1,-1,1,1,1,-1,-1,1,-1,1,-1,-1,1,-1,-1,-1,-1,1,1,-1,-1,-1,1,-1,-1,1,1,-1,-1,1,-1,-1,1,-1,-302.1229419528512,1
90,-1,-1,1,1,-1,1,1,-1,1,1,1,1,1,-1,-1,1,-1,1,-1,1,1,-1,-1,-1,1,1,1,1,1,-1,-1,-1,-1,1,-1,1,1,1,1,-1,-1,1,1,1,-1,1,-1,-1,-1,1,1,-1,1,1,1,-1,-1,-1,1,-1,1,1,-1,1,1,-1,-1,-1,-1,-1,-1,1,1,1,1,-1,-1,-1,1,1,-1,-1,1,-1,-1,-1,-1,-1,1,-1,1,-1,-1,-1,-1,-1,1,-1,1,-1,1,-1,-1,1,-1,1,-1,-1,1,-1,1,-1,-1,1,-1,-1,1,-1,-1,-1,-1,-1,1,1,1,1,-1,-1,-1,1,1,1,-1,1,-1,-1,-1,1,1,-1,1,-1,1,-1,-1,-1,1,1,-1,-1,-1,-1,1,1,-1,1,-1,-1,-1,1,1,1,-1,-1,1,-1,1,-1,-1,-1,-1,-1,-1,-1,-1,1,-1,-1,-1,-1,1,-1,1,-1,1,1,-1,-1,-1,1,-1,1,1,-1,1,-1,-1,-1,-1,1,1,-1,-1,-1,-1,1,-1,1,1,-1,1,-1,-1,1,1,1,-302.1134045985117,3
91,1,1,-1,-1,1,-1,-1,1,-1,-1,-1,-1,-1,1,1,-1,1,-1,1,-1,-1,1,1,1,-1,-1,-1,-1,-1,1,1,1,1,-1,1,-1,-1,-1,-1,1,1,-1,-1,-1,1,-1,1,1,1,-1,-1,1,-1,-1,-1,1,1,1,-1,1,-1,-1,1,-1,-1,1,1,1,1,1,1,-1,-1,-1,-1,1,1,1,-1,-1,1,1,-1,1,1,1,1,1,-1,1,-1,1,1,1,1,1,-1,1,-1,1,-1,1,1,-1,1,-1,1,1,-1,1,-1,1,1,-1,1,1,-1,1,1,1,1,1,-1,-1,-1,-1,1,1,1,-1,-1,-1,1,-1,1,1,1,-1,-1,1,-1,1,-1,1,1,1,-1,-1,1,1,1,1,-1,-1,1,-1,1,1,1,-1,-1,-1,1,1,-1,1,-1,1,1,1,1,1,1,1,1,-1,1,1,1,1,-1,1,-1,1,-1,-1,1,1,1,-1,1,-1,-1,1,-1,1,1,1,1,-1,-1,1,1,1,1,-1,1,-1,-1,1,-1,1,1,-1,-1,-1,-302.1134045985117,2
92,-1,-1,1,1,-1,1,1,-1,1,1,1,1,1,-1,-1,1,-1,1,-1,1,1,-1,-1,-1,1,1,1,1,1,-1,-1,-1,-1,1,-1,-1,1,1,-1,-1,-1,1,1,1,1,1,-1,-1,-1,1,1,-1,1,1,1,-1,-1,-1,1,-1,1,1,-1,1,1,-1,-1,-1,-1,-1,-1,1,1,1,1,-1,-1,-1,1,1,-1,-1,1,-1,-1,-1,-1,1,1,-1,-1,1,-1,-1,1,-1,-1,-1,1,1,1,-1,-1,1,-1,-1,1,-1,1,-1,-1,-1,1,-1,-1,-1,1,-1,-1,1,-1,-1,-1,1,1,-1,-1,-1,-1,1,1,1,-1,1,-1,-1,-1,1,1,-1,1,-1,1,-1,-1,-1,-1,1,-1,1,-1,-1,1,1,-1,-1,-1,-1,-1,1,1,1,-1,-1,1,-1,1,-1,-1,-1,-1,-1,-1,-1,-1,1,-1,-1,-1,-1,1,-1,1,-1,1,1,-1,-1,-1,-1,-1,1,1,-1,1,-1,-1,-1,-1,1,1,-1,-1,-1,-1,1,-1,1,1,-1,1,1,-1,1,-1,-1,-302.10596734652,2
93,1,1,-1,-1,1,-1,-1,1,-1,-1,-1,-1,-1,1,1,-1,1,-1,1,-1,-1,1,1,1,-1,-1,-1,-1,-1,1,1,1,1,-1,1,-1,-1,-1,-1,1,1,-1,-1,-1,1,-1,1,1,1,-1,-1,1,-1,-1,-1,1,1,1,-1,1,-1,-1,1,-1,-1,1,1,1,1,1,1,-1,-1,-1,-1,1,1,1,-1,-1,1,1,-1,1,1,1,1,1,-1,1,-1,1,1,1,1,1,-1,1,-1,1,-1,1,1,-1,1,-1,1,1,-1,1,-1,1,-1,-1,1,1,-1,1,1,1,1,1,-1,-1,-1,-1,1,1,1,-1,-1,-1,1,-1,1,1,1,-1,-1,1,-1,1,-1,1,1,1,-1,-1,1,1,1,1,-1,-1,1,-1,1,1,1,-1,-1,-1,1,1,-1,1,-1,1,1,1,1,1,1,1,1,-1,1,1,1,1,-1,1,-1,1,-1,-1,1,1,1,-1,1,-1,-1,1,-1,1,1,1,1,-1,-1,1,1,1,1,-1,1,-1,-1,1,-1,1,1,-1,-1,-1,-302.10450602062673,7
94,-1,-1,1,1,-1,1,1,-1,1,1,1,1,1,-1,-1,1,-1,1,-1,1,1,-1,-1,-1,1,1,1,1,1,-1,-1,-1,-1,1,-1,1,1,1,1,-1,-1,1,1,1,-1,1,-1,-1,-1,1,1,-1,1,1,1,-1,-1,-1,1,-1,1,1,-1,1,1,-1,-1,-1,-1,-1,-1,1,1,1,1,-1,-1,-1,1,1,-1,-1,1,-1,-1,-1,-1,-1,1,-1,1,-1,-1,-1,-1,-1,1,-1,1,-1,1,-1,-1,1,-1,1,-1,-1,1,-1,1,-1,1,1,-1,-1,1,-1,-1,-1,-1,-1,1,1,1,1,-1,-1,-1,1,1,1,-1,1,-1,-1,-1,1,1,-1,1,-1,1,-1,-1,-1,1,1,-1,-1,-1,-1,1,1,-1,1,-1,-1,-1,1,1,1,-1,-1,1,-1,1,-1,-1,-1,-1,-1,-1,-1,-1,1,-1,-1,-1,-1,1,-1,1,-1,1,1,-1,-1,-1,1,-1,1,1,-1,1,-1,-1,-1,-1,1,1,-1,-1,-1,-1,1,-1,1,1,-1,1,-1,-1,1,1,1,-302.10450602062673,5
95,-1,1,-1,1,1,-1,1,1,-1,1,-1,-1,1,1,1,1,1,-1,-1,1,1,-1,-1,-1,1,1,-1,1,1,1,-1,-1,1,1,-1,1,1,1,-1,-1,1,-1,1,1,-1,1,1,-1,-1,1,1,-1,1,1,1,-1,-1,-1,1,-1,1,1,-1,1,1,-1,1,1,-1,-1,1,1,1,1,1,-1,-1,-1,1,1,-1,-1,1,-1,1,-1,-1,1,1,-1,1,-1,-1,1,-1,-1,1,1,1,-1,-1,-1,1,1,-1,1,1,-1,1,-1,1,-1,1,1,-1,-1,-1,-1,-1,-1,-1,-1,1,1,1,1,-1,-1,1,1,1,-1,-1,1,1,-1,-1,1,1,-1,1,-1,1,-1,-1,-1,1,1,-1,-1,-1,-1,1,1,-1,-1,-1,-1,-1,-1,-1,-1,1,-1,1,1,1,-1,1,-1,-1,1,-1,-1,1,1,-1,1,1,1,1,-1,1,-1,1,1,1,-1,-1,1,-1,1,-1,-1,1,1,-1,-1,-1,1,1,-1,-1,-1,1,-1,-1,-1,1,-1,-1,1,-1,-1,1,1,-302.10339614257896,3
96,-1,1,-1,1,1,1,1,1,-1,1,-1,1,1,-1,-1,1,1,1,-1,1,1,-1,-1,-1,1,1,-1,1,1,1,-1,-1,1,1,-1,-1,1,1,-1,-1,1,-1,1,1,-1,1,1,-1,-1,1,1,-1,1,1,1,-1,-1,-1,1,-1,1,1,-1,1,1,-1,-1,-1,-1,-1,-1,1,1,1,1,-1,-1,-1,1,1,-1,-1,1,-1,-1,-1,-1,-1,1,-1,1,-1,-1,-1,-1,-1,1,-1,1,-1,1,-1,-1,1,-1,1,-1,-1,1,-1,1,-1,-1,1,-1,-1,1,-1,-1,-1,-1,-1,1,1,1,1,-1,-1,-1,1,1,1,-1,1,-1,-1,-1,1,1,-1,1,-1,1,-1,-1,-1,1,1,-1,-1,-1,-1,1,1,-1,1,-1,-1,-1,-1,-1,-1,1,-1,1,1,1,-1,1,-1,-1,1,-1,-1,1,1,-1,1,1,1,1,-1,1,-1,1,1,1,-1,-1,1,-1,1,-1,-1,1,-1,-1,-1,-1,1,1,-1,-1,-1,-1,-1,-1,1,1,-1,-1,1,-1,1,-1,-1,-302.1013641258942,1
97,-1,1,-1,1,1,-1,1,1,-1,1,-1,-1,1,-1,-1,1,1,1,-1,1,-1,-1,-1,-1,1,1,-1,1,1,1,-1,-1,1,1,-1,-1,1,1,-1,-1,1,-1,1,1,-1,1,1,-1,-1,1,1,-1,1,1,1,-1,-1,-1,1,-1,1,1,-1,1,1,-1,1,-1,-1,-1,-1,1,1,1,1,-1,-1,-1,1,1,-1,-1,1,-1,-1,-1,-1,-1,1,-1,1,-1,-1,-1,-1,-1,1,-1,1,-1,1,-1,-1,1,-1,1,-1,-1,1,-1,1,-1,1,1,-1,-1,1,-1,-1,-1,-1,-1,1,1,1,1,-1,-1,-1,1,1,1,-1,1,-1,-1,-1,1,1,-1,1,-1,1,-1,-1,-1,1,1,-1,-1,-1,-1,1,1,-1,1,-1,-1,-1,-1,-1,-1,1,-1,1,1,1,-1,1,-1,-1,1,-1,-1,1,1,-1,1,1,1,1,-1,1,-1,1,1,1,-1,-1,1,-1,1,-1,-1,1,-1,-1,-1,-1,1,1,-1,-1,-1,1,-1,-1,1,1,-1,-1,1,-1,-1,1,-1,-302.0978453801887,1
98,1,1,-1,-1,1,-1,-1,1,-1,-1,-1,-1,-1,1,1,-1,1,-1,1,-1,-1,1,1,1,-1,-1,-1,-1,-1,1,1,1,1,-1,1,-1,-1,-1,-1,1,1,-1,-1,-1,1,-1,1,1,1,-1,-1,1,-1,-1,-1,1,1,1,-1,1,-1,-1,1,-1,-1,1,1,1,1,1,1,-1,-1,-1,-1,1,1,1,-1,-1,1,1,-1,1,1,1,1,-1,-1,1,1,-1,1,1,-1,1,1,1,-1,-1,-1,1,1,-1,1,1,-1,1,-1,1,1,1,-1,1,1,1,-1,1,1,-1,1,1,1,-1,-1,1,1,1,1,-1,-1,-1,1,-1,1,1,1,-1,-1,1,-1,1,-1,1,1,1,1,-1,1,-1,1,1,-1,-1,1,1,1,1,1,-1,-1,-1,1,1,-1,1,-1,1,1,1,1,1,1,1,1,-1,1,1,1,1,-1,1,-1,1,-1,-1,1,1,1,-1,1,-1,-1,1,-1,1,1,1,1,-1,-1,1,1,1,1,-1,1,-1,-1,1,-1,1,1,-1,-1,-1,-302.0796021712657,3
99,-1,-1,1,1,-1,1,1,-1,1,1,1,1,1,-1,-1,1,-1,1,-1,1,1,-1,-1,-1,1,1,1,1,1,-1,-1,-1,-1,1,-1,1,1,1,1,-1,-1,1,1,1,-1,1,-1,-1,-1,1,1,-1,1,1,1,-1,-1,-1,1,-1,1,1,-1,1,1,-1,-1,-1,-1,-1,-1,1,1,1,1,-1,-1,-1,1,1,-1,-1,1,-1,-1,-1,-1,1,1,-1,-1,1,-1,-1,1,-1,-1,-1,1,1,1,-1,-1,1,-1,-1,1,-1,1,-1,-1,-1,1,-1,-1,-1,1,-1,-1,1,-1,-1,-1,1,1,-1,-1,-1,-1,1,1,1,-1,1,-1,-1,-1,1,1,-1,1,-1,1,-1,-1,-1,-1,1,-1,1,-1,-1,1,1,-1,-1,-1,-1,-1,1,1,1,-1,-1,1,-1,1,-1,-1,-1,-1,-1,-1,-1,-1,1,-1,-1,-1,-1,1,-1,1,-1,1,1,-1,-1,-1,1,-1,1,1,-1,1,-1,-1,-1,-1,1,1,-1,-1,-1,-1,1,-1,1,1,-1,1,-1,-1,1,1,1,-302.0796021712657,1
100,1,-1,1,-1,-1,1,-1,-1,1,-1,1,1,-1,1,1,-1,-1,-1,1,-1,-1,1,1,1,-1,-1,1,-1,-1,-1,1,1,-1,-1,1,1,-1,-1,1,1,-1,1,-1,-1,1,-1,-1,1,1,-1,-1,1,-1,-1,-1,1,1,1,-1,1,-1,-1,1,-1,-1,1,-1,-1,1,1,-1,-1,-1,-1,-1,1,1,1,-1,-1,1,1,-1,1,-1,1,1,-1,-1,1,-1,1,1,-1,1,1,-1,-1,-1,1,1,1,-1,-1,1,-1,-1,1,-1,1,-1,1,-1,-1,1,1,1,1,1,1,1,1,-1,-1,-1,-1,1,1,-1,-1,-1,1,1,-1,-1,1,1,-1,-1,1,-1,1,-1,1,1,1,-1,-1,1,1,1,1,-1,-1,1,1,1,1,1,1,1,1,-1,1,-1,-1,-1,1,-1,1,1,-1,1,1,-1,-1,1,-1,-1,-1,-1,1,-1,1,-1,-1,-1,1,1,-1,1,-1,1,1,-1,1,1,1,1,-1,-1,1,1,1,-1,1,1,-1,-1,1,1,-1,1,1,-1,-1,-302.0775827928012,1
101,-1,1,-1,1,1,-1,1,1,-1,1,-1,-1,1,-1,-1,1,1,1,-1,1,-1,-1,-1,-1,1,1,-1,1,1,1,-1,-1,1,1,-1,-1,1,1,-1,-1,1,-1,1,1,-1,1,1,-1,-1,1,1,-1,1,1,1,-1,-1,-1,1,-1,1,1,-1,1,1,-1,1,1,-1,-1,1,1,1,1,1,-1,-1,-1,1,1,-1,-1,1,-1,1,-1,-1,1,1,-1,1,-1,-1,1,-1,-1,1,1,1,-1,-1,-1,1,1,-1,1,1,-1,1,-1,1,-1,1,1,-1,-1,-1,-1,-1,-1,-1,-1,1,1,1,1,-1,-1,1,1,1,-1,-1,1,1,-1,-1,1,1,-1,1,-1,1,-1,-1,-1,1,1,-1,-1,-1,-1,1,1,-1,-1,-1,-1,-1,-1,-1,-1,1,-1,1,1,1,-1,1,-1,-1,-1,-1,-1,1,1,-1,1,1,1,1,-1,1,-1,1,1,1,-1,-1,1,-1,1,-1,-1,1,-1,-1,-1,-1,1,1,-1,-1,-1,1,-1,-1,1,1,-1,-1,1,-1,-1,1,1,-302.0763566730876,1
102,-1,1,-1,1,1,-1,1,1,-1,1,-1,-1,1,-1,-1,1,1,-1,-1,1,-1,-1,-1,-1,1,1,-1,1,1,1,-1,-1,1,1,-1,-1,1,1,-1,-1,1,-1,1,1,-1,1,1,-1,-1,1,1,-1,1,1,1,-1,-1,-1,1,-1,1,1,-1,1,1,-1,-1,-1,-1,-1,-1,1,1,1,1,-1,-1,-1,1,1,-1,-1,1,-1,-1,-1,-1,-1,1,-1,1,-1,-1,-1,-1,-1,1,-1,1,-1,1,-1,-1,1,-1,1,-1,-1,1,-1,1,-1,-1,1,-1,-1,1,-1,-1,-1,-1,-1,1,1,1,1,-1,-1,-1,1,1,1,-1,1,-1,-1,-1,1,1,-1,1,-1,1,-1,-1,-1,1,1,-1,-1,-1,-1,1,1,-1,1,-1,-1,-1,-1,-1,-1,1,-1,1,1,1,-1,1,-1,-1,1,-1,-1,1,1,-1,1,1,1,1,-1,1,-1,1,1,1,-1,-1,1,-1,1,-1,-1,1,-1,-1,-1,-1,1,1,-1,-1,-1,1,-1,-1,1,1,-1,-1,1,-1,-1,1,1,-302.06941096334947,1
103,-1,1,-1,1,1,1,1,1,1,1,-1,1,1,1,1,1,1,1,-1,1,1,-1,-1,-1,1,1,-1,1,1,1,-1,-1,1,1,-1,1,1,1,-1,-1,1,-1,1,1,-1,1,1,-1,-1,1,1,-1,1,1,1,-1,-1,-1,1,-1,1,1,-1,1,1,-1,-1,-1,-1,-1,-1,1,1,1,1,-1,-1,-1,-1,1,-1,1,1,-1,-1,-1,-1,1,1,-1,1,-1,-1,-1,-1,-1,-1,-1,1,1,1,-1,-1,1,-1,-1,1,-1,1,-1,1,-1,1,-1,-1,-1,1,-1,-1,1,-1,-1,-1,1,1,-1,-1,-1,1,1,1,-1,-1,1,-1,-1,-1,1,1,-1,1,-1,1,1,-1,-1,1,1,-1,-1,-1,-1,1,1,-1,-1,-1,-1,-1,-1,-1,-1,1,-1,1,1,1,-1,1,-1,-1,1,-1,-1,1,1,-1,1,1,1,1,-1,1,-1,1,1,1,-1,-1,1,-1,1,1,-1,1,1,-1,-1,-1,1,1,-1,-1,-1,-1,-1,-1,1,1,-1,-1,1,-1,1,-1,1,-302.06612395496626,1
104,-1,1,-1,1,1,-1,1,1,-1,1,-1,-1,1,1,1,1,1,-1,-1,1,1,-1,-1,-1,1,1,-1,1,1,1,-1,-1,1,1,-1,-1,1,1,-1,-1,1,-1,1,1,-1,1,1,-1,-1,1,1,-1,1,1,1,-1,-1,-1,1,-1,1,1,-1,1,1,-1,1,1,-1,-1,1,1,1,1,1,-1,-1,-1,1,1,-1,-1,1,-1,1,-1,-1,1,1,-1,1,-1,-1,1,-1,-1,1,1,1,-1,-1,-1,-1,1,-1,1,1,-1,1,-1,1,-1,1,1,-1,-1,-1,-1,-1,-1,-1,-1,1,1,1,1,-1,-1,1,1,1,-1,-1,1,1,-1,-1,1,1,-1,1,-1,1,-1,-1,-1,1,1,-1,-1,-1,-1,1,1,-1,-1,-1,-1,-1,-1,-1,-1,1,-1,1,1,1,-1,1,-1,-1,1,-1,-1,1,1,-1,1,1,1,1,-1,1,-1,1,1,1,-1,-1,1,-1,1,-1,-1,1,1,-1,-1,-1,1,1,-1,-1,-1,1,-1,-1,-1,1,-1,-1,1,-1,-1,1,1,-302.0625571606092,1
105,-1,1,-1,1,1,1,1,1,1,1,-1,1,1,1,1,1,1,1,-1,1,1,-1,-1,-1,1,1,-1,1,1,1,-1,-1,1,1,-1,1,1,1,-1,-1,1,-1,1,1,-1,1,1,-1,-1,1,1,-1,1,1,1,-1,-1,-1,1,-1,1,1,-1,1,1,-1,-1,-1,-1,-1,-1,1,1,1,1,-1,-1,-1,-1,1,-1,1,1,-1,-1,-1,-1,1,1,-1,1,-1,-1,-1,-1,-1,1,1,1,-1,-1,-1,-1,1,-1,-1,1,-1,1,-1,1,-1,1,1,-1,-1,1,-1,-1,1,-1,-1,1,1,1,-1,-1,-1,1,1,1,-1,-1,1,-1,-1,-1,1,1,-1,1,-1,1,1,-1,-1,1,1,-1,-1,-1,-1,1,1,-1,-1,-1,-1,-1,-1,-1,-1,1,-1,1,1,1,-1,1,-1,-1,1,-1,-1,1,1,-1,1,1,1,1,-1,1,-1,1,1,1,-1,-1,1,-1,1,1,-1,1,1,-1,-1,-1,1,1,-1,-1,-1,-1,-1,-1,1,1,-1,-1,1,-1,1,-1,1,-302.0607631905334,1
106,-1,1,-1,1,1,-1,1,1,-1,1,-1,-1,1,-1,-1,1,1,-1,-1,1,-1,-1,-1,-1,1,1,-1,1,1,1,-1,-1,1,1,-1,-1,1,1,-1,-1,1,-1,1,1,-1,1,1,-1,-1,1,1,-1,1,1,1,-1,-1,-1,1,-1,1,1,-1,1,1,-1,-1,-1,-1,-1,-1,1,1,1,1,-1,-1,-1,1,1,-1,-1,1,-1,-1,-1,-1,-1,1,-1,1,-1,-1,-1,-1,-1,1,-1,1,-1,1,-1,-1,1,-1,1,-1,-1,1,-1,1,-1,1,1,-1,-1,1,-1,-1,-1,-1,-1,1,1,1,1,-1,-1,-1,1,1,1,-1,1,-1,-1,-1,1,1,-1,1,-1,1,-1,-1,-1,1,1,-1,-1,-1,-1,1,1,-1,1,-1,-1,-1,-1,-1,-1,1,-1,1,1,1,-1,1,-1,-1,1,-1,-1,1,1,-1,1,1,1,1,-1,1,-1,1,1,1,-1,-1,1,-1,1,-1,-1,1,-1,-1,-1,-1,1,1,-1,-1,-1,1,-1,-1,1,1,-1,-1,1,-1,-1,1,1,-302.06051238546445,1
107,-1,-1,1,1,-1,1,1,-1,1,1,1,1,1,-1,-1,1,-1,1,-1,1,1,-1,-1,-1,1,1,1,1,1,-1,-1,-1,-1,1,-1,-1,1,1,-1,-1,-1,1,1,1,1,1,-1,-1,-1,1,1,-1,1,1,1,-1,-1,-1,1,-1,1,1,-1,1,1,-1,-1,-1,-1,-1,-1,1,1,1,1,-1,-1,-1,1,1,-1,-1,1,-1,-1,-1,-1,-1,1,-1,1,-1,-1,-1,-1,-1,1,-1,1,-1,1,-1,-1,1,-1,1,-1,-1,1,-1,1,-1,-1,1,-1,-1,1,-1,-1,-1,-1,-1,1,1,1,1,-1,-1,-1,1,1,1,-1,1,-1,-1,-1,1,1,-1,1,-1,1,-1,-1,-1,1,1,-1,-1,-1,-1,1,1,-1,1,-1,-1,-1,1,1,-1,-1,-1,1,-1,1,-1,-1,-1,-1,-1,-1,-1,-1,1,-1,-1,-1,-1,1,-1,1,-1,1,1,-1,-1,-1,-1,-1,1,1,-1,1,-1,-1,-1,-1,1,1,-1,-1,-1,-1,1,-1,1,1,-1,1,1,-1,1,-1,-1,-302.0597883044691,1
108,1,1,-1,-1,1,-1,-1,1,-1,-1,-1,-1,-1,1,1,-1,1,-1,1,-1,-1,1,1,1,-1,-1,-1,-1,-1,1,1,1,1,-1,1,1,-1,-1,1,1,1,-1,-1,-1,-1,-1,1,1,1,-1,-1,1,-1,-1,-1,1,1,1,-1,1,-1,-1,1,-1,-1,1,1,1,1,1,1,-1,-1,-1,-1,1,1,1,-1,-1,1,1,-1,1,1,1,1,1,-1,1,-1,1,1,1,1,1,-1,1,-1,1,-1,1,1,-1,1,-1,1,1,-1,1,-1,1,1,-1,1,1,-1,1,1,1,1,1,-1,-1,-1,-1,1,1,1,-1,-1,-1,1,-1,1,1,1,-1,-1,1,-1,1,-1,1,1,1,-1,-1,1,1,1,1,-1,-1,1,-1,1,1,1,-1,-1,1,1,1,-1,1,-1,1,1,1,1,1,1,1,1,-1,1,1,1,1,-1,1,-1,1,-1,-1,1,1,1,1,1,-1,-1,1,-1,1,1,1,1,-1,-1,1,1,1,1,-1,1,-1,-1,1,-1,-1,1,-1,1,1,-302.0597883044691,6
109,1,1,-1,-1,1,-1,-1,1,-1,-1,-1,-1,-1,1,1,-1,1,-1,1,-1,-1,1,1,1,-1,-1,-1,-1,-1,1,1,1,1,-1,1,1,-1,-1,1,1,1,-1,-1,-1,-1,-1,1,1,1,-1,-1,1,-1,-1,-1,1,1,1,-1,1,-1,-1,1,-1,-1,1,1,1,1,1,1,-1,-1,-1,-1,1,1,1,-1,-1,1,1,-1,1,1,1,1,1,-1,1,-1,1,1,1,1,1,-1,1,-1,1,-1,1,1,-1,1,-1,1,1,-1,1,-1,1,-1,-1,1,1,-1,1,1,1,1,1,-1,-1,-1,-1,1,1,1,-1,-1,-1,1,-1,1,1,1,-1,-1,1,-1,1,-1,1,1,1,-1,-1,1,1,1,1,-1,-1,1,-1,1,1,1,-1,-1,1,1,1,-1,1,-1,1,1,1,1,1,1,1,1,-1,1,1,1,1,-1,1,-1,1,-1,-1,1,1,1,1,1,-1,-1,1,-1,1,1,1,1,-1,-1,1,1,1,1,-1,1,-1,-1,1,-1,-1,1,-1,1,1,-302.0508897265841,2
110,-1,-1,1,1,-1,1,1,-1,1,1,1,1,1,-1,-1,1,-1,1,-1,1,1,-1,-1,-1,1,1,1,1,1,-1,-1,-1,-1,1,-1,-1,1,1,-1,-1,-1,1,1,1,1,1,-1,-1,-1,1,1,-1,1,1,1,-1,-1,-1,1,-1,1,1,-1,1,1,-1,-1,-1,-1,-1,-1,1,1,1,1,-1,-1,-1,1,1,-1,-1,1,-1,-1,-1,-1,-1,1,-1,1,-1,-1,-1,-1,-1,1,-1,1,-1,1,-1,-1,1,-1,1,-1,-1,1,-1,1,-1,1,1,-1,-1,1,-1,-1,-1,-1,-1,1,1,1,1,-1,-1,-1,1,1,1,-1,1,-1,-1,-1,1,1,-1,1,-1,1,-1,-1,-1,1,1,-1,-1,-1,-1,1,1,-1,1,-1,-1,-1,1,1,-1,-1,-1,1,-1,1,-1,-1,-1,-1,-1,-1,-1,-1,1,-1,-1,-1,-1,1,-1,1,-1,1,1,-1,-1,-1,-1,-1,1,1,-1,1,-1,-1,-1,-1,1,1,-1,-1,-1,-1,1,-1,1,1,-1,1,1,-1,1,-1,-1,-302.0508897265841,2
111,-1,1,-1,1,1,1,1,1,1,1,-1,1,1,1,1,1,1,1,-1,1,1,-1,-1,-1,1,1,-1,1,1,1,-1,-1,1,1,-1,1,1,1,-1,-1,1,-1,1,1,-1,1,1,-1,-1,1,1,-1,1,1,1,-1,-1,-1,1,-1,1,1,-1,1,1,-1,-1,-1,-1,-1,-1,1,1,1,1,-1,-1,-1,-1,1,-1,1,1,-1,1,-1,-1,1,1,-1,1,-1,-1,-1,-1,-1,1,1,1,-1,-1,-1,-1,1,-1,-1,1,-1,1,-1,1,-1,-1,1,-1,-1,1,-1,1,1,-1,-1,1,1,1,1,-1,-1,1,1,1,-1,-1,1,-1,-1,-1,1,1,-1,1,-1,1,1,-1,-1,1,1,-1,-1,-1,-1,1,1,-1,-1,-1,-1,-1,-1,-1,-1,1,-1,1,1,1,-1,1,-1,-1,1,-1,-1,1,1,-1,1,1,1,1,-1,1,-1,1,1,1,-1,-1,1,-1,1,1,-1,1,1,-1,-1,-1,1,1,-1,-1,-1,-1,-1,-1,1,1,-1,-1,1,-1,1,-1,1,-302.0476089243439,1
112,-1,1,-1,1,1,-1,1,1,-1,1,-1,-1,1,1,1,1,1,-1,-1,1,1,-1,-1,-1,1,1,-1,1,1,1,-1,-1,1,1,-1,-1,1,1,-1,-1,1,-1,1,1,-1,1,1,-1,-1,1,1,-1,1,1,1,-1,-1,-1,1,-1,1,1,-1,1,1,-1,-1,-1,-1,-1,-1,1,1,1,1,-1,-1,-1,1,1,-1,-1,1,-1,-1,-1,-1,-1,1,-1,1,-1,-1,-1,-1,-1,1,-1,1,-1,1,-1,-1,1,-1,1,-1,-1,1,-1,1,-1,-1,1,-1,-1,1,-1,-1,-1,-1,-1,1,1,1,1,-1,-1,-1,1,1,1,-1,1,-1,-1,-1,1,1,-1,1,-1,1,-1,-1,-1,1,1,-1,-1,-1,-1,1,1,-1,1,-1,-1,-1,-1,-1,-1,1,-1,1,1,1,-1,1,-1,-1,1,-1,-1,1,1,-1,1,1,1,1,-1,1,-1,1,1,1,-1,-1,1,-1,1,-1,-1,1,-1,-1,-1,-1,1,1,-1,-1,-1,1,-1,-1,-1,1,-1,-1,1,-1,-1,1,1,-302.04613848870207,1
113,-1,1,-1,1,1,-1,1,1,-1,1,-1,-1,1,-1,-1,1,1,1,-1,1,-1,-1,-1,-1,1,1,-1,1,1,1,-1,-1,1,1,-1,-1,1,1,-1,-1,1,-1,1,1,-1,1,1,-1,-1,1,1,-1,1,1,1,-1,-1,-1,1,-1,1,1,-1,1,1,-1,-1,-1,-1,-1,-1,1,1,1,1,-1,-1,-1,1,1,-1,-1,1,-1,-1,-1,-1,-1,1,-1,1,-1,-1,-1,-1,-1,1,-1,1,-1,1,-1,-1,1,-1,1,-1,-1,1,-1,1,-1,-1,1,-1,-1,1,-1,-1,1,-1,-1,1,1,1,1,-1,-1,-1,1,1,1,-1,1,-1,-1,-1,1,1,-1,1,-1,1,-1,-1,-1,1,1,-1,-1,-1,-1,1,1,-1,1,-1,-1,-1,-1,-1,-1,1,-1,1,1,1,-1,1,-1,-1,1,-1,-1,1,1,-1,1,1,1,1,-1,1,-1,1,1,1,-1,-1,1,-1,1,-1,-1,1,-1,-1,-1,-1,1,1,-1,-1,-1,1,-1,-1,1,1,-1,-1,1,-1,-1,1,1,-302.0396510981632,1
114,1,1,-1,-1,1,-1,-1,1,-1,-1,-1,-1,-1,1,1,-1,1,-1,1,-1,-1,1,1,1,-1,-1,-1,-1,-1,1,1,1,1,-1,1,-1,-1,-1,-1,1,1,-1,-1,-1,1,-1,1,1,1,-1,-1,1,-1,-1,-1,1,1,1,-1,1,-1,-1,1,-1,-1,1,1,1,1,1,1,-1,-1,-1,-1,1,1,1,-1,-1,1,1,-1,1,1,1,1,1,-1,1,-1,1,1,1,1,1,-1,1,-1,1,-1,1,1,-1,1,-1,1,1,-1,1,-1,1,1,-1,1,1,-1,1,1,1,1,1,-1,-1,-1,-1,1,1,1,-1,-1,-1,1,-1,1,1,1,-1,-1,1,-1,1,-1,1,1,1,-1,-1,1,1,1,1,-1,-1,1,-1,1,1,1,-1,-1,1,1,1,-1,1,-1,1,1,1,1,1,1,1,1,-1,1,1,1,1,-1,1,-1,1,-1,-1,1,1,1,-1,1,-1,-1,1,-1,1,1,1,1,-1,-1,1,1,1,1,-1,1,-1,-1,1,-1,1,1,-1,-1,-1,-302.03342312921484,8
115,1,-1,1,-1,-1,1,-1,-1,1,-1,1,1,-1,1,1,-1,-1,-1,1,-1,1,1,1,1,-1,-1,1,-1,-1,-1,1,1,-1,-1,1,1,-1,-1,1,1,-1,1,-1,-1,1,-1,-1,1,1,-1,-1,1,-1,-1,-1,1,1,1,-1,1,-1,-1,1,-1,-1,1,-1,-1,1,1,-1,-1,-1,-1,-1,1,1,1,-1,-1,1,1,-1,1,-1,1,1,-1,-1,1,-1,1,1,-1,1,1,-1,-1,-1,1,1,1,1,-1,1,-1,-1,1,-1,1,-1,1,-1,-1,1,1,-1,1,1,1,1,1,-1,-1,-1,-1,1,1,-1,-1,-1,1,1,-1,-1,1,1,-1,-1,1,-1,1,-1,1,1,1,-1,-1,1,1,1,1,-1,-1,1,1,1,1,1,1,1,1,-1,1,-1,-1,-1,1,-1,1,1,-1,1,1,-1,-1,1,-1,-1,-1,-1,1,-1,1,-1,-1,-1,1,1,-1,1,-1,1,1,-1,1,1,1,1,-1,-1,1,1,1,-1,1,1,-1,-1,1,1,-1,1,1,-1,1,-302.03180203196865,1
116,-1,1,-1,1,1,-1,1,1,-1,1,-1,-1,1,-1,-1,1,1,1,-1,1,-1,-1,-1,-1,1,1,-1,1,1,1,-1,-1,1,1,-1,-1,1,1,-1,-1,1,-1,1,1,-1,1,1,-1,-1,1,1,-1,1,1,1,-1,-1,-1,1,-1,1,1,-1,1,1,-1,1,1,-1,-1,1,1,1,1,1,-1,-1,-1,1,1,-1,-1,1,-1,1,-1,-1,1,1,-1,1,-1,-1,1,-1,-1,1,1,1,-1,-1,-1,-1,1,-1,1,1,-1,1,-1,1,-1,1,1,-1,-1,1,-1,-1,-1,-1,-1,1,1,1,1,-1,-1,1,1,1,-1,-1,1,1,-1,-1,1,1,-1,1,-1,1,-1,-1,-1,1,1,-1,-1,-1,-1,1,1,-1,-1,-1,-1,-1,-1,-1,-1,1,-1,1,1,1,-1,1,-1,-1,1,-1,-1,1,1,-1,1,1,1,1,-1,1,-1,1,1,1,-1,-1,1,-1,1,-1,-1,1,-1,-1,-1,-1,1,1,-1,-1,-1,1,-1,-1,1,1,-1,-1,1,-1,-1,1,-1,-302.03180203196865,1
117,-1,1,-1,1,1,-1,1,1,-1,1,-1,-1,1,1,1,1,1,-1,-1,1,1,-1,-1,-1,1,1,-1,1,1,1,-1,-1,1,1,-1,-1,1,1,-1,-1,1,-1,1,1,-1,1,1,-1,-1,1,1,-1,1,1,1,-1,-1,-1,1,-1,1,1,-1,1,1,-1,-1,-1,-1,-1,-1,1,1,1,1,-1,-1,-1,1,1,-1,-1,1,-1,-1,-1,-1,-1,1,-1,1,-1,-1,-1,-1,-1,1,-1,1,-1,1,-1,-1,1,-1,1,-1,-1,1,-1,1,-1,1,1,-1,-1,1,-1,-1,-1,-1,-1,1,1,1,1,-1,-1,-1,1,1,1,-1,1,-1,-1,-1,1,1,-1,1,-1,1,-1,-1,-1,1,1,-1,-1,-1,-1,1,1,-1,1,-1,-1,-1,-1,-1,-1,1,-1,1,1,1,-1,1,-1,-1,1,-1,-1,1,1,-1,1,1,1,1,-1,1,-1,1,1,1,-1,-1,1,-1,1,-1,-1,1,1,-1,-1,-1,1,1,-1,-1,-1,1,-1,-1,-1,1,-1,-1,1,-1,-1,1,-1,-302.0260480104579,1
118,-1,-1,1,1,-1,1,1,-1,1,1,1,1,1,-1,-1,1,-1,1,-1,1,1,-1,-1,-1,1,1,1,1,1,-1,-1,-1,-1,1,-1,1,1,1,1,-1,-1,1,1,1,-1,1,-1,-1,-1,1,1,-1,1,1,1,-1,-1,-1,1,-1,1,1,-1,1,1,-1,-1,-1,-1,-1,-1,1,1,1,1,-1,-1,-1,1,1,-1,-1,1,-1,-1,-1,-1,-1,1,-1,1,-1,-1,-1,-1,-1,1,-1,1,-1,1,-1,-1,1,-1,1,-1,-1,1,-1,1,-1,1,1,-1,-1,1,-1,-1,-1,-1,-1,1,1,1,1,-1,-1,-1,1,1,1,-1,1,-1,-1,-1,1,1,-1,1,-1,1,-1,-1,-1,1,1,-1,-1,-1,-1,1,1,-1,1,-1,-1,-1,1,1,-1,-1,-1,1,-1,1,-1,-1,-1,-1,-1,-1,-1,-1,1,-1,-1,-1,-1,1,-1,1,-1,1,1,-1,-1,-1,1,-1,1,1,-1,1,-1,-1,-1,-1,1,1,-1,-1,-1,-1,1,-1,1,1,-1,1,-1,-1,1,1,1,-302.0245245513298,5
119,1,1,-1,-1,1,-1,-1,1,-1,-1,-1,-1,-1,1,1,-1,1,-1,1,-1,-1,1,1,1,-1,-1,-1,-1,-1,1,1,1,1,-1,1,-1,-1,-1,-1,1,1,-1,-1,-1,1,-1,1,1,1,-1,-1,1,-1,-1,-1,1,1,1,-1,1,-1,-1,1,-1,-1,1,1,1,1,1,1,-1,-1,-1,-1,1,1,1,-1,-1,1,1,-1,1,1,1,1,1,-1,1,-1,1,1,1,1,1,-1,1,-1,1,-1,1,1,-1,1,-1,1,1,-1,1,-1,1,-1,-1,1,1,-1,1,1,1,1,1,-1,-1,-1,-1,1,1,1,-1,-1,-1,1,-1,1,1,1,-1,-1,1,-1,1,-1,1,1,1,-1,-1,1,1,1,1,-1,-1,1,-1,1,1,1,-1,-1,1,1,1,-1,1,-1,1,1,1,1,1,1,1,1,-1,1,1,1,1,-1,1,-1,1,-1,-1,1,1,1,-1,1,-1,-1,1,-1,1,1,1,1,-1,-1,1,1,1,1,-1,1,-1,-1,1,-1,1,1,-1,-1,-1,-302.0245245513298,6
120,-1,1,-1,1,1,-1,1,1,-1,1,-1,-1,1,-1,-1,1,1,1,-1,1,-1,-1,-1,-1,1,1,-1,1,1,1,-1,-1,1,1,-1,-1,1,1,-1,-1,1,-1,1,1,-1,1,1,-1,-1,1,1,-1,1,1,1,-1,-1,-1,1,-1,1,1,-1,1,1,-1,-1,-1,-1,-1,-1,1,1,1,1,-1,-1,-1,-1,1,-1,1,1,-1,-1,-1,-1,1,1,-1,1,-1,-1,-1,-1,-1,-1,-1,1,1,1,-1,-1,1,-1,-1,1,-1,1,-1,1,-1,1,-1,-1,-1,1,-1,-1,1,-1,-1,-1,1,1,-1,-1,-1,1,1,1,-1,-1,1,-1,-1,-1,1,1,-1,1,-1,1,1,-1,-1,1,1,-1,-1,-1,-1,1,1,-1,-1,-1,-1,-1,-1,-1,-1,1,-1,1,1,1,-1,1,-1,-1,1,-1,-1,1,1,-1,1,1,1,1,-1,1,-1,1,1,1,-1,-1,1,-1,1,-1,-1,1,-1,-1,-1,-1,1,1,-1,-1,-1,1,-1,-1,1,1,-1,-1,1,-1,-1,1,1,-302.02385675826264,1
121,1,-1,1,-1,-1,1,-1,-1,1,-1,1,1,-1,1,1,-1,-1,-1,1,-1,1,1,1,1,-1,-1,1,-1,-1,-1,1,1,-1,-1,1,1,-1,-1,1,1,-1,1,-1,-1,1,-1,-1,1,1,-1,-1,1,-1,-1,-1,1,1,1,-1,1,-1,-1,1,-1,-1,1,1,1,1,1,1,-1,-1,-1,-1,1,1,1,1,-1,1,-1,-1,1,1,1,1,-1,-1,1,-1,1,1,1,1,1,1,1,-1,-1,-1,1,1,-1,1,1,-1,1,-1,1,-1,1,-1,1,1,1,-1,1,1,-1,1,1,1,-1,-1,1,1,1,-1,-1,-1,1,1,-1,1,1,1,-1,-1,1,-1,1,-1,-1,1,1,-1,-1,1,1,1,1,-1,-1,1,1,1,1,1,1,1,1,-1,1,-1,-1,-1,1,-1,1,1,-1,1,1,-1,-1,1,-1,-1,-1,-1,1,-1,1,-1,-1,-1,1,1,-1,1,-1,1,1,-1,1,1,1,1,-1,-1,1,1,1,-1,1,1,-1,-1,1,1,-1,1,1,-1,-1,-302.02385675826264,1
122,-1,1,-1,1,1,-1,1,1,-1,1,-1,-1,1,-1,-1,1,1,1,-1,1,-1,-1,-1,-1,1,1,-1,1,1,1,-1,-1,1,1,-1,-1,1,1,-1,-1,1,-1,1,1,-1,1,1,-1,-1,1,1,-1,1,1,1,-1,-1,-1,1,-1,1,1,-1,1,1,-1,-1,-1,-1,-1,-1,1,1,1,1,-1,-1,-1,1,1,-1,-1,1,-1,-1,-1,-1,-1,1,-1,1,-1,-1,-1,-1,-1,1,-1,1,-1,1,-1,-1,1,-1,1,-1,-1,1,-1,1,-1,-1,1,-1,-1,1,-1,-1,-1,-1,-1,1,1,1,1,-1,-1,-1,1,1,1,-1,1,-1,-1,-1,1,1,-1,1,-1,1,-1,-1,-1,1,1,-1,-1,-1,-1,1,1,-1,1,-1,-1,-1,-1,-1,-1,1,-1,1,1,1,-1,1,-1,-1,1,-1,-1,1,1,-1,1,1,1,1,-1,1,-1,1,-1,1,-1,-1,1,-1,1,-1,-1,1,-1,-1,-1,-1,1,1,-1,-1,-1,1,-1,-1,1,1,-1,-1,1,-1,-1,1,1,-302.01977039076064,2
123,-1,1,-1,1,1,-1,1,1,-1,1,-1,-1,1,-1,-1,1,1,1,-1,1,-1,-1,-1,-1,1,1,-1,1,1,1,-1,-1,1,1,-1,-1,1,1,-1,-1,1,-1,1,1,-1,1,1,-1,-1,1,1,-1,1,1,1,-1,-1,-1,1,-1,1,1,-1,1,1,-1,-1,-1,-1,-1,-1,1,1,1,1,-1,-1,-1,-1,1,-1,1,1,-1,-1,-1,-1,1,1,-1,1,-1,-1,-1,-1,-1,1,1,1,-1,-1,-1,-1,1,-1,-1,1,-1,1,-1,1,-1,1,1,-1,-1,1,-1,-1,1,-1,-1,1,1,1,-1,-1,-1,1,1,1,-1,-1,1,-1,-1,-1,1,1,-1,1,-1,1,1,-1,-1,1,1,-1,-1,-1,-1,1,1,-1,-1,-1,-1,-1,-1,-1,-1,1,-1,1,1,1,-1,1,-1,-1,1,-1,-1,1,1,-1,1,1,1,1,-1,1,-1,1,1,1,-1,-1,1,-1,1,-1,-1,1,-1,-1,-1,-1,1,1,-1,-1,-1,1,-1,-1,1,1,-1,-1,1,-1,-1,1,1,-302.0184959938298,5
124,-1,1,-1,1,1,-1,1,1,-1,1,-1,-1,1,-1,-1,1,1,1,-1,1,-1,-1,-1,-1,1,1,-1,1,1,1,-1,-1,1,1,-1,-1,1,1,-1,-1,1,-1,1,1,-1,1,1,-1,-1,1,1,-1,1,1,1,-1,-1,-1,1,-1,1,1,-1,1,1,-1,-1,-1,-1,-1,1,1,1,1,1,-1,-1,-1,1,1,-1,-1,1,-1,1,-1,-1,-1,1,-1,1,-1,-1,1,-1,-1,1,1,1,-1,-1,-1,-1,1,-1,1,1,-1,1,-1,1,-1,-1,1,-1,-1,-1,-1,-1,-1,-1,-1,1,1,1,1,-1,-1,1,1,1,-1,-1,1,1,-1,-1,1,1,-1,1,-1,1,-1,-1,-1,1,1,-1,-1,-1,-1,1,1,-1,-1,-1,-1,-1,-1,-1,-1,1,-1,1,1,1,-1,1,-1,-1,1,-1,-1,1,1,-1,1,1,1,1,-1,1,-1,1,1,1,-1,-1,1,-1,1,-1,-1,1,-1,-1,-1,-1,1,1,-1,-1,-1,1,-1,-1,1,1,-1,-1,1,-1,-1,1,1,-302.0068220657389,1
125,-1,1,-1,1,1,-1,1,1,-1,1,-1,-1,1,-1,-1,1,1,1,-1,1,-1,-1,-1,-1,1,1,-1,1,1,1,-1,-1,1,1,-1,-1,1,1,-1,-1,1,-1,1,1,-1,1,1,-1,-1,1,1,-1,1,1,1,-1,-1,-1,1,-1,1,1,-1,1,1,-1,-1,-1,-1,-1,-1,1,1,1,1,-1,-1,-1,-1,1,-1,1,1,-1,1,-1,-1,1,1,-1,1,-1,-1,-1,-1,-1,1,1,1,-1,-1,-1,-1,1,-1,-1,1,-1,1,-1,1,-1,-1,1,-1,-1,1,-1,1,1,-1,-1,1,1,1,1,-1,-1,1,1,1,-1,-1,1,-1,-1,-1,1,1,-1,1,-1,1,1,-1,-1,1,1,-1,-1,-1,-1,1,1,-1,-1,-1,-1,-1,-1,-1,-1,1,-1,1,1,1,-1,1,-1,-1,1,-1,-1,1,1,-1,1,1,1,1,-1,1,-1,1,1,1,-1,-1,1,-1,1,-1,-1,1,-1,-1,-1,-1,1,1,-1,-1,-1,1,-1,-1,1,1,-1,-1,1,-1,-1,1,1,-302.00534172764026,12
126,-1,1,-1,1,1,-1,1,1,-1,1,-1,-1,1,1,1,1,1,-1,-1,1,1,-1,-1,-1,1,1,-1,1,1,1,-1,-1,1,1,-1,1,1,1,-1,-1,1,-1,1,1,-1,1,1,-1,-1,1,1,-1,1,1,1,-1,-1,-1,1,-1,1,1,-1,1,1,-1,-1,-1,-1,-1,-1,1,1,1,1,-1,-1,-1,1,1,-1,-1,1,-1,-1,-1,-1,-1,1,-1,1,-1,-1,-1,-1,-1,1,-1,1,-1,1,-1,-1,1,-1,1,-1,-1,1,-1,1,-1,1,1,-1,-1,1,-1,-1,-1,-1,-1,1,1,1,1,-1,-1,-1,1,1,1,-1,1,-1,-1,-1,1,1,-1,1,-1,1,-1,-1,-1,1,1,-1,-1,-1,-1,1,1,-1,1,-1,-1,-1,-1,-1,-1,1,-1,1,1,1,-1,1,1,-1,1,-1,-1,1,1,-1,1,1,1,1,-1,1,-1,1,1,1,-1,-1,1,-1,1,-1,-1,1,1,-1,-1,-1,1,1,-1,-1,-1,1,-1,-1,-1,1,-1,-1,1,-1,-1,1,1,-302.0036374172784,1
127,1,-1,1,-1,-1,-1,-1,-1,1,-1,1,-1,-1,1,1,-1,-1,-1,1,-1,-1,1,1,1,-1,-1,1,-1,-1,-1,1,1,-1,-1,1,1,-1,-1,1,1,-1,1,-1,-1,1,-1,-1,1,1,-1,-1,1,-1,-1,-1,1,1,1,-1,1,-1,-1,1,-1,-1,1,-1,-1,1,1,-1,-1,-1,-1,-1,1,1,1,-1,-1,1,1,-1,1,-1,1,1,-1,-1,1,-1,1,1,-1,1,1,-1,-1,-1,1,1,1,1,-1,1,-1,-1,1,-1,1,-1,1,-1,-1,1,1,1,1,1,1,1,1,-1,-1,-1,-1,1,1,-1,-1,-1,1,1,-1,-1,1,1,-1,-1,1,-1,1,-1,1,1,1,-1,-1,1,1,1,1,-1,-1,1,1,1,1,1,1,1,1,-1,1,-1,-1,-1,1,-1,1,1,-1,1,1,-1,-1,1,-1,-1,-1,-1,1,-1,1,-1,-1,-1,1,1,-1,1,-1,1,1,-1,1,1,1,1,-1,-1,1,1,1,1,1,1,-1,-1,1,1,-1,1,-1,1,-1,-301.99597312044347,2
128,1,-1,1,-1,-1,-1,-1,-1,-1,-1,1,-1,-1,-1,-1,-1,-1,-1,1,-1,-1,1,1,1,-1,-1,1,-1,-1,-1,1,1,-1,-1,1,-1,-1,-1,1,1,-1,1,-1,-1,1,-1,-1,1,1,-1,-1,1,-1,-1,-1,1,1,1,-1,1,-1,-1,1,-1,-1,1,1,1,1,1,1,-1,-1,-1,-1,1,1,1,-1,-1,1,1,-1,1,1,1,1,1,-1,1,-1,1,1,1,1,1,-1,1,-1,1,-1,1,1,-1,1,-1,1,1,-1,1,-1,1,-1,-1,1,1,-1,1,1,-1,1,1,-1,-1,-1,-1,1,1,1,-1,-1,-1,1,-1,1,1,1,-1,-1,1,-1,1,-1,1,1,1,-1,-1,1,1,1,1,-1,-1,1,-1,1,1,1,1,1,1,-1,1,-1,-1,-1,1,-1,1,1,-1,1,1,-1,-1,1,-1,-1,-1,-1,1,-1,1,-1,-1,-1,1,1,-1,1,-1,-1,1,-1,-1,1,1,1,-1,-1,1,1,1,1,1,1,-1,-1,1,1,-1,1,-1,1,1,-301.99297415788203,1
129,-1,1,-1,1,1,-1,1,1,-1,1,-1,-1,1,-1,-1,1,1,1,-1,1,1,-1,-1,-1,1,1,-1,1,1,1,-1,-1,1,1,-1,-1,1,1,-1,-1,1,-1,1,1,-1,1,1,-1,-1,1,1,-1,1,1,1,-1,-1,-1,1,-1,1,1,-1,1,1,-1,1,1,-1,-1,1,1,1,1,1,-1,-1,-1,1,1,-1,-1,1,-1,1,-1,-1,1,1,-1,1,-1,-1,1,-1,-1,1,1,1,-1,-1,-1,-1,1,-1,1,1,-1,1,-1,1,-1,1,1,-1,-1,-1,-1,-1,-1,-1,-1,1,1,1,1,-1,-1,1,1,1,-1,-1,1,1,-1,-1,1,1,-1,1,-1,1,-1,-1,-1,1,1,-1,-1,-1,-1,1,1,-1,-1,-1,-1,-1,-1,-1,-1,1,-1,1,1,1,-1,1,-1,-1,-1,-1,-1,1,1,-1,1,1,1,1,-1,1,-1,1,1,1,-1,-1,1,-1,1,-1,-1,1,-1,-1,-1,-1,1,1,-1,-1,-1,1,-1,-1,1,1,-1,-1,1,-1,-1,1,1,-301.99015376256983,3
130,1,1,-1,-1,1,-1,-1,1,-1,-1,-1,-1,-1,1,1,-1,1,-1,1,-1,-1,1,1,1,-1,-1,-1,-1,-1,1,1,1,1,-1,1,-1,-1,-1,-1,1,1,-1,-1,-1,-1,-1,1,1,1,-1,-1,1,-1,-1,-1,1,1,1,-1,1,-1,-1,1,-1,-1,1,1,1,1,1,1,-1,-1,-1,-1,1,1,1,-1,-1,1,1,-1,1,1,1,1,1,-1,1,-1,1,1,1,1,1,-1,1,-1,1,-1,1,1,-1,1,-1,1,1,-1,1,-1,1,1,-1,1,1,-1,1,1,1,1,1,-1,-1,-1,-1,1,1,1,-1,-1,-1,1,-1,1,1,1,-1,-1,1,-1,1,-1,1,1,1,-1,-1,1,1,1,1,-1,-1,1,-1,1,1,1,-1,-1,-1,1,1,-1,1,-1,1,1,1,1,1,1,1,1,-1,1,1,1,1,-1,1,-1,1,-1,-1,1,1,1,-1,1,-1,-1,1,-1,1,1,1,1,-1,-1,1,1,1,1,-1,1,-1,-1,1,-1,1,1,-1,1,-1,-301.9886254852469,7
131,-1,-1,1,1,-1,1,1,-1,1,1,1,1,1,-1,-1,1,-1,1,-1,1,1,-1,-1,-1,1,1,1,1,1,-1,-1,-1,-1,1,-1,1,1,1,1,-1,-1,1,1,1,1,1,-1,-1,-1,1,1,-1,1,1,1,-1,-1,-1,1,-1,1,1,-1,1,1,-1,-1,-1,-1,-1,-1,1,1,1,1,-1,-1,-1,1,1,-1,-1,1,-1,-1,-1,-1,-1,1,-1,1,-1,-1,-1,-1,-1,1,-1,1,-1,1,-1,-1,1,-1,1,-1,-1,1,-1,1,-1,-1,1,-1,-1,1,-1,-1,-1,-1,-1,1,1,1,1,-1,-1,-1,1,1,1,-1,1,-1,-1,-1,1,1,-1,1,-1,1,-1,-1,-1,1,1,-1,-1,-1,-1,1,1,-1,1,-1,-1,-1,1,1,1,-1,-1,1,-1,1,-1,-1,-1,-1,-1,-1,-1,-1,1,-1,-1,-1,-1,1,-1,1,-1,1,1,-1,-1,-1,1,-1,1,1,-1,1,-1,-1,-1,-1,1,1,-1,-1,-1,-1,1,-1,1,1,-1,1,-1,-1,1,-1,1,-301.9886254852469,1
132,1,-1,1,-1,-1,-1,-1,-1,-1,-1,1,-1,-1,-1,-1,-1,-1,-1,1,-1,-1,1,1,1,-1,-1,1,-1,-1,-1,1,1,-1,-1,1,-1,-1,-1,1,1,-1,1,-1,-1,1,-1,-1,1,1,-1,-1,1,-1,-1,-1,1,1,1,-1,1,-1,-1,1,-1,-1,1,1,1,1,1,1,-1,-1,-1,-1,1,1,1,-1,-1,1,1,-1,1,1,1,1,1,-1,1,-1,1,1,1,1,1,-1,1,-1,1,-1,1,1,-1,1,-1,1,1,-1,1,-1,1,1,-1,1,1,-1,1,1,1,1,1,-1,-1,-1,-1,1,1,1,-1,-1,-1,1,-1,1,1,1,-1,-1,1,-1,1,-1,1,1,1,-1,-1,1,1,1,1,-1,-1,1,-1,1,1,1,1,1,1,-1,1,-1,-1,-1,1,-1,1,1,-1,1,1,-1,-1,1,-1,-1,-1,-1,1,-1,1,-1,1,-1,1,1,-1,1,-1,-1,1,-1,-1,1,1,1,-1,-1,1,1,1,1,1,1,-1,-1,1,1,-1,1,-1,1,1,-301.98199202836446,2
133,1,-1,1,-1,-1,1,-1,-1,1,-1,1,1,-1,1,1,-1,-1,-1,1,-1,1,1,1,1,-1,-1,1,-1,-1,-1,1,1,-1,-1,1,1,-1,-1,1,1,-1,1,-1,-1,1,-1,-1,1,1,-1,-1,1,-1,-1,-1,1,1,1,-1,1,-1,-1,1,-1,-1,1,-1,1,1,1,1,-1,-1,-1,-1,1,1,1,-1,-1,1,1,-1,1,1,1,1,-1,-1,1,-1,1,1,1,1,1,-1,1,-1,1,-1,1,1,-1,1,-1,1,1,-1,1,-1,1,-1,-1,1,1,-1,1,1,1,1,1,-1,-1,-1,-1,1,1,1,-1,-1,-1,1,-1,1,1,1,-1,-1,1,-1,1,-1,1,1,1,-1,-1,1,1,1,1,-1,-1,1,-1,1,1,1,1,1,1,-1,1,-1,-1,-1,1,-1,1,1,-1,1,1,-1,-1,1,-1,-1,-1,-1,1,-1,1,-1,-1,-1,1,1,-1,1,-1,1,1,-1,1,1,1,1,-1,-1,1,1,1,-1,1,1,-1,-1,1,1,-1,1,1,-1,-1,-301.97986587713604,1
134,-1,-1,1,1,-1,1,1,-1,1,1,1,1,1,-1,-1,1,-1,1,-1,1,1,-1,-1,-1,1,1,1,1,1,-1,-1,-1,-1,1,-1,1,1,1,1,-1,-1,1,1,1,1,1,-1,-1,-1,1,1,-1,1,1,1,-1,-1,-1,1,-1,1,1,-1,1,1,-1,-1,-1,-1,-1,-1,1,1,1,1,-1,-1,-1,1,1,-1,-1,1,-1,-1,-1,-1,-1,1,-1,1,-1,-1,-1,-1,-1,1,-1,1,-1,1,-1,-1,1,-1,1,-1,-1,1,-1,1,-1,1,1,-1,-1,1,-1,-1,-1,-1,-1,1,1,1,1,-1,-1,-1,1,1,1,-1,1,-1,-1,-1,1,1,-1,1,-1,1,-1,-1,-1,1,1,-1,-1,-1,-1,1,1,-1,1,-1,-1,-1,1,1,1,-1,-1,1,-1,1,-1,-1,-1,-1,-1,-1,-1,-1,1,-1,-1,-1,-1,1,-1,1,-1,1,1,-1,-1,-1,1,-1,1,1,-1,1,-1,-1,-1,-1,1,1,-1,-1,-1,-1,1,-1,1,1,-1,1,-1,-1,1,-1,1,-301.9797269073619,3
135,1,1,-1,-1,1,-1,-1,1,-1,-1,-1,-1,-1,1,1,-1,1,-1,1,-1,-1,1,1,1,-1,-1,-1,-1,-1,1,1,1,1,-1,1,-1,-1,-1,-1,1,1,-1,-1,-1,-1,-1,1,1,1,-1,-1,1,-1,-1,-1,1,1,1,-1,1,-1,-1,1,-1,-1,1,1,1,1,1,1,-1,-1,-1,-1,1,1,1,-1,-1,1,1,-1,1,1,1,1,1,-1,1,-1,1,1,1,1,1,-1,1,-1,1,-1,1,1,-1,1,-1,1,1,-1,1,-1,1,-1,-1,1,1,-1,1,1,1,1,1,-1,-1,-1,-1,1,1,1,-1,-1,-1,1,-1,1,1,1,-1,-1,1,-1,1,-1,1,1,1,-1,-1,1,1,1,1,-1,-1,1,-1,1,1,1,-1,-1,-1,1,1,-1,1,-1,1,1,1,1,1,1,1,1,-1,1,1,1,1,-1,1,-1,1,-1,-1,1,1,1,-1,1,-1,-1,1,-1,1,1,1,1,-1,-1,1,1,1,1,-1,1,-1,-1,1,-1,1,1,-1,1,-1,-301.9797269073619,6
136,-1,1,-1,1,1,-1,1,1,-1,1,-1,-1,1,1,-1,1,1,1,-1,1,-1,-1,-1,-1,1,1,-1,1,1,1,-1,-1,1,1,-1,-1,1,1,-1,-1,1,-1,1,1,-1,1,1,-1,-1,1,1,-1,1,1,1,-1,-1,-1,1,-1,1,1,-1,1,1,-1,-1,-1,-1,-1,-1,1,1,1,1,-1,-1,-1,1,1,-1,-1,1,-1,-1,-1,-1,-1,1,-1,1,-1,-1,-1,-1,-1,1,-1,1,-1,1,-1,-1,1,-1,1,-1,-1,1,-1,1,-1,-1,1,-1,-1,1,-1,-1,-1,-1,-1,1,1,1,1,-1,-1,-1,1,1,1,-1,1,-1,-1,-1,1,1,-1,1,-1,1,-1,-1,-1,1,1,-1,-1,-1,-1,1,1,-1,1,-1,-1,-1,-1,-1,-1,1,-1,1,1,1,-1,1,-1,-1,1,-1,-1,1,1,-1,1,1,1,1,-1,1,-1,1,1,1,-1,-1,1,-1,1,-1,-1,1,-1,-1,-1,-1,1,1,-1,-1,-1,1,-1,-1,1,1,-1,-1,1,-1,-1,1,1,-301.97549407229997,1
137,-1,1,-1,1,1,-1,1,1,-1,1,-1,-1,1,-1,-1,1,1,1,-1,1,-1,-1,-1,-1,1,1,-1,1,1,1,-1,-1,1,1,-1,-1,1,1,-1,-1,1,-1,1,1,-1,1,1,-1,-1,1,1,-1,1,1,1,-1,-1,-1,1,-1,1,1,-1,1,1,-1,-1,-1,-1,-1,-1,1,1,1,1,-1,-1,-1,-1,1,-1,1,1,-1,-1,-1,-1,1,1,-1,1,-1,-1,-1,-1,-1,-1,-1,1,1,1,-1,-1,1,-1,-1,1,-1,1,-1,-1,-1,1,-1,-1,-1,1,-1,-1,1,-1,-1,-1,1,1,-1,-1,-1,1,1,1,1,-1,1,-1,-1,-1,1,1,-1,1,-1,1,1,-1,-1,1,1,-1,-1,-1,-1,1,1,-1,-1,-1,-1,-1,-1,-1,-1,1,-1,1,1,1,-1,1,-1,-1,1,-1,-1,1,1,-1,1,1,1,1,-1,1,-1,1,1,1,-1,-1,1,-1,1,-1,-1,1,-1,-1,-1,-1,1,1,-1,-1,-1,1,-1,-1,1,1,-1,-1,1,-1,-1,1,1,-301.9705452713973,4
138,-1,1,-1,1,1,-1,1,1,-1,1,-1,-1,1,-1,-1,1,1,1,-1,1,1,-1,-1,-1,1,1,-1,1,1,1,-1,-1,1,1,-1,-1,1,1,-1,-1,1,-1,1,1,-1,1,1,-1,-1,1,1,-1,1,1,1,-1,-1,-1,1,-1,1,1,-1,1,1,-1,-1,-1,-1,-1,-1,1,1,1,1,-1,-1,-1,1,1,-1,-1,1,-1,-1,-1,-1,1,1,-1,1,-1,-1,-1,-1,-1,1,-1,1,-1,1,-1,-1,1,-1,1,-1,-1,1,-1,1,-1,1,1,-1,-1,1,-1,-1,-1,-1,-1,1,1,1,1,-1,-1,-1,1,1,1,-1,1,-1,-1,-1,1,1,-1,1,-1,1,-1,-1,-1,1,1,-1,-1,-1,-1,1,1,-1,1,-1,-1,-1,-1,-1,-1,1,-1,1,1,1,-1,1,-1,-1,1,-1,-1,1,1,-1,1,1,1,1,-1,1,-1,1,1,1,-1,-1,1,-1,1,-1,-1,1,-1,-1,-1,-1,1,1,-1,-1,-1,1,-1,-1,1,1,-1,-1,1,-1,-1,1,-1,-301.96967941936094,1
139,-1,1,-1,1,1,1,1,1,1,1,-1,1,1,1,1,1,1,1,-1,1,1,-1,-1,-1,1,1,-1,1,1,1,-1,-1,1,1,-1,1,1,1,-1,-1,1,-1,1,1,-1,1,1,-1,-1,1,1,-1,1,1,1,-1,-1,-1,1,-1,1,1,-1,1,1,-1,-1,-1,-1,-1,-1,1,1,1,1,-1,-1,-1,-1,1,-1,1,1,-1,1,-1,-1,1,1,-1,1,-1,-1,-1,-1,-1,1,1,1,-1,-1,-1,-1,1,-1,-1,1,-1,1,-1,1,-1,-1,1,-1,-1,1,-1,1,1,-1,-1,1,1,1,1,-1,-1,1,1,1,-1,-1,1,-1,-1,-1,1,1,-1,1,-1,1,1,-1,-1,1,1,-1,-1,-1,-1,1,1,-1,-1,-1,-1,-1,-1,-1,-1,1,-1,1,1,1,-1,1,-1,-1,1,-1,-1,1,1,-1,1,1,1,1,-1,1,-1,1,1,1,-1,-1,1,-1,1,1,-1,1,1,-1,-1,-1,1,1,-1,-1,-1,-1,-1,-1,1,1,-1,-1,1,-1,1,-1,-1,-301.96756336524413,2
140,-1,1,-1,1,1,-1,1,1,-1,1,-1,-1,1,1,-1,1,1,1,-1,1,-1,-1,-1,-1,1,1,-1,1,1,1,-1,-1,1,1,-1,-1,1,1,-1,-1,1,-1,1,1,-1,1,1,-1,-1,1,1,-1,1,1,1,-1,-1,-1,1,-1,1,1,-1,1,1,-1,-1,-1,-1,-1,-1,1,1,1,1,-1,-1,-1,1,1,-1,-1,1,-1,-1,-1,-1,-1,1,-1,1,-1,-1,-1,-1,-1,1,-1,1,-1,1,-1,-1,1,-1,1,-1,-1,1,-1,1,-1,1,1,-1,-1,1,-1,-1,-1,-1,-1,1,1,1,1,-1,-1,-1,1,1,1,-1,1,-1,-1,-1,1,1,-1,1,-1,1,-1,-1,-1,1,1,-1,-1,-1,-1,1,1,-1,1,-1,-1,-1,-1,-1,-1,1,-1,1,1,1,-1,1,-1,-1,1,-1,-1,1,1,-1,1,1,1,1,-1,1,-1,1,1,1,-1,-1,1,-1,1,-1,-1,1,-1,-1,-1,-1,1,1,-1,-1,-1,1,-1,-1,1,1,-1,-1,1,-1,-1,1,1,-301.966595494415,2
141,1,-1,1,-1,-1,1,-1,-1,1,-1,1,1,-1,1,1,-1,-1,-1,1,-1,-1,1,1,1,-1,-1,1,-1,-1,-1,1,1,-1,-1,1,1,-1,-1,1,1,-1,1,-1,-1,1,-1,-1,1,1,-1,-1,1,-1,-1,-1,1,1,1,-1,1,-1,-1,1,-1,-1,1,1,1,1,1,1,-1,-1,-1,-1,1,1,1,-1,-1,1,1,-1,1,1,1,1,1,-1,1,-1,1,1,1,1,1,-1,1,-1,1,-1,1,1,-1,1,-1,1,1,-1,1,-1,1,1,-1,1,1,-1,1,1,1,1,1,-1,-1,-1,-1,1,1,1,-1,-1,-1,1,-1,1,1,1,-1,-1,1,-1,1,-1,1,1,1,-1,-1,1,1,1,1,-1,-1,1,-1,1,1,1,1,1,1,-1,1,-1,-1,-1,1,-1,1,1,1,1,1,-1,-1,1,-1,-1,-1,-1,1,-1,1,-1,-1,-1,1,1,-1,1,-1,1,1,-1,1,1,1,1,-1,-1,1,1,1,-1,1,1,-1,-1,1,1,-1,1,1,-1,1,-301.9625431903036,1
142,-1,1,-1,1,1,-1,1,1,-1,1,-1,-1,1,-1,-1,1,1,1,-1,1,1,-1,-1,-1,1,1,-1,1,1,1,-1,-1,1,1,-1,-1,1,1,-1,-1,1,-1,1,1,-1,1,1,-1,-1,1,1,-1,1,1,1,-1,-1,-1,1,-1,1,1,-1,1,1,-1,-1,-1,-1,-1,-1,1,1,1,1,-1,-1,-1,1,1,-1,-1,1,-1,-1,-1,-1,-1,1,-1,1,-1,-1,-1,-1,-1,1,-1,1,-1,1,-1,-1,1,-1,1,-1,-1,1,-1,1,-1,-1,1,-1,-1,1,-1,-1,-1,-1,-1,1,1,1,1,-1,-1,-1,1,1,1,-1,1,-1,-1,-1,1,1,-1,1,-1,1,-1,-1,-1,1,1,-1,-1,-1,-1,1,1,-1,1,-1,-1,-1,-1,-1,-1,1,-1,1,1,1,-1,1,-1,-1,-1,-1,-1,1,1,-1,1,1,1,1,-1,1,-1,1,1,1,-1,-1,1,-1,1,-1,-1,1,-1,-1,-1,-1,1,1,-1,-1,-1,1,-1,-1,1,1,-1,-1,1,-1,-1,1,-1,-301.9625431903036,1
143,-1,-1,1,1,-1,1,1,-1,1,1,1,1,1,-1,-1,1,-1,1,-1,1,1,-1,-1,-1,1,1,1,1,1,-1,-1,-1,-1,1,-1,1,1,1,1,-1,-1,1,1,1,1,1,-1,-1,-1,1,1,-1,1,1,1,-1,-1,-1,1,-1,1,1,-1,1,1,-1,-1,-1,-1,-1,-1,1,1,1,1,-1,-1,-1,1,1,-1,-1,1,-1,-1,-1,-1,1,1,-1,-1,1,-1,-1,1,-1,-1,-1,1,1,1,-1,-1,1,-1,-1,1,-1,1,-1,-1,-1,1,-1,-1,-1,1,-1,-1,1,-1,-1,-1,1,1,-1,-1,-1,-1,1,1,1,-1,1,-1,-1,-1,1,1,-1,1,-1,1,-1,-1,-1,-1,1,-1,1,-1,-1,1,1,-1,-1,-1,-1,-1,1,1,1,-1,-1,1,-1,1,-1,-1,-1,-1,-1,-1,-1,-1,1,-1,-1,-1,-1,1,-1,1,-1,1,1,-1,-1,-1,1,-1,1,1,-1,1,-1,-1,-1,-1,1,1,-1,-1,-1,-1,1,-1,1,1,-1,1,-1,-1,1,-1,1,-301.95482305800084,1
144,1,1,-1,-1,1,-1,-1,1,-1,-1,-1,-1,-1,1,1,-1,1,-1,1,-1,-1,1,1,1,-1,-1,-1,-1,-1,1,1,1,1,-1,1,-1,-1,-1,-1,1,1,-1,-1,-1,-1,-1,1,1,1,-1,-1,1,-1,-1,-1,1,1,1,-1,1,-1,-1,1,-1,-1,1,1,1,1,1,1,-1,-1,-1,-1,1,1,1,-1,-1,1,1,-1,1,1,1,1,-1,-1,1,1,-1,1,1,-1,1,1,1,-1,-1,-1,1,1,-1,1,1,-1,1,-1,1,1,1,-1,1,1,1,-1,1,1,-1,1,1,1,-1,-1,1,1,1,1,-1,-1,-1,1,-1,1,1,1,-1,-1,1,-1,1,-1,1,1,1,1,-1,1,-1,1,1,-1,-1,1,1,1,1,1,-1,-1,-1,1,1,-1,1,-1,1,1,1,1,1,1,1,1,-1,1,1,1,1,-1,1,-1,1,-1,-1,1,1,1,-1,1,-1,-1,1,-1,1,1,1,1,-1,-1,1,1,1,1,-1,1,-1,-1,1,-1,1,1,-1,1,-1,-301.95482305800084,2
145,1,-1,1,-1,-1,1,-1,-1,1,-1,1,1,-1,1,1,-1,-1,-1,1,-1,-1,1,1,1,-1,-1,1,-1,-1,-1,1,1,-1,-1,1,1,-1,-1,1,1,-1,1,-1,-1,1,-1,-1,1,1,-1,-1,1,-1,-1,-1,1,1,1,-1,1,-1,-1,1,-1,-1,1,-1,1,1,-1,1,-1,-1,-1,-1,1,1,1,-1,-1,1,1,-1,1,1,1,1,1,-1,1,-1,1,1,1,1,1,-1,1,-1,1,-1,1,1,-1,1,-1,1,1,-1,1,-1,1,-1,-1,1,-1,-1,1,1,1,1,1,-1,-1,-1,-1,1,1,1,-1,-1,-1,1,-1,1,1,1,-1,-1,1,-1,1,-1,1,1,1,-1,-1,1,1,1,1,-1,-1,1,-1,1,1,1,1,1,1,-1,1,-1,-1,-1,1,-1,1,1,-1,1,1,-1,-1,1,-1,-1,-1,-1,1,-1,1,-1,-1,-1,1,1,-1,1,-1,1,1,-1,1,1,1,1,-1,-1,1,1,1,-1,1,1,-1,-1,1,1,-1,1,1,-1,-1,-301.95057203078187,1
146,1,1,-1,-1,1,-1,-1,1,-1,-1,-1,-1,-1,1,1,-1,1,-1,1,-1,-1,1,1,1,-1,-1,-1,-1,-1,1,1,1,1,-1,1,1,-1,-1,1,1,1,1,-1,-1,1,-1,1,1,1,-1,-1,1,-1,-1,-1,1,1,1,-1,1,-1,-1,1,-1,-1,1,1,1,1,1,1,-1,-1,-1,-1,1,1,1,-1,-1,1,1,-1,1,1,1,1,1,-1,1,-1,1,1,1,1,1,-1,1,-1,1,-1,1,1,-1,1,-1,1,1,-1,1,-1,1,1,-1,1,1,-1,1,1,1,1,1,-1,-1,-1,-1,1,1,1,-1,-1,-1,1,-1,1,1,1,-1,-1,1,-1,1,-1,1,1,1,-1,-1,1,1,1,1,-1,-1,1,-1,1,1,1,-1,-1,-1,1,1,-1,1,-1,1,1,1,1,1,1,1,1,-1,1,1,1,1,-1,1,-1,1,-1,-1,-1,1,1,-1,1,-1,-1,1,-1,1,1,1,1,-1,-1,1,1,1,1,1,1,-1,-1,1,-1,-1,1,-1,1,-1,-301.92547001474827,4
147,1,1,-1,-1,1,-1,-1,1,-1,-1,-1,-1,-1,1,1,-1,1,-1,1,-1,-1,1,1,1,-1,-1,-1,-1,-1,1,1,1,1,-1,1,1,-1,-1,1,1,1,1,-1,-1,1,-1,1,1,1,-1,-1,1,-1,-1,-1,1,1,1,-1,1,-1,-1,1,-1,-1,1,1,1,1,1,1,-1,-1,-1,-1,1,1,1,-1,-1,1,1,-1,1,1,1,1,1,-1,1,-1,1,1,1,1,1,-1,1,-1,1,-1,1,1,-1,1,-1,1,1,-1,1,-1,1,-1,-1,1,1,-1,1,1,1,1,1,-1,-1,-1,-1,1,1,1,-1,-1,-1,1,-1,1,1,1,-1,-1,1,-1,1,-1,1,1,1,-1,-1,1,1,1,1,-1,-1,1,-1,1,1,1,-1,-1,-1,1,1,-1,1,-1,1,1,1,1,1,1,1,1,-1,1,1,1,1,-1,1,-1,1,-1,-1,-1,1,1,-1,1,-1,-1,1,-1,1,1,1,1,-1,-1,1,1,1,1,1,1,-1,-1,1,-1,-1,1,-1,1,-1,-301.91657143686325,1
148,-1,-1,1,1,-1,1,1,-1,1,1,1,1,1,-1,-1,1,-1,1,-1,1,1,-1,-1,-1,1,1,1,1,1,-1,-1,-1,-1,1,-1,-1,1,1,-1,-1,-1,-1,1,1,-1,1,-1,-1,-1,1,1,-1,1,1,1,-1,-1,-1,1,-1,1,1,-1,1,1,-1,-1,-1,-1,-1,-1,1,1,1,1,-1,-1,-1,1,1,-1,-1,1,-1,-1,-1,-1,-1,1,-1,1,-1,-1,-1,-1,-1,1,-1,1,-1,1,-1,-1,1,-1,1,-1,-1,1,-1,1,-1,1,1,-1,-1,1,-1,-1,-1,-1,-1,1,1,1,1,-1,-1,-1,1,1,1,-1,1,-1,-1,-1,1,1,-1,1,-1,1,-1,-1,-1,1,1,-1,-1,-1,-1,1,1,-1,1,-1,-1,-1,1,1,1,-1,-1,1,-1,1,-1,-1,-1,-1,-1,-1,-1,-1,1,-1,-1,-1,-1,1,-1,1,-1,1,1,1,-1,-1,1,-1,1,1,-1,1,-1,-1,-1,-1,1,1,-1,-1,-1,-1,-1,-1,1,1,-1,1,1,-1,1,-1,1,-301.91657143686325,1
149,-1,1,-1,1,1,-1,1,1,-1,1,-1,-1,1,-1,-1,1,1,1,-1,1,-1,-1,-1,-1,1,1,-1,1,1,1,-1,-1,1,1,-1,-1,1,1,-1,-1,1,-1,1,1,-1,1,1,-1,-1,1,1,-1,1,1,1,-1,-1,-1,1,-1,1,1,-1,1,1,-1,-1,-1,-1,-1,-1,1,1,1,1,-1,-1,-1,-1,1,-1,1,1,-1,-1,-1,-1,1,1,-1,1,-1,-1,-1,-1,-1,-1,-1,1,1,1,-1,-1,1,-1,-1,1,-1,1,-1,-1,-1,1,-1,-1,-1,1,-1,-1,1,-1,-1,-1,1,1,-1,-1,-1,1,1,1,-1,-1,1,-1,-1,-1,1,1,-1,1,-1,1,1,-1,-1,1,1,-1,-1,-1,-1,1,1,-1,-1,-1,-1,-1,-1,-1,-1,1,-1,1,1,1,-1,1,-1,-1,1,-1,-1,1,1,-1,1,1,1,1,-1,1,-1,1,1,1,-1,-1,1,-1,1,-1,-1,1,-1,-1,-1,-1,1,1,-1,-1,-1,1,-1,-1,1,1,-1,-1,1,-1,-1,1,-1,-301.91418666194875,4
150,1,1,-1,-1,1,-1,-1,1,-1,-1,-1,-1,-1,1,1,-1,1,-1,1,-1,-1,1,1,1,-1,-1,-1,-1,-1,1,1,1,1,-1,1,-1,-1,-1,-1,1,1,-1,-1,-1,-1,-1,1,1,1,-1,-1,1,-1,-1,-1,1,1,1,-1,1,-1,-1,1,-1,-1,1,1,1,1,1,1,-1,-1,-1,-1,1,1,1,-1,-1,1,1,-1,1,1,1,1,1,-1,1,-1,1,1,1,1,1,-1,1,-1,1,-1,1,1,-1,1,-1,1,1,-1,1,-1,1,1,-1,1,1,-1,1,1,1,1,1,-1,-1,-1,-1,1,1,1,-1,-1,-1,1,-1,1,1,1,-1,-1,1,-1,1,-1,1,1,1,-1,-1,1,1,1,1,-1,-1,1,-1,1,1,1,-1,-1,1,1,1,-1,1,-1,1,1,1,1,1,1,1,1,-1,1,1,1,1,-1,1,-1,1,-1,-1,1,1,1,-1,1,-1,-1,1,-1,1,1,1,1,-1,-1,1,1,1,1,-1,1,-1,-1,1,-1,1,1,-1,1,-1,-301.90864401594996,3
151,-1,-1,1,1,-1,1,1,-1,1,1,1,1,1,-1,-1,1,-1,1,-1,1,1,-1,-1,-1,1,1,1,1,1,-1,-1,-1,-1,1,-1,1,1,1,1,-1,-1,1,1,1,1,1,-1,-1,-1,1,1,-1,1,1,1,-1,-1,-1,1,-1,1,1,-1,1,1,-1,-1,-1,-1,-1,-1,1,1,1,1,-1,-1,-1,1,1,-1,-1,1,-1,-1,-1,-1,-1,1,-1,1,-1,-1,-1,-1,-1,1,-1,1,-1,1,-1,-1,1,-1,1,-1,-1,1,-1,1,-1,-1,1,-1,-1,1,-1,-1,-1,-1,-1,1,1,1,1,-1,-1,-1,1,1,1,-1,1,-1,-1,-1,1,1,-1,1,-1,1,-1,-1,-1,1,1,-1,-1,-1,-1,1,1,-1,1,-1,-1,-1,1,1,-1,-1,-1,1,-1,1,-1,-1,-1,-1,-1,-1,-1,-1,1,-1,-1,-1,-1,1,-1,1,-1,1,1,-1,-1,-1,1,-1,1,1,-1,1,-1,-1,-1,-1,1,1,-1,-1,-1,-1,1,-1,1,1,-1,1,-1,-1,1,-1,1,-301.90864401594996,4
152,1,1,-1,-1,1,-1,-1,1,-1,-1,-1,-1,-1,1,1,-1,1,-1,1,-1,-1,1,1,1,-1,-1,-1,-1,-1,1,1,1,1,-1,1,-1,-1,-1,-1,1,1,-1,-1,-1,-1,-1,1,1,1,-1,-1,1,-1,-1,-1,1,1,1,-1,1,-1,-1,1,-1,-1,1,1,1,1,1,1,-1,-1,-1,-1,1,1,1,-1,-1,1,1,-1,1,1,1,1,1,-1,1,-1,1,1,1,1,1,-1,1,-1,1,-1,1,1,-1,1,-1,1,1,-1,1,-1,1,1,-1,1,1,-1,1,1,1,1,1,-1,-1,-1,-1,1,1,1,-1,-1,-1,1,-1,1,1,1,-1,-1,1,-1,1,-1,1,1,1,-1,-1,1,1,1,1,-1,-1,1,-1,1,1,1,-1,-1,-1,1,1,-1,1,-1,1,1,1,1,1,1,1,1,-1,1,1,1,1,-1,1,-1,1,-1,-1,1,1,1,-1,1,-1,-1,1,-1,1,1,1,1,-1,-1,1,1,1,1,-1,1,-1,-1,1,-1,1,1,-1,1,1,-301.90857992614707,1
153,-1,-1,1,1,-1,1,1,-1,1,1,1,1,1,-1,-1,1,-1,1,-1,1,1,-1,-1,-1,1,1,1,1,1,-1,-1,-1,-1,1,-1,1,1,1,1,-1,-1,1,1,1,1,1,-1,-1,-1,1,1,-1,1,1,1,-1,-1,-1,1,-1,1,1,-1,1,1,-1,-1,-1,-1,-1,-1,1,1,1,1,-1,-1,-1,1,1,-1,-1,1,-1,-1,-1,-1,-1,1,-1,1,-1,-1,-1,-1,-1,1,-1,1,-1,1,-1,-1,1,-1,1,-1,-1,1,-1,1,-1,-1,1,-1,-1,1,-1,-1,-1,-1,-1,1,1,1,1,-1,-1,-1,1,1,1,-1,1,-1,-1,-1,1,1,-1,1,-1,1,-1,-1,-1,1,1,-1,-1,-1,-1,1,1,-1,1,-1,-1,-1,1,1,1,-1,-1,1,-1,1,-1,-1,-1,-1,-1,-1,-1,-1,1,-1,-1,-1,-1,1,-1,1,-1,1,1,-1,-1,-1,1,-1,1,1,-1,1,-1,-1,-1,-1,1,1,-1,-1,-1,-1,1,-1,1,1,-1,1,-1,-1,1,-1,-1,-301.90857992614707,1
154,1,1,-1,1,1,-1,1,1,-1,1,-1,-1,1,-1,-1,1,1,1,-1,1,-1,-1,-1,-1,1,1,-1,1,1,1,-1,-1,1,1,-1,-1,1,1,-1,-1,1,-1,1,1,-1,1,1,-1,-1,1,1,-1,1,1,1,-1,-1,-1,1,-1,1,1,-1,1,1,-1,1,1,-1,-1,1,1,1,1,1,-1,-1,-1,1,1,-1,-1,1,-1,1,-1,-1,1,1,-1,1,-1,-1,1,-1,-1,1,1,1,-1,-1,-1,-1,1,-1,1,1,-1,1,-1,1,-1,1,1,-1,-1,-1,-1,-1,-1,-1,-1,1,1,1,1,-1,-1,1,1,1,-1,-1,1,1,-1,-1,1,1,-1,1,-1,1,-1,-1,-1,1,1,-1,-1,-1,-1,1,1,-1,-1,-1,-1,-1,-1,-1,-1,1,-1,1,1,1,-1,1,-1,-1,1,-1,-1,1,1,-1,1,1,1,1,-1,1,-1,1,1,1,-1,-1,1,-1,1,-1,-1,1,-1,-1,-1,-1,1,1,-1,-1,-1,1,-1,-1,1,1,-1,-1,1,-1,-1,1,1,-301.9020264042691,1
155,-1,-1,1,1,-1,1,1,-1,1,1,1,1,1,-1,-1,1,-1,1,-1,1,1,-1,-1,-1,1,1,1,1,1,-1,-1,-1,-1,1,-1,1,1,1,1,-1,-1,1,1,1,-1,1,-1,-1,-1,1,1,-1,1,1,1,-1,-1,-1,1,-1,1,1,-1,1,1,-1,-1,-1,-1,-1,-1,1,1,1,1,-1,-1,-1,1,1,-1,-1,1,-1,-1,-1,-1,-1,1,-1,1,-1,-1,-1,-1,-1,1,-1,1,-1,1,-1,-1,1,-1,1,-1,-1,1,-1,1,-1,-1,1,-1,-1,1,-1,-1,-1,-1,-1,1,1,1,1,-1,-1,-1,1,1,1,-1,1,-1,-1,-1,1,1,-1,1,-1,1,-1,-1,-1,1,1,-1,-1,-1,-1,1,1,-1,1,-1,-1,-1,1,1,1,-1,-1,1,-1,1,-1,-1,-1,-1,-1,-1,-1,-1,1,-1,-1,-1,-1,1,-1,1,-1,1,1,-1,-1,-1,1,-1,1,1,-1,1,-1,-1,-1,-1,1,1,-1,-1,-1,-1,1,-1,1,1,-1,1,-1,-1,1,1,-1,-301.9003574616951,2
156,1,1,-1,-1,1,-1,-1,1,-1,-1,-1,-1,-1,1,1,-1,1,-1,1,-1,-1,1,1,1,-1,-1,-1,-1,-1,1,1,1,1,-1,1,-1,-1,-1,-1,1,1,-1,-1,-1,1,-1,1,1,1,-1,-1,1,-1,-1,-1,1,1,1,-1,1,-1,-1,1,-1,-1,1,1,1,1,1,1,-1,-1,-1,-1,1,1,1,-1,-1,1,1,-1,1,1,1,1,1,-1,1,-1,1,1,1,1,1,-1,1,-1,1,-1,1,1,-1,1,-1,1,1,-1,1,-1,1,1,-1,1,1,-1,1,1,1,1,1,-1,-1,-1,-1,1,1,1,-1,-1,-1,1,-1,1,1,1,-1,-1,1,-1,1,-1,1,1,1,-1,-1,1,1,1,1,-1,-1,1,-1,1,1,1,-1,-1,-1,1,1,-1,1,-1,1,1,1,1,1,1,1,1,-1,1,1,1,1,-1,1,-1,1,-1,-1,1,1,1,-1,1,-1,-1,1,-1,1,1,1,1,-1,-1,1,1,1,1,-1,1,-1,-1,1,-1,1,1,-1,-1,1,-301.9003574616951,1
157,1,1,-1,-1,1,-1,-1,1,-1,-1,-1,-1,-1,1,1,-1,1,-1,1,-1,-1,1,1,1,-1,-1,-1,-1,-1,1,1,1,1,-1,1,-1,-1,-1,-1,1,1,-1,-1,-1,-1,-1,1,1,1,-1,-1,1,-1,-1,-1,1,1,1,-1,1,-1,-1,1,-1,-1,1,1,1,1,1,1,-1,-1,-1,-1,1,1,1,-1,-1,1,1,-1,1,1,1,1,1,-1,1,-1,1,1,1,1,1,-1,1,-1,1,-1,1,1,-1,1,-1,1,1,-1,1,-1,1,-1,-1,1,1,-1,1,1,1,1,1,-1,-1,-1,-1,1,1,1,-1,-1,-1,1,-1,1,1,1,-1,-1,1,-1,1,-1,1,1,1,-1,-1,1,1,1,1,-1,-1,1,-1,1,1,1,-1,-1,1,1,1,-1,1,-1,1,1,1,1,1,1,1,1,-1,1,1,1,1,-1,1,-1,1,-1,-1,1,1,1,-1,1,-1,-1,1,-1,1,1,1,1,-1,-1,1,1,1,1,-1,1,-1,-1,1,-1,1,1,-1,1,-1,-301.89974543806494,1
158,-1,-1,1,1,-1,1,1,-1,1,1,1,1,1,-1,-1,1,-1,1,-1,1,1,-1,-1,-1,1,1,1,1,1,-1,-1,-1,-1,1,-1,1,1,1,1,-1,-1,1,1,1,1,1,-1,-1,-1,1,1,-1,1,1,1,-1,-1,-1,1,-1,1,1,-1,1,1,-1,-1,-1,-1,-1,-1,1,1,1,1,-1,-1,-1,1,1,-1,-1,1,-1,-1,-1,-1,-1,1,-1,1,-1,-1,-1,-1,-1,1,-1,1,-1,1,-1,-1,1,-1,1,-1,-1,1,-1,1,-1,1,1,-1,-1,1,-1,-1,-1,-1,-1,1,1,1,1,-1,-1,-1,1,1,1,-1,1,-1,-1,-1,1,1,-1,1,-1,1,-1,-1,-1,1,1,-1,-1,-1,-1,1,1,-1,1,-1,-1,-1,1,1,-1,-1,-1,1,-1,1,-1,-1,-1,-1,-1,-1,-1,-1,1,-1,-1,-1,-1,1,-1,1,-1,1,1,-1,-1,-1,1,-1,1,1,-1,1,-1,-1,-1,-1,1,1,-1,-1,-1,-1,1,-1,1,1,-1,1,-1,-1,1,-1,1,-301.89974543806494,2
159,-1,-1,1,1,-1,1,1,-1,1,1,1,1,1,-1,-1,1,-1,1,-1,1,1,-1,-1,-1,1,1,1,1,1,-1,-1,-1,-1,1,-1,1,1,1,1,-1,-1,1,1,1,1,1,-1,-1,-1,1,1,-1,1,1,1,-1,-1,-1,1,-1,1,1,-1,1,1,-1,-1,-1,-1,-1,-1,1,1,1,1,-1,-1,-1,1,1,-1,-1,1,-1,-1,-1,-1,-1,1,-1,1,-1,-1,-1,-1,-1,1,-1,1,-1,1,-1,-1,1,-1,1,-1,-1,1,-1,1,-1,1,1,-1,-1,1,-1,-1,-1,-1,-1,1,1,1,1,-1,-1,-1,1,1,1,-1,1,-1,-1,-1,1,1,-1,1,-1,1,-1,-1,-1,1,1,-1,-1,-1,-1,1,1,-1,1,-1,-1,-1,1,1,1,-1,-1,1,-1,1,-1,-1,-1,-1,-1,-1,-1,-1,1,-1,-1,-1,-1,1,-1,1,-1,1,1,-1,-1,-1,1,-1,1,1,-1,1,-1,-1,-1,-1,1,1,-1,-1,-1,-1,1,-1,1,1,-1,1,-1,-1,1,-1,-1,-301.89968134826205,1
160,1,1,-1,-1,1,-1,-1,1,-1,-1,-1,-1,-1,1,1,-1,1,-1,1,-1,-1,1,1,1,-1,-1,-1,-1,-1,1,1,1,1,-1,1,-1,-1,-1,-1,1,1,-1,-1,-1,-1,-1,1,1,1,-1,-1,1,-1,-1,-1,1,1,1,-1,1,-1,-1,1,-1,-1,1,1,1,1,1,1,-1,-1,-1,-1,1,1,1,-1,-1,1,1,-1,1,1,1,1,1,-1,1,-1,1,1,1,1,1,-1,1,-1,1,-1,1,1,-1,1,-1,1,1,-1,1,-1,1,-1,-1,1,1,-1,1,1,1,1,1,-1,-1,-1,-1,1,1,1,-1,-1,-1,1,-1,1,1,1,-1,-1,1,-1,1,-1,1,1,1,-1,-1,1,1,1,1,-1,-1,1,-1,1,1,1,-1,-1,-1,1,1,-1,1,-1,1,1,1,1,1,1,1,1,-1,1,1,1,1,-1,1,-1,1,-1,-1,1,1,1,-1,1,-1,-1,1,-1,1,1,1,1,-1,-1,1,1,1,1,-1,1,-1,-1,1,-1,1,1,-1,1,1,-301.89968134826205,3
161,1,1,-1,-1,1,-1,-1,1,-1,-1,-1,-1,-1,1,1,-1,1,-1,1,-1,-1,1,1,1,-1,-1,-1,-1,-1,1,1,1,1,-1,1,1,-1,-1,1,1,1,1,-1,-1,1,-1,1,1,1,-1,-1,1,-1,-1,-1,1,1,1,-1,1,-1,-1,1,-1,-1,1,1,1,1,1,1,-1,-1,-1,-1,1,1,1,-1,-1,1,1,-1,1,1,1,1,-1,-1,1,1,-1,1,1,-1,1,1,1,-1,-1,-1,1,1,-1,1,1,-1,1,-1,1,1,1,-1,1,1,1,-1,1,1,-1,1,1,1,-1,-1,1,1,1,1,-1,-1,-1,1,-1,1,1,1,-1,-1,1,-1,1,-1,1,1,1,1,-1,1,-1,1,1,-1,-1,1,1,1,1,1,-1,-1,-1,1,1,-1,1,-1,1,1,1,1,1,1,1,1,-1,1,1,1,1,-1,1,-1,1,-1,-1,-1,1,1,-1,1,-1,-1,1,-1,1,1,1,1,-1,-1,1,1,1,1,1,1,-1,-1,1,-1,-1,1,-1,1,-1,-301.8916675875023,2
162,1,1,-1,-1,1,-1,-1,1,-1,-1,-1,-1,-1,1,1,-1,1,-1,1,-1,-1,1,1,1,-1,-1,-1,-1,-1,1,1,1,1,-1,1,-1,-1,-1,-1,1,1,-1,-1,-1,1,-1,1,1,1,-1,-1,1,-1,-1,-1,1,1,1,-1,1,-1,-1,1,-1,-1,1,1,1,1,1,1,-1,-1,-1,-1,1,1,1,-1,-1,1,1,-1,1,1,1,1,1,-1,1,-1,1,1,1,1,1,-1,1,-1,1,-1,1,1,-1,1,-1,1,1,-1,1,-1,1,-1,-1,1,1,-1,1,1,1,1,1,-1,-1,-1,-1,1,1,1,-1,-1,-1,1,-1,1,1,1,-1,-1,1,-1,1,-1,1,1,1,-1,-1,1,1,1,1,-1,-1,1,-1,1,1,1,-1,-1,-1,1,1,-1,1,-1,1,1,1,1,1,1,1,1,-1,1,1,1,1,-1,1,-1,1,-1,-1,1,1,1,-1,1,-1,-1,1,-1,1,1,1,1,-1,-1,1,1,1,1,-1,1,-1,-1,1,-1,1,1,-1,-1,1,-301.8914588838101,3
163,-1,-1,1,1,-1,1,1,-1,1,1,1,1,1,-1,-1,1,-1,1,-1,1,1,-1,-1,-1,1,1,1,1,1,-1,-1,-1,-1,1,-1,-1,1,1,-1,-1,-1,1,1,1,1,1,-1,-1,-1,1,1,-1,1,1,1,-1,-1,-1,1,-1,1,1,-1,1,1,-1,-1,-1,-1,-1,-1,1,1,1,1,-1,-1,-1,1,1,1,-1,1,-1,-1,-1,1,-1,1,-1,1,-1,-1,-1,-1,-1,1,-1,1,-1,1,1,-1,1,-1,1,-1,1,1,-1,1,-1,-1,1,-1,-1,1,-1,-1,-1,-1,-1,1,1,1,1,-1,-1,-1,1,1,1,-1,1,-1,-1,-1,1,1,-1,1,-1,1,-1,-1,-1,1,1,-1,-1,-1,-1,1,1,-1,1,-1,-1,-1,1,1,1,-1,-1,1,-1,1,-1,-1,-1,-1,-1,-1,-1,-1,1,-1,-1,-1,-1,1,-1,1,-1,1,-1,-1,-1,1,-1,1,1,1,-1,1,-1,-1,1,-1,1,1,-1,-1,-1,-1,1,-1,1,1,-1,1,1,-1,1,-1,1,-301.88682177201383,9
164,1,1,-1,-1,1,-1,-1,1,-1,-1,-1,-1,-1,1,1,-1,1,-1,1,-1,-1,1,1,1,-1,-1,-1,-1,-1,1,1,1,1,-1,1,1,-1,-1,1,1,1,-1,-1,-1,-1,-1,1,1,1,-1,-1,1,-1,-1,-1,1,1,1,-1,1,-1,-1,1,-1,-1,1,1,1,1,1,1,-1,-1,-1,-1,1,1,1,-1,-1,-1,1,-1,1,1,1,-1,1,-1,1,-1,1,1,1,1,1,-1,1,-1,1,-1,-1,1,-1,1,-1,1,-1,-1,1,-1,1,1,-1,1,1,-1,1,1,1,1,1,-1,-1,-1,-1,1,1,1,-1,-1,-1,1,-1,1,1,1,-1,-1,1,-1,1,-1,1,1,1,-1,-1,1,1,1,1,-1,-1,1,-1,1,1,1,-1,-1,-1,1,1,-1,1,-1,1,1,1,1,1,1,1,1,-1,1,1,1,1,-1,1,-1,1,-1,1,1,1,-1,1,-1,-1,-1,1,-1,1,1,-1,1,-1,-1,1,1,1,1,-1,1,-1,-1,1,-1,-1,1,-1,1,-1,-301.88682177201383,5
165,-1,1,-1,1,1,-1,1,1,-1,1,-1,-1,1,-1,-1,1,1,1,-1,1,-1,-1,-1,-1,1,1,-1,1,1,1,-1,-1,1,1,-1,-1,1,1,-1,-1,1,-1,1,1,-1,1,1,-1,-1,1,1,-1,1,1,1,-1,-1,-1,1,-1,1,1,-1,1,1,-1,1,1,-1,-1,1,1,1,1,1,-1,-1,-1,1,1,-1,-1,1,-1,1,-1,-1,-1,1,-1,1,-1,-1,1,-1,-1,1,1,1,-1,-1,-1,-1,1,-1,1,1,-1,1,-1,1,-1,-1,1,-1,-1,-1,-1,-1,-1,-1,-1,1,1,1,1,-1,-1,1,1,1,-1,-1,1,1,-1,-1,1,1,-1,1,-1,1,-1,-1,-1,1,1,-1,-1,-1,-1,1,1,-1,-1,-1,-1,-1,-1,-1,-1,1,-1,1,1,1,-1,1,-1,-1,1,-1,-1,1,1,-1,1,1,1,1,-1,1,-1,1,1,1,-1,-1,1,-1,1,-1,-1,1,-1,-1,-1,-1,1,1,-1,-1,-1,1,-1,-1,1,1,-1,-1,1,-1,-1,1,1,-301.8848242554582,1
166,-1,1,-1,1,1,-1,1,1,-1,1,-1,-1,1,-1,-1,1,1,-1,-1,1,-1,-1,-1,-1,1,1,-1,1,1,1,-1,-1,1,1,-1,-1,1,1,-1,-1,1,-1,1,1,-1,1,1,-1,-1,1,1,-1,1,1,1,-1,-1,-1,1,-1,1,1,-1,1,1,-1,1,1,-1,-1,1,1,1,1,1,-1,-1,-1,1,1,-1,-1,1,-1,1,-1,-1,1,1,-1,1,-1,-1,1,-1,-1,1,1,1,-1,-1,-1,-1,1,-1,1,1,-1,1,-1,1,-1,1,1,-1,-1,-1,-1,-1,-1,-1,-1,1,1,1,1,-1,-1,1,1,1,-1,-1,1,1,-1,-1,1,1,-1,1,-1,1,-1,-1,-1,1,1,-1,-1,-1,-1,1,1,-1,-1,-1,-1,-1,-1,-1,-1,1,-1,1,1,1,-1,1,-1,-1,1,-1,-1,1,1,-1,1,1,1,1,-1,1,-1,1,1,1,-1,-1,1,-1,1,-1,-1,1,-1,-1,-1,-1,1,1,-1,-1,-1,1,-1,-1,1,1,-1,-1,1,-1,-1,1,1,-301.883974398799,2
167,-1,-1,1,1,-1,1,1,-1,1,1,1,1,1,-1,-1,1,-1,1,-1,1,1,-1,-1,-1,1,1,1,1,1,-1,-1,-1,-1,1,-1,-1,1,1,-1,-1,-1,1,1,1,1,1,-1,-1,-1,1,1,-1,1,1,1,-1,-1,-1,1,-1,1,1,-1,1,1,-1,-1,-1,-1,-1,-1,1,1,1,1,-1,-1,-1,1,1,-1,-1,1,-1,-1,-1,-1,1,1,-1,1,-1,-1,-1,-1,-1,1,-1,1,-1,1,-1,-1,1,-1,1,-1,-1,1,-1,1,-1,1,1,-1,-1,1,-1,-1,-1,-1,-1,1,1,1,1,-1,-1,-1,1,1,1,-1,1,-1,-1,-1,1,1,-1,1,-1,1,-1,-1,-1,1,1,-1,-1,-1,-1,1,1,-1,1,-1,-1,-1,1,1,1,-1,-1,1,-1,1,-1,-1,-1,-1,-1,-1,-1,-1,1,-1,-1,-1,-1,1,-1,1,-1,1,1,-1,-1,-1,-1,-1,1,1,-1,1,-1,-1,-1,-1,1,1,-1,-1,-1,-1,1,-1,1,1,-1,1,1,-1,1,-1,1,-301.8798901151114,2
168,1,1,-1,-1,1,-1,-1,1,-1,-1,-1,-1,-1,1,1,-1,1,-1,1,-1,-1,1,1,1,-1,-1,-1,-1,-1,1,1,1,1,-1,1,1,-1,-1,1,1,1,-1,-1,-1,-1,-1,1,1,1,-1,-1,1,-1,-1,-1,1,1,1,-1,1,-1,-1,1,-1,-1,1,1,1,1,1,1,-1,-1,-1,-1,1,1,1,-1,-1,1,1,-1,1,1,1,1,-1,-1,1,-1,1,1,1,1,1,-1,1,-1,1,-1,1,1,-1,1,-1,1,1,-1,1,-1,1,-1,-1,1,1,-1,1,1,1,1,1,-1,-1,-1,-1,1,1,1,-1,-1,-1,1,-1,1,1,1,-1,-1,1,-1,1,-1,1,1,1,-1,-1,1,1,1,1,-1,-1,1,-1,1,1,1,-1,-1,-1,1,1,-1,1,-1,1,1,1,1,1,1,1,1,-1,1,1,1,1,-1,1,-1,1,-1,-1,1,1,1,1,1,-1,-1,1,-1,1,1,1,1,-1,-1,1,1,1,1,-1,1,-1,-1,1,-1,-1,1,-1,1,-1,-301.8798901151114,1
169,1,1,-1,-1,1,-1,-1,1,-1,-1,-1,-1,-1,1,1,-1,1,-1,1,-1,-1,1,1,1,-1,-1,-1,-1,-1,1,1,1,1,-1,1,1,-1,-1,1,1,1,-1,-1,-1,-1,-1,1,1,1,-1,-1,1,-1,-1,-1,1,1,1,-1,1,-1,-1,1,-1,-1,1,1,1,1,1,1,-1,-1,-1,-1,1,1,1,-1,-1,-1,1,-1,1,1,1,-1,1,-1,1,-1,1,1,1,1,1,-1,1,-1,1,-1,-1,1,-1,1,-1,1,-1,-1,1,-1,1,-1,-1,1,1,-1,1,1,1,1,1,-1,-1,-1,-1,1,1,1,-1,-1,-1,1,-1,1,1,1,-1,-1,1,-1,1,-1,1,1,1,-1,-1,1,1,1,1,-1,-1,1,-1,1,1,1,-1,-1,-1,1,1,-1,1,-1,1,1,1,1,1,1,1,1,-1,1,1,1,1,-1,1,-1,1,-1,1,1,1,-1,1,-1,-1,-1,1,-1,1,1,-1,1,-1,-1,1,1,1,1,-1,1,-1,-1,1,-1,-1,1,-1,1,-1,-301.8779231941288,2
170,-1,-1,1,1,-1,1,1,-1,1,1,1,1,1,-1,-1,1,-1,1,-1,1,1,-1,-1,-1,1,1,1,1,1,-1,-1,-1,-1,1,-1,-1,1,1,-1,-1,-1,1,1,1,1,1,-1,-1,-1,1,1,-1,1,1,1,-1,-1,-1,1,-1,1,1,-1,1,1,-1,-1,-1,-1,-1,-1,1,1,1,1,-1,-1,-1,1,1,1,-1,1,-1,-1,-1,1,-1,1,-1,1,-1,-1,-1,-1,-1,1,-1,1,-1,1,1,-1,1,-1,1,-1,1,1,-1,1,-1,1,1,-1,-1,1,-1,-1,-1,-1,-1,1,1,1,1,-1,-1,-1,1,1,1,-1,1,-1,-1,-1,1,1,-1,1,-1,1,-1,-1,-1,1,1,-1,-1,-1,-1,1,1,-1,1,-1,-1,-1,1,1,1,-1,-1,1,-1,1,-1,-1,-1,-1,-1,-1,-1,-1,1,-1,-1,-1,-1,1,-1,1,-1,1,-1,-1,-1,1,-1,1,1,1,-1,1,-1,-1,1,-1,1,1,-1,-1,-1,-1,1,-1,1,1,-1,1,1,-1,1,-1,1,-301.8779231941288,9
171,1,1,-1,-1,1,-1,-1,1,-1,-1,-1,-1,-1,1,1,-1,1,-1,1,-1,-1,1,1,1,-1,-1,-1,-1,-1,1,1,1,1,-1,1,-1,-1,-1,-1,1,1,-1,-1,-1,-1,-1,1,1,1,-1,-1,1,-1,-1,-1,1,1,1,-1,1,-1,-1,1,-1,-1,1,1,1,1,1,1,-1,-1,-1,-1,1,1,1,-1,-1,1,1,-1,1,1,1,1,-1,-1,1,1,-1,1,1,-1,1,1,1,-1,-1,-1,1,1,-1,1,1,-1,1,-1,1,1,1,-1,1,1,1,-1,1,1,-1,1,1,1,-1,-1,1,1,1,1,-1,-1,-1,1,-1,1,1,1,-1,-1,1,-1,1,-1,1,1,1,1,-1,1,-1,1,1,-1,-1,1,1,1,1,1,-1,-1,-1,1,1,-1,1,-1,1,1,1,1,1,1,1,1,-1,1,1,1,1,-1,1,-1,1,-1,-1,1,1,1,-1,1,-1,-1,1,-1,1,1,1,1,-1,-1,1,1,1,1,-1,1,-1,-1,1,-1,1,1,-1,1,1,-301.8747774989011,1
172,-1,-1,1,1,-1,1,1,-1,1,1,1,1,1,-1,-1,1,-1,1,-1,1,1,-1,-1,-1,1,1,1,1,1,-1,-1,-1,-1,1,-1,1,1,1,1,-1,-1,1,1,1,1,1,-1,-1,-1,1,1,-1,1,1,1,-1,-1,-1,1,-1,1,1,-1,1,1,-1,-1,-1,-1,-1,-1,1,1,1,1,-1,-1,-1,1,1,-1,-1,1,-1,-1,-1,-1,1,1,-1,-1,1,-1,-1,1,-1,-1,-1,1,1,1,-1,-1,1,-1,-1,1,-1,1,-1,-1,-1,1,-1,-1,-1,1,-1,-1,1,-1,-1,-1,1,1,-1,-1,-1,-1,1,1,1,-1,1,-1,-1,-1,1,1,-1,1,-1,1,-1,-1,-1,-1,1,-1,1,-1,-1,1,1,-1,-1,-1,-1,-1,1,1,1,-1,-1,1,-1,1,-1,-1,-1,-1,-1,-1,-1,-1,1,-1,-1,-1,-1,1,-1,1,-1,1,1,-1,-1,-1,1,-1,1,1,-1,1,-1,-1,-1,-1,1,1,-1,-1,-1,-1,1,-1,1,1,-1,1,-1,-1,1,-1,-1,-301.8747774989011,1
173,1,1,-1,1,1,-1,1,1,-1,1,-1,-1,1,-1,-1,1,1,1,-1,1,-1,-1,-1,-1,1,1,-1,1,1,1,-1,-1,1,1,-1,-1,1,1,-1,-1,1,-1,1,1,-1,1,1,-1,-1,1,1,-1,1,1,1,-1,-1,-1,1,-1,1,1,-1,1,1,-1,-1,-1,-1,-1,-1,1,1,1,1,-1,-1,-1,1,1,-1,-1,1,-1,-1,-1,-1,-1,1,-1,1,-1,-1,-1,-1,-1,1,-1,1,-1,1,-1,-1,1,-1,1,-1,-1,1,-1,1,-1,-1,1,-1,-1,1,-1,-1,-1,-1,-1,1,1,1,1,-1,-1,-1,1,1,1,-1,1,-1,-1,-1,1,1,-1,1,-1,1,-1,-1,-1,1,1,-1,-1,-1,-1,1,1,-1,1,-1,-1,-1,-1,-1,-1,1,-1,1,1,1,-1,1,-1,-1,1,-1,-1,1,1,-1,1,1,1,1,-1,1,-1,1,1,1,-1,-1,1,-1,1,-1,-1,1,-1,-1,-1,-1,1,1,-1,-1,-1,1,-1,-1,1,1,-1,-1,1,-1,-1,1,-1,-301.8744158320029,1
174,-1,1,-1,1,1,-1,1,1,-1,1,-1,-1,1,-1,-1,1,1,1,-1,1,-1,-1,-1,-1,1,1,-1,1,1,1,-1,-1,1,1,-1,-1,1,1,-1,-1,1,-1,1,1,-1,1,1,-1,-1,1,1,-1,1,1,1,-1,-1,-1,1,-1,1,1,-1,1,1,-1,-1,-1,-1,-1,-1,1,1,1,1,-1,-1,-1,-1,1,-1,1,1,-1,-1,-1,-1,1,1,-1,1,-1,-1,-1,-1,-1,-1,-1,1,1,1,-1,-1,1,-1,-1,1,-1,1,-1,1,-1,1,-1,-1,-1,1,-1,-1,1,-1,-1,-1,1,1,-1,-1,-1,1,1,1,1,-1,1,-1,-1,-1,1,1,-1,1,-1,1,1,-1,-1,1,1,-1,-1,-1,-1,1,1,-1,-1,-1,-1,-1,-1,-1,-1,1,-1,1,1,1,-1,1,-1,-1,1,-1,-1,1,1,-1,1,1,1,1,-1,1,-1,1,1,1,-1,-1,1,-1,1,-1,-1,1,-1,-1,-1,-1,1,1,-1,-1,-1,1,-1,-1,1,1,-1,-1,1,-1,-1,1,1,-301.86716823089455,3
175,-1,-1,1,-1,-1,1,-1,-1,1,-1,1,1,-1,1,1,-1,-1,-1,1,-1,1,1,1,1,-1,-1,1,-1,-1,-1,1,1,-1,-1,1,1,-1,-1,1,1,-1,1,-1,-1,1,-1,-1,1,1,-1,-1,1,-1,-1,-1,1,1,1,-1,1,-1,-1,1,-1,-1,1,1,1,1,1,1,-1,-1,-1,-1,1,1,1,-1,-1,1,1,-1,1,1,1,1,1,-1,1,-1,1,1,1,1,1,-1,1,-1,1,-1,1,1,-1,1,-1,1,1,-1,1,-1,1,-1,-1,1,1,-1,1,1,1,1,1,-1,-1,-1,-1,1,1,1,-1,-1,-1,1,-1,1,1,1,-1,-1,1,-1,1,-1,1,1,1,-1,-1,1,1,1,1,-1,-1,1,-1,1,1,1,1,1,1,-1,1,-1,-1,-1,1,-1,1,1,-1,1,1,-1,-1,1,-1,-1,-1,-1,1,-1,1,-1,-1,-1,1,1,-1,1,-1,1,1,-1,1,1,1,1,-1,-1,1,1,1,-1,1,1,-1,-1,1,1,-1,1,1,-1,1,-301.8655172541179,1
176,1,-1,1,-1,-1,1,-1,-1,1,-1,1,1,-1,1,1,-1,-1,-1,1,-1,-1,1,1,1,-1,-1,1,-1,-1,-1,1,1,-1,-1,1,1,-1,-1,1,1,-1,1,-1,-1,1,-1,-1,1,1,-1,-1,1,-1,-1,-1,1,1,1,-1,1,-1,-1,1,-1,-1,1,-1,-1,1,1,-1,-1,-1,-1,-1,1,1,1,-1,-1,1,1,-1,1,-1,1,1,-1,-1,1,-1,1,1,-1,1,1,-1,-1,-1,1,1,1,-1,-1,1,-1,-1,1,-1,1,-1,1,-1,-1,1,1,1,1,1,1,1,1,-1,-1,-1,-1,1,1,-1,-1,-1,1,1,-1,-1,1,1,-1,-1,1,-1,1,-1,1,1,1,-1,-1,1,1,1,1,-1,-1,1,1,1,1,1,1,1,1,-1,1,-1,-1,-1,1,-1,1,1,-1,1,1,-1,-1,1,-1,-1,-1,-1,1,-1,1,-1,-1,-1,1,1,-1,1,-1,1,1,-1,1,1,1,1,-1,-1,1,1,1,-1,1,1,-1,-1,1,1,-1,1,1,-1,1,-301.8645356559846,1
177,-1,1,-1,1,1,-1,1,1,-1,1,-1,-1,1,1,1,1,1,-1,-1,1,1,-1,-1,-1,1,1,-1,1,1,1,-1,-1,1,1,-1,-1,1,1,-1,-1,1,-1,1,1,-1,1,1,-1,-1,1,1,-1,1,1,1,-1,-1,-1,1,-1,1,1,-1,1,1,-1,1,1,-1,-1,1,1,1,1,1,-1,-1,-1,1,1,-1,-1,1,-1,1,-1,-1,1,1,-1,1,-1,-1,1,-1,-1,1,1,1,-1,-1,-1,-1,1,-1,1,1,-1,1,-1,1,-1,1,1,-1,-1,-1,-1,-1,-1,-1,-1,1,1,1,1,-1,-1,1,1,1,-1,-1,1,1,-1,-1,1,1,-1,1,-1,1,-1,-1,-1,1,1,-1,-1,-1,-1,1,1,-1,-1,-1,-1,-1,-1,-1,-1,1,-1,1,1,1,-1,1,-1,-1,1,-1,-1,1,1,-1,1,1,1,1,-1,1,-1,1,1,1,-1,-1,1,-1,1,-1,-1,1,-1,-1,-1,-1,1,1,-1,-1,-1,1,-1,-1,-1,1,-1,-1,1,-1,-1,1,1,-301.8607019241517,1
178,-1,1,-1,1,1,1,1,1,1,1,-1,1,1,1,1,1,1,1,-1,1,1,-1,-1,-1,1,1,-1,1,1,1,-1,-1,1,1,-1,1,1,1,-1,-1,1,-1,1,1,-1,1,1,-1,-1,1,1,-1,1,1,1,-1,-1,-1,1,-1,1,1,-1,1,1,-1,1,1,-1,-1,1,1,1,1,1,-1,-1,-1,1,1,-1,-1,1,-1,1,-1,-1,-1,1,-1,1,-1,-1,1,-1,-1,1,1,1,-1,-1,-1,-1,1,-1,1,1,-1,1,-1,1,-1,-1,1,-1,-1,-1,-1,-1,-1,-1,-1,1,1,1,1,-1,-1,1,1,1,-1,-1,1,1,-1,-1,1,1,-1,1,-1,1,-1,-1,-1,1,1,-1,-1,-1,-1,1,1,-1,-1,-1,-1,-1,-1,-1,-1,1,-1,1,1,1,-1,1,-1,-1,1,-1,-1,1,1,-1,1,1,1,1,-1,1,-1,1,1,1,-1,-1,1,-1,1,1,-1,1,1,-1,-1,-1,1,1,-1,-1,-1,-1,-1,-1,1,1,-1,-1,1,-1,1,-1,-1,-301.8470458930621,1
179,1,1,-1,-1,1,-1,-1,1,-1,-1,-1,-1,-1,1,1,-1,1,-1,1,-1,-1,1,1,1,-1,-1,-1,-1,-1,1,1,1,1,-1,1,1,-1,-1,1,1,1,1,-1,-1,1,-1,1,1,1,-1,-1,1,-1,-1,-1,1,1,1,-1,1,-1,-1,1,-1,-1,1,1,1,1,1,1,-1,-1,-1,-1,1,1,1,-1,-1,1,1,-1,1,1,1,1,1,-1,1,-1,1,1,1,1,1,-1,1,-1,1,-1,1,1,-1,1,-1,1,1,-1,1,-1,1,1,-1,1,1,-1,1,1,1,1,1,-1,-1,-1,-1,1,1,1,-1,-1,-1,1,-1,1,1,1,-1,-1,1,-1,1,-1,1,1,1,-1,-1,1,1,1,1,-1,-1,1,-1,1,1,1,-1,-1,1,1,1,-1,1,-1,1,1,1,1,1,1,1,1,-1,1,1,1,1,-1,1,-1,1,-1,-1,-1,1,1,-1,1,-1,-1,1,-1,1,1,1,1,-1,-1,1,1,1,1,1,1,-1,-1,1,-1,-1,1,-1,1,-1,-301.84548854545136,2
180,-1,-1,1,1,-1,1,1,-1,1,1,1,1,1,-1,-1,1,-1,1,-1,1,1,-1,-1,-1,1,1,1,1,1,-1,-1,-1,-1,1,-1,-1,1,1,-1,-1,-1,-1,1,1,-1,1,-1,-1,-1,1,1,-1,1,1,1,-1,-1,-1,1,-1,1,1,-1,1,1,-1,-1,-1,-1,-1,-1,1,1,1,1,-1,-1,-1,1,1,-1,-1,1,-1,-1,-1,-1,-1,1,-1,1,-1,-1,-1,-1,-1,1,-1,1,-1,1,-1,-1,1,-1,1,-1,-1,1,-1,1,-1,-1,1,-1,-1,1,-1,-1,-1,-1,-1,1,1,1,1,-1,-1,-1,1,1,1,-1,1,-1,-1,-1,1,1,-1,1,-1,1,-1,-1,-1,1,1,-1,-1,-1,-1,1,1,-1,1,-1,-1,-1,1,1,1,-1,-1,1,-1,1,-1,-1,-1,-1,-1,-1,-1,-1,1,-1,-1,-1,-1,1,-1,1,-1,1,1,1,-1,-1,1,-1,1,1,-1,1,-1,-1,-1,-1,1,1,-1,-1,-1,-1,-1,-1,1,1,-1,1,1,-1,1,-1,-1,-301.84542445564847,1
181,1,1,-1,-1,1,-1,-1,1,-1,-1,-1,-1,-1,1,1,-1,1,-1,1,-1,-1,1,1,1,-1,-1,-1,-1,-1,1,1,1,1,-1,1,1,-1,-1,1,1,1,1,-1,-1,1,-1,1,1,1,-1,-1,1,-1,-1,-1,1,1,1,-1,1,-1,-1,1,-1,-1,1,1,1,1,1,1,-1,-1,-1,-1,1,1,1,-1,-1,1,1,-1,1,1,1,1,1,-1,1,-1,1,1,1,1,1,-1,1,-1,1,-1,1,1,-1,1,-1,1,1,-1,1,-1,1,1,-1,1,1,-1,1,1,1,1,1,-1,-1,-1,-1,1,1,1,-1,-1,-1,1,-1,1,1,1,-1,-1,1,-1,1,-1,1,1,1,-1,-1,1,1,1,1,-1,-1,1,-1,1,1,1,-1,-1,-1,1,1,-1,1,-1,1,1,1,1,1,1,1,1,-1,1,1,1,1,-1,1,-1,1,-1,-1,-1,1,1,-1,1,-1,-1,1,-1,1,1,1,1,-1,-1,1,1,1,1,1,1,-1,-1,1,-1,-1,1,-1,1,1,-301.84542445564847,2
182,-1,1,-1,1,1,1,1,1,-1,1,-1,1,1,-1,-1,1,1,1,-1,1,1,-1,-1,-1,1,1,-1,1,1,1,-1,-1,1,1,-1,-1,1,1,-1,-1,1,-1,1,1,-1,1,1,-1,-1,1,1,-1,1,1,1,-1,-1,-1,1,-1,1,1,-1,1,1,-1,-1,-1,-1,-1,-1,1,1,1,1,-1,-1,-1,1,1,-1,-1,1,-1,-1,-1,-1,1,1,-1,1,-1,-1,-1,-1,-1,1,-1,1,-1,1,-1,-1,1,-1,1,-1,-1,1,-1,1,-1,1,1,-1,-1,1,-1,-1,-1,-1,-1,1,1,1,1,-1,-1,-1,1,1,1,-1,1,-1,-1,-1,1,1,-1,1,-1,1,-1,-1,-1,1,1,-1,-1,-1,-1,1,1,-1,1,-1,-1,-1,-1,-1,-1,1,-1,1,1,1,-1,1,-1,-1,1,-1,-1,1,1,-1,1,1,1,1,-1,1,-1,1,1,1,-1,-1,1,-1,1,-1,-1,1,-1,-1,-1,-1,1,1,-1,-1,-1,-1,-1,-1,1,1,-1,-1,1,-1,1,-1,1,-301.8414844672397,1
183,-1,-1,1,1,-1,1,1,-1,1,1,1,1,1,-1,-1,1,-1,1,-1,1,1,-1,-1,-1,1,1,1,1,1,-1,-1,-1,-1,1,-1,-1,1,1,-1,-1,-1,-1,1,1,-1,1,-1,-1,-1,1,1,-1,1,1,1,-1,-1,-1,1,-1,1,1,-1,1,1,-1,-1,-1,-1,-1,-1,1,1,1,1,-1,-1,-1,1,1,-1,-1,1,-1,-1,-1,-1,-1,1,-1,1,-1,-1,-1,-1,-1,1,-1,1,-1,1,-1,-1,1,-1,1,-1,-1,1,-1,1,-1,1,1,-1,-1,1,-1,-1,-1,-1,-1,1,1,1,1,-1,-1,-1,1,1,1,-1,1,-1,-1,-1,1,1,-1,1,-1,1,-1,-1,-1,1,1,-1,-1,-1,-1,1,1,-1,1,-1,-1,-1,1,1,-1,-1,-1,1,-1,1,-1,-1,-1,-1,-1,-1,-1,-1,1,-1,-1,-1,-1,1,-1,1,-1,1,1,1,-1,-1,1,-1,1,1,-1,1,-1,-1,-1,-1,1,1,-1,-1,-1,-1,-1,-1,1,1,-1,1,1,-1,1,-1,1,-301.83658996756634,1
184,1,1,-1,-1,1,-1,-1,1,-1,-1,-1,-1,-1,1,1,-1,1,-1,1,-1,-1,1,1,1,-1,-1,-1,-1,-1,1,1,1,1,-1,1,1,-1,-1,1,1,1,1,-1,-1,1,-1,1,1,1,-1,-1,1,-1,-1,-1,1,1,1,-1,1,-1,-1,1,-1,-1,1,1,1,1,1,1,-1,-1,-1,-1,1,1,1,-1,-1,1,1,-1,1,1,1,1,1,-1,1,-1,1,1,1,1,1,-1,1,-1,1,-1,1,1,-1,1,-1,1,1,-1,1,-1,1,-1,-1,1,1,-1,1,1,1,1,1,-1,-1,-1,-1,1,1,1,-1,-1,-1,1,-1,1,1,1,-1,-1,1,-1,1,-1,1,1,1,-1,-1,1,1,1,1,-1,-1,1,-1,1,1,1,-1,-1,-1,1,1,-1,1,-1,1,1,1,1,1,1,1,1,-1,1,1,1,1,-1,1,-1,1,-1,-1,-1,1,1,-1,1,-1,-1,1,-1,1,1,1,1,-1,-1,1,1,1,1,1,1,-1,-1,1,-1,-1,1,-1,1,1,-301.8365258777635,1
185,-1,1,-1,1,1,-1,1,1,-1,1,-1,-1,1,-1,-1,1,1,1,-1,1,-1,-1,-1,-1,1,1,-1,1,1,1,-1,-1,1,1,-1,-1,1,1,-1,-1,1,-1,1,1,-1,1,1,-1,-1,1,1,-1,1,1,1,-1,-1,-1,1,-1,1,1,-1,1,1,-1,1,1,-1,-1,1,1,1,1,1,-1,-1,-1,1,1,-1,-1,1,-1,1,-1,-1,1,1,-1,1,-1,-1,1,-1,-1,1,1,1,-1,-1,-1,-1,1,-1,1,1,-1,1,-1,1,-1,1,1,-1,-1,-1,-1,-1,-1,-1,-1,1,1,1,1,-1,-1,1,1,1,-1,-1,1,1,-1,-1,1,1,-1,1,-1,1,-1,-1,-1,1,1,-1,-1,-1,-1,1,1,-1,-1,-1,-1,-1,-1,-1,-1,1,-1,1,1,1,-1,1,-1,-1,1,-1,-1,1,1,-1,1,1,1,1,-1,1,-1,1,-1,1,-1,-1,1,-1,1,-1,-1,1,-1,-1,-1,-1,1,1,-1,-1,-1,1,-1,-1,1,1,-1,-1,1,-1,-1,1,1,-301.8343338262102,1
186,1,1,-1,-1,1,-1,-1,1,-1,-1,-1,-1,-1,1,1,-1,1,-1,1,-1,-1,1,1,1,-1,-1,-1,-1,-1,1,1,1,1,-1,1,-1,-1,-1,-1,1,1,-1,-1,-1,-1,-1,1,1,1,-1,-1,1,-1,-1,-1,1,1,1,-1,1,-1,-1,1,-1,-1,1,1,1,1,1,1,-1,-1,-1,-1,1,1,1,-1,-1,1,1,-1,1,1,1,1,1,-1,1,-1,1,1,1,1,1,-1,1,-1,1,-1,1,1,-1,1,-1,1,1,-1,1,-1,1,1,-1,1,1,-1,1,1,1,1,1,-1,-1,-1,-1,1,1,1,-1,-1,-1,1,-1,1,1,1,-1,-1,1,-1,1,-1,1,1,1,-1,-1,1,1,1,1,-1,-1,1,-1,1,1,1,-1,-1,1,1,1,-1,1,-1,1,1,1,1,1,1,1,1,-1,1,1,1,1,-1,1,-1,1,-1,-1,1,1,1,-1,1,-1,-1,1,-1,1,1,1,1,-1,-1,1,1,1,1,-1,1,-1,-1,1,-1,1,1,-1,1,1,-301.8285984568502,5
187,-1,1,-1,1,1,-1,1,1,-1,1,-1,-1,1,1,1,1,1,-1,-1,1,1,-1,-1,-1,1,1,-1,1,1,1,-1,-1,1,1,-1,1,1,1,-1,-1,1,-1,1,1,-1,1,1,-1,-1,1,1,-1,1,1,1,-1,-1,-1,1,-1,1,1,-1,1,1,-1,1,1,-1,-1,1,1,1,1,1,-1,-1,-1,1,1,-1,-1,1,-1,1,-1,-1,1,1,-1,1,-1,-1,1,-1,-1,1,1,1,-1,-1,-1,-1,1,-1,1,1,-1,1,-1,1,-1,1,1,-1,-1,-1,-1,-1,-1,-1,-1,1,1,1,1,-1,-1,1,1,1,-1,-1,1,1,-1,-1,1,1,-1,1,-1,1,-1,-1,-1,1,1,-1,-1,-1,-1,1,1,-1,-1,-1,-1,-1,-1,-1,-1,1,-1,1,1,1,-1,1,1,-1,1,-1,-1,1,1,-1,1,1,1,1,-1,1,-1,1,1,1,-1,-1,1,-1,1,-1,-1,1,1,-1,-1,-1,1,1,-1,-1,-1,1,-1,-1,-1,1,-1,-1,1,-1,-1,1,1,-301.8270994306131,1
188,1,1,-1,-1,1,-1,-1,1,-1,-1,-1,-1,-1,1,1,-1,1,-1,1,-1,-1,1,1,1,-1,-1,-1,-1,-1,1,1,1,1,-1,1,-1,-1,-1,-1,1,1,-1,-1,-1,1,-1,1,1,1,-1,-1,1,-1,-1,-1,1,1,1,-1,1,-1,-1,1,-1,-1,1,1,1,1,1,1,-1,-1,-1,-1,1,1,1,-1,-1,1,1,-1,1,1,1,1,1,-1,1,-1,1,1,1,1,1,-1,1,-1,1,-1,1,1,-1,1,-1,1,1,-1,1,-1,1,1,-1,1,1,-1,1,1,1,1,1,-1,-1,-1,-1,1,1,1,-1,-1,-1,1,-1,1,1,1,-1,-1,1,-1,1,-1,1,1,1,-1,-1,1,1,1,1,-1,-1,1,-1,1,1,1,-1,-1,1,1,1,-1,1,-1,1,1,1,1,1,1,1,1,-1,1,1,1,1,-1,1,-1,1,-1,-1,1,1,1,-1,1,-1,-1,1,-1,1,1,1,1,-1,-1,1,1,1,1,-1,1,-1,-1,1,-1,1,1,-1,-1,1,-301.8203759923982,2
189,-1,-1,1,1,-1,1,1,-1,1,1,1,1,1,-1,-1,1,-1,1,-1,1,1,-1,-1,-1,1,1,1,1,1,-1,-1,-1,-1,1,-1,1,1,1,1,-1,-1,1,1,1,1,1,-1,-1,-1,1,1,-1,1,1,1,-1,-1,-1,1,-1,1,1,-1,1,1,-1,-1,-1,-1,-1,-1,1,1,1,1,-1,-1,-1,1,1,-1,-1,1,-1,-1,-1,-1,-1,1,-1,1,-1,-1,-1,-1,-1,1,-1,1,-1,1,-1,-1,1,-1,1,-1,-1,1,-1,1,-1,1,1,-1,-1,1,-1,-1,-1,-1,-1,1,1,1,1,-1,-1,-1,1,1,1,-1,1,-1,-1,-1,1,1,-1,1,-1,1,-1,-1,-1,1,1,-1,-1,-1,-1,1,1,-1,1,-1,-1,-1,1,1,-1,-1,-1,1,-1,1,-1,-1,-1,-1,-1,-1,-1,-1,1,-1,-1,-1,-1,1,-1,1,-1,1,1,-1,-1,-1,1,-1,1,1,-1,1,-1,-1,-1,-1,1,1,-1,-1,-1,-1,1,-1,1,1,-1,1,-1,-1,1,-1,-1,-301.8196998789652,1
190,1,1,-1,-1,1,-1,-1,1,-1,-1,-1,-1,-1,1,1,-1,1,-1,1,-1,-1,1,1,1,-1,-1,-1,-1,-1,1,1,1,1,-1,1,-1,-1,-1,-1,1,1,-1,-1,-1,-1,-1,1,1,1,-1,-1,1,-1,-1,-1,1,1,1,-1,1,-1,-1,1,-1,-1,1,1,1,1,1,1,-1,-1,-1,-1,1,1,1,-1,-1,1,1,-1,1,1,1,1,1,-1,1,-1,1,1,1,1,1,-1,1,-1,1,-1,1,1,-1,1,-1,1,1,-1,1,-1,1,-1,-1,1,1,-1,1,1,1,1,1,-1,-1,-1,-1,1,1,1,-1,-1,-1,1,-1,1,1,1,-1,-1,1,-1,1,-1,1,1,1,-1,-1,1,1,1,1,-1,-1,1,-1,1,1,1,-1,-1,1,1,1,-1,1,-1,1,1,1,1,1,1,1,1,-1,1,1,1,1,-1,1,-1,1,-1,-1,1,1,1,-1,1,-1,-1,1,-1,1,1,1,1,-1,-1,1,1,1,1,-1,1,-1,-1,1,-1,1,1,-1,1,1,-301.8196998789652,1
191,1,1,-1,-1,1,-1,-1,1,-1,-1,-1,-1,-1,1,1,-1,1,-1,1,-1,-1,1,1,1,-1,-1,-1,-1,-1,1,1,1,1,-1,1,-1,-1,-1,-1,1,1,-1,-1,-1,1,-1,1,1,1,-1,-1,1,-1,-1,-1,1,1,1,-1,1,-1,-1,1,-1,-1,1,1,1,1,1,1,-1,-1,-1,-1,1,1,1,-1,-1,1,1,-1,1,1,1,1,1,-1,1,-1,1,1,1,1,1,-1,1,-1,1,-1,1,1,-1,1,-1,1,1,-1,1,-1,1,-1,-1,1,1,-1,1,1,1,1,1,-1,-1,-1,-1,1,1,1,-1,-1,-1,1,-1,1,1,1,-1,-1,1,-1,1,-1,1,1,1,-1,-1,1,1,1,1,-1,-1,1,-1,1,1,1,-1,-1,1,1,1,-1,1,-1,1,1,1,1,1,1,1,1,-1,1,1,1,1,-1,1,-1,1,-1,-1,1,1,1,-1,1,-1,-1,1,-1,1,1,1,1,-1,-1,1,1,1,1,-1,1,-1,-1,1,-1,1,1,-1,-1,1,-301.8114774145132,1
192,-1,-1,1,1,-1,1,1,-1,1,1,1,1,1,-1,-1,1,-1,1,-1,1,1,-1,-1,-1,1,1,1,1,1,-1,-1,-1,-1,1,-1,1,1,1,1,-1,-1,1,1,1,-1,1,-1,-1,-1,1,1,-1,1,1,1,-1,-1,-1,1,-1,1,1,-1,1,1,-1,-1,-1,-1,-1,-1,1,1,1,1,-1,-1,-1,1,1,-1,-1,1,-1,-1,-1,-1,-1,1,-1,1,-1,-1,-1,-1,-1,1,-1,1,-1,1,-1,-1,1,-1,1,-1,-1,1,-1,1,-1,1,1,-1,-1,1,-1,-1,-1,-1,-1,1,1,1,1,-1,-1,-1,1,1,1,-1,1,-1,-1,-1,1,1,-1,1,-1,1,-1,-1,-1,1,1,-1,-1,-1,-1,1,1,-1,1,-1,-1,-1,1,1,-1,-1,-1,1,-1,1,-1,-1,-1,-1,-1,-1,-1,-1,1,-1,-1,-1,-1,1,-1,1,-1,1,1,-1,-1,-1,1,-1,1,1,-1,1,-1,-1,-1,-1,1,1,-1,-1,-1,-1,1,-1,1,1,-1,1,-1,-1,1,1,-1,-301.8114774145132,2
193,-1,1,-1,1,1,-1,1,1,-1,1,-1,-1,1,-1,-1,1,1,1,-1,1,-1,-1,-1,-1,1,1,-1,1,1,1,-1,-1,1,1,-1,-1,1,1,-1,-1,1,-1,1,1,-1,1,1,-1,-1,1,1,-1,1,1,1,-1,-1,-1,1,-1,1,1,-1,1,1,-1,-1,-1,-1,-1,-1,1,1,1,1,-1,-1,-1,-1,1,-1,1,1,-1,-1,-1,-1,1,1,-1,1,-1,-1,-1,-1,-1,-1,-1,1,1,1,-1,-1,1,-1,-1,1,-1,1,-1,1,-1,1,-1,-1,-1,1,-1,-1,1,-1,-1,-1,1,1,-1,-1,-1,1,1,1,-1,-1,1,-1,-1,-1,1,1,-1,1,-1,1,1,-1,-1,1,1,-1,-1,-1,-1,1,1,-1,-1,-1,-1,-1,-1,-1,-1,1,-1,1,1,1,-1,1,-1,-1,1,-1,-1,1,1,-1,1,1,1,1,-1,1,-1,1,1,1,-1,-1,1,-1,1,-1,-1,1,-1,-1,-1,-1,1,1,-1,-1,-1,1,-1,-1,1,1,-1,-1,1,-1,-1,1,-1,-301.81080962144597,2
194,-1,-1,1,1,-1,1,1,-1,1,1,1,1,1,-1,-1,1,-1,1,-1,1,1,-1,-1,-1,1,1,1,1,1,-1,-1,-1,-1,1,-1,-1,1,1,-1,-1,-1,-1,1,1,1,1,-1,-1,-1,1,1,-1,1,1,1,-1,-1,-1,1,-1,1,1,-1,1,1,-1,-1,-1,-1,-1,-1,1,1,1,1,-1,-1,-1,1,1,-1,-1,1,-1,-1,-1,-1,-1,1,-1,1,-1,-1,-1,-1,-1,1,-1,1,-1,1,-1,-1,1,-1,1,-1,-1,1,-1,1,-1,-1,1,-1,-1,1,-1,-1,-1,-1,-1,1,1,1,1,-1,-1,-1,1,1,1,-1,1,-1,-1,-1,1,1,-1,1,-1,1,-1,-1,-1,1,1,-1,-1,-1,-1,1,1,-1,1,-1,-1,-1,1,1,1,-1,-1,1,-1,1,-1,-1,-1,-1,-1,-1,-1,-1,1,-1,-1,-1,-1,1,-1,1,-1,1,1,-1,-1,-1,-1,-1,1,1,-1,1,-1,-1,-1,-1,1,1,-1,-1,-1,-1,-1,-1,1,1,-1,1,1,-1,1,-1,1,-301.80962196689967,1
195,1,1,-1,-1,1,-1,-1,1,-1,-1,-1,-1,-1,1,1,-1,1,-1,1,-1,-1,1,1,1,-1,-1,-1,-1,-1,1,1,1,1,-1,1,1,-1,-1,1,1,1,1,-1,-1,-1,-1,1,1,1,-1,-1,1,-1,-1,-1,1,1,1,-1,1,-1,-1,1,-1,-1,1,1,1,1,1,1,-1,-1,-1,-1,1,1,1,-1,-1,1,1,-1,1,1,1,1,1,-1,1,-1,1,1,1,1,1,-1,1,-1,1,-1,1,1,-1,1,-1,1,1,-1,1,-1,1,1,-1,1,1,-1,1,1,1,1,1,-1,-1,-1,-1,1,1,1,-1,-1,-1,1,-1,1,1,1,-1,-1,1,-1,1,-1,1,1,1,-1,-1,1,1,1,1,-1,-1,1,-1,1,1,1,-1,-1,-1,1,1,-1,1,-1,1,1,1,1,1,1,1,1,-1,1,1,1,1,-1,1,-1,1,-1,-1,1,1,1,1,1,-1,-1,1,-1,1,1,1,1,-1,-1,1,1,1,1,1,1,-1,-1,1,-1,-1,1,-1,1,-1,-301.80962196689967,2
196,-1,1,-1,1,1,-1,1,1,-1,1,-1,-1,1,1,1,1,1,-1,-1,1,1,-1,-1,-1,1,1,-1,1,1,1,-1,-1,1,1,-1,1,1,1,-1,-1,1,-1,1,1,-1,1,1,-1,-1,1,1,-1,1,1,1,-1,-1,-1,1,-1,1,1,-1,1,1,-1,-1,-1,-1,-1,-1,1,1,1,1,-1,-1,-1,-1,1,-1,1,1,-1,-1,-1,-1,1,1,-1,1,-1,-1,-1,-1,-1,-1,-1,1,1,1,-1,-1,1,-1,-1,1,-1,1,-1,-1,-1,1,-1,-1,-1,1,-1,-1,1,-1,-1,-1,1,1,-1,-1,-1,1,1,1,-1,-1,1,-1,-1,-1,1,1,-1,1,-1,1,1,-1,-1,1,1,-1,-1,-1,-1,1,1,-1,-1,-1,-1,-1,-1,-1,-1,1,-1,1,1,1,-1,1,-1,-1,1,-1,-1,1,1,-1,1,1,1,1,-1,1,-1,1,1,1,-1,-1,1,-1,1,-1,-1,1,1,-1,-1,-1,1,1,-1,-1,-1,1,-1,-1,-1,1,-1,-1,1,-1,-1,1,1,-301.80721182144515,2
197,1,1,-1,-1,1,-1,-1,1,-1,-1,-1,-1,-1,1,1,-1,1,-1,1,-1,-1,1,1,1,-1,-1,-1,-1,-1,1,1,1,1,-1,1,1,-1,-1,1,1,1,-1,-1,-1,-1,-1,1,1,1,-1,-1,1,-1,-1,-1,1,1,1,-1,1,-1,-1,1,-1,-1,1,1,1,1,1,1,-1,-1,-1,-1,1,1,1,-1,-1,1,1,-1,1,1,1,-1,1,-1,1,-1,1,1,1,1,1,-1,1,-1,1,-1,-1,1,-1,1,-1,1,-1,-1,1,-1,1,1,-1,1,1,-1,1,1,1,1,1,-1,-1,-1,-1,1,1,1,-1,-1,-1,1,-1,1,1,1,-1,-1,1,-1,1,-1,1,1,1,-1,-1,1,1,1,1,-1,-1,1,-1,1,1,1,-1,-1,-1,1,1,-1,1,-1,1,1,1,1,1,1,1,1,-1,1,1,1,1,-1,1,-1,1,-1,1,1,1,-1,1,-1,-1,-1,1,-1,1,1,-1,1,-1,-1,1,1,1,1,-1,1,-1,-1,1,-1,-1,1,-1,1,-1,-301.80702386049023,8
198,-1,-1,1,1,-1,1,1,-1,1,1,1,1,1,-1,-1,1,-1,1,-1,1,1,-1,-1,-1,1,1,1,1,1,-1,-1,-1,-1,1,-1,-1,1,1,-1,-1,-1,1,1,1,1,1,-1,-1,-1,1,1,-1,1,1,1,-1,-1,-1,1,-1,1,1,-1,1,1,-1,-1,-1,-1,-1,-1,1,1,1,1,-1,-1,-1,1,1,-1,-1,1,-1,-1,-1,1,-1,1,-1,1,-1,-1,-1,-1,-1,1,-1,1,-1,1,1,-1,1,-1,1,-1,1,1,-1,1,-1,-1,1,-1,-1,1,-1,-1,-1,-1,-1,1,1,1,1,-1,-1,-1,1,1,1,-1,1,-1,-1,-1,1,1,-1,1,-1,1,-1,-1,-1,1,1,-1,-1,-1,-1,1,1,-1,1,-1,-1,-1,1,1,1,-1,-1,1,-1,1,-1,-1,-1,-1,-1,-1,-1,-1,1,-1,-1,-1,-1,1,-1,1,-1,1,-1,-1,-1,1,-1,1,1,1,-1,1,-1,-1,1,-1,1,1,-1,-1,-1,-1,1,-1,1,1,-1,1,1,-1,1,-1,1,-301.80702386049023,7
199,-1,-1,1,1,-1,1,1,-1,1,1,1,1,1,-1,-1,1,-1,1,-1,1,1,-1,-1,-1,1,1,1,1,1,-1,-1,-1,-1,1,-1,-1,1,1,-1,-1,-1,1,1,1,1,1,-1,-1,-1,1,1,-1,1,1,1,-1,-1,-1,1,-1,1,1,-1,1,1,-1,-1,-1,-1,-1,-1,1,1,1,1,-1,-1,-1,1,1,1,-1,1,-1,-1,-1,1,-1,1,-1,1,-1,-1,-1,-1,-1,1,-1,1,-1,1,1,-1,1,-1,1,-1,1,1,-1,1,-1,-1,1,-1,-1,1,-1,-1,-1,-1,-1,1,1,1,1,-1,-1,-1,1,1,1,-1,1,-1,-1,-1,1,1,-1,1,-1,1,-1,-1,-1,1,1,-1,-1,-1,-1,1,1,-1,1,-1,-1,-1,1,1,-1,-1,-1,1,-1,1,-1,-1,-1,-1,-1,-1,-1,-1,1,-1,-1,-1,-1,1,-1,1,-1,1,-1,-1,-1,1,-1,1,1,1,-1,1,-1,-1,1,-1,1,1,-1,-1,-1,-1,1,-1,1,1,-1,1,1,-1,1,-1,1,-301.8068403027169,7
200,1,1,-1,-1,1,-1,-1,1,-1,-1,-1,-1,-1,1,1,-1,1,-1,1,-1,-1,1,1,1,-1,-1,-1,-1,-1,1,1,1,1,-1,1,1,-1,-1,1,1,1,-1,-1,-1,-1,-1,1,1,1,-1,-1,1,-1,-1,-1,1,1,1,-1,1,-1,-1,1,-1,-1,1,1,1,1,1,1,-1,-1,-1,-1,1,1,1,-1,-1,-1,1,-1,1,1,1,-1,1,-1,1,-1,1,1,1,1,1,-1,1,-1,1,-1,-1,1,-1,1,-1,1,-1,-1,1,-1,1,1,-1,1,1,-1,1,1,1,1,1,-1,-1,-1,-1,1,1,1,-1,-1,-1,1,-1,1,1,1,-1,-1,1,-1,1,-1,1,1,1,-1,-1,1,1,1,1,-1,-1,1,-1,1,1,1,-1,-1,1,1,1,-1,1,-1,1,1,1,1,1,1,1,1,-1,1,1,1,1,-1,1,-1,1,-1,1,1,1,-1,1,-1,-1,-1,1,-1,1,1,-1,1,-1,-1,1,1,1,1,-1,1,-1,-1,1,-1,-1,1,-1,1,-1,-301.8068403027169,3
201,-1,1,-1,1,1,-1,1,1,-1,1,-1,-1,1,-1,-1,1,1,1,-1,1,-1,-1,-1,-1,1,1,-1,1,1,1,-1,-1,1,1,-1,-1,1,1,-1,-1,1,-1,1,1,-1,1,1,-1,-1,1,1,-1,1,1,1,-1,-1,-1,1,-1,1,1,-1,1,1,-1,-1,-1,-1,-1,-1,1,1,1,1,-1,-1,-1,-1,1,-1,1,1,-1,-1,-1,-1,1,1,-1,1,-1,-1,-1,-1,-1,1,1,1,-1,-1,-1,-1,1,-1,-1,1,-1,1,-1,1,-1,1,1,-1,-1,1,-1,-1,1,-1,-1,1,1,1,-1,-1,-1,1,1,1,-1,-1,1,-1,-1,-1,1,1,-1,1,-1,1,1,-1,-1,1,1,-1,-1,-1,-1,1,1,-1,-1,-1,-1,-1,-1,-1,-1,1,-1,1,1,1,-1,1,-1,-1,1,-1,-1,1,1,-1,1,1,1,1,-1,1,-1,1,1,1,-1,-1,1,-1,1,-1,-1,1,-1,-1,-1,-1,1,1,-1,-1,-1,1,-1,-1,1,1,-1,-1,1,-1,-1,1,-1,-301.8054488570132,2
202,1,1,-1,-1,1,-1,-1,1,-1,-1,-1,-1,-1,1,1,-1,1,-1,1,-1,-1,1,1,1,-1,-1,-1,-1,-1,1,1,1,1,-1,1,1,-1,-1,1,1,1,1,-1,-1,-1,-1,1,1,1,-1,-1,1,-1,-1,-1,1,1,1,-1,1,-1,-1,1,-1,-1,1,1,1,1,1,1,-1,-1,-1,-1,1,1,1,-1,-1,1,1,-1,1,1,1,1,1,-1,1,-1,1,1,1,1,1,-1,1,-1,1,-1,1,1,-1,1,-1,1,1,-1,1,-1,1,-1,-1,1,1,-1,1,1,1,1,1,-1,-1,-1,-1,1,1,1,-1,-1,-1,1,-1,1,1,1,-1,-1,1,-1,1,-1,1,1,1,-1,-1,1,1,1,1,-1,-1,1,-1,1,1,1,-1,-1,-1,1,1,-1,1,-1,1,1,1,1,1,1,1,1,-1,1,1,1,1,-1,1,-1,1,-1,-1,1,1,1,1,1,-1,-1,1,-1,1,1,1,1,-1,-1,1,1,1,1,1,1,-1,-1,1,-1,-1,1,-1,1,-1,-301.80072338901465,2
203,-1,-1,1,1,-1,1,1,-1,1,1,1,1,1,-1,-1,1,-1,1,-1,1,1,-1,-1,-1,1,1,1,1,1,-1,-1,-1,-1,1,-1,-1,1,1,-1,-1,-1,-1,1,1,1,1,-1,-1,-1,1,1,-1,1,1,1,-1,-1,-1,1,-1,1,1,-1,1,1,-1,-1,-1,-1,-1,-1,1,1,1,1,-1,-1,-1,1,1,-1,-1,1,-1,-1,-1,-1,-1,1,-1,1,-1,-1,-1,-1,-1,1,-1,1,-1,1,-1,-1,1,-1,1,-1,-1,1,-1,1,-1,1,1,-1,-1,1,-1,-1,-1,-1,-1,1,1,1,1,-1,-1,-1,1,1,1,-1,1,-1,-1,-1,1,1,-1,1,-1,1,-1,-1,-1,1,1,-1,-1,-1,-1,1,1,-1,1,-1,-1,-1,1,1,1,-1,-1,1,-1,1,-1,-1,-1,-1,-1,-1,-1,-1,1,-1,-1,-1,-1,1,-1,1,-1,1,1,-1,-1,-1,-1,-1,1,1,-1,1,-1,-1,-1,-1,1,1,-1,-1,-1,-1,-1,-1,1,1,-1,1,1,-1,1,-1,1,-301.80072338901465,2
204,-1,-1,1,1,-1,1,1,-1,1,1,1,1,1,-1,-1,1,-1,1,-1,1,1,-1,-1,-1,1,1,1,1,1,-1,-1,-1,-1,1,-1,-1,1,1,-1,-1,-1,1,1,1,1,1,-1,-1,-1,1,1,-1,1,1,1,-1,-1,-1,1,-1,1,1,-1,1,1,-1,-1,-1,-1,-1,-1,1,1,1,1,-1,-1,-1,1,1,-1,-1,1,-1,-1,-1,-1,1,1,-1,1,-1,-1,-1,-1,-1,1,-1,1,-1,1,-1,-1,1,-1,1,-1,-1,1,-1,1,-1,1,1,-1,-1,1,-1,-1,-1,-1,-1,1,1,1,1,-1,-1,-1,1,1,1,-1,1,-1,-1,-1,1,1,-1,1,-1,1,-1,-1,-1,1,1,-1,-1,-1,-1,1,1,-1,1,-1,-1,-1,1,1,-1,-1,-1,1,-1,1,-1,-1,-1,-1,-1,-1,-1,-1,1,-1,-1,-1,-1,1,-1,1,-1,1,1,-1,-1,-1,-1,-1,1,1,-1,1,-1,-1,-1,-1,1,1,-1,-1,-1,-1,1,-1,1,1,-1,1,1,-1,1,-1,1,-301.7999086458145,1
205,1,1,-1,-1,1,-1,-1,1,-1,-1,-1,-1,-1,1,1,-1,1,-1,1,-1,-1,1,1,1,-1,-1,-1,-1,-1,1,1,1,1,-1,1,1,-1,-1,1,1,1,-1,-1,-1,-1,-1,1,1,1,-1,-1,1,-1,-1,-1,1,1,1,-1,1,-1,-1,1,-1,-1,1,1,1,1,1,1,-1,-1,-1,-1,1,1,1,-1,-1,1,1,-1,1,1,1,1,-1,-1,1,-1,1,1,1,1,1,-1,1,-1,1,-1,1,1,-1,1,-1,1,1,-1,1,-1,1,-1,-1,1,1,-1,1,1,1,1,1,-1,-1,-1,-1,1,1,1,-1,-1,-1,1,-1,1,1,1,-1,-1,1,-1,1,-1,1,1,1,-1,-1,1,1,1,1,-1,-1,1,-1,1,1,1,-1,-1,-1,1,1,-1,1,-1,1,1,1,1,1,1,1,1,-1,1,1,1,1,-1,1,-1,1,-1,-1,1,1,1,1,1,-1,-1,1,-1,1,1,1,1,-1,-1,1,1,1,1,-1,1,-1,-1,1,-1,-1,1,-1,1,1,-301.7998445560117,1
206,1,-1,1,-1,-1,1,-1,-1,1,-1,1,1,-1,-1,-1,-1,-1,1,1,-1,-1,1,1,1,-1,-1,1,-1,-1,-1,1,1,-1,-1,1,-1,-1,-1,1,1,-1,1,-1,-1,1,-1,-1,1,1,-1,-1,1,-1,-1,-1,1,1,1,-1,1,-1,-1,1,-1,-1,1,1,1,1,1,1,-1,-1,-1,-1,1,1,1,-1,-1,1,1,-1,1,1,1,1,1,-1,1,-1,1,1,1,1,1,-1,1,-1,1,-1,1,1,-1,1,-1,1,1,-1,1,-1,1,1,-1,1,1,-1,1,1,1,1,1,-1,-1,-1,-1,1,1,1,-1,-1,-1,1,-1,1,1,1,-1,-1,1,-1,1,-1,1,1,1,-1,-1,1,1,1,1,-1,-1,1,-1,1,1,1,1,1,1,-1,1,-1,-1,-1,1,-1,-1,1,-1,1,1,-1,-1,1,-1,-1,-1,-1,1,-1,1,-1,-1,-1,1,1,-1,1,-1,1,1,-1,-1,1,1,1,-1,-1,1,1,1,-1,1,1,1,-1,1,1,-1,1,1,-1,1,-301.7994888583468,1
207,-1,-1,1,1,-1,1,1,-1,1,1,1,1,1,-1,-1,1,-1,1,-1,1,1,-1,-1,-1,1,1,1,1,1,-1,-1,-1,-1,1,-1,-1,1,1,-1,-1,-1,1,1,1,1,1,-1,-1,-1,1,1,-1,1,1,1,-1,-1,-1,1,-1,1,1,-1,1,1,-1,-1,-1,-1,-1,-1,1,1,1,1,-1,-1,-1,1,1,-1,-1,1,-1,-1,-1,1,-1,1,-1,1,-1,-1,-1,-1,-1,1,-1,1,-1,1,1,-1,1,-1,1,-1,1,1,-1,1,-1,1,1,-1,-1,1,-1,-1,-1,-1,-1,1,1,1,1,-1,-1,-1,1,1,1,-1,1,-1,-1,-1,1,1,-1,1,-1,1,-1,-1,-1,1,1,-1,-1,-1,-1,1,1,-1,1,-1,-1,-1,1,1,1,-1,-1,1,-1,1,-1,-1,-1,-1,-1,-1,-1,-1,1,-1,-1,-1,-1,1,-1,1,-1,1,-1,-1,-1,1,-1,1,1,1,-1,1,-1,-1,1,-1,1,1,-1,-1,-1,-1,1,-1,1,1,-1,1,1,-1,1,-1,1,-301.79812528260527,7
208,1,1,-1,-1,1,-1,-1,1,-1,-1,-1,-1,-1,1,1,-1,1,-1,1,-1,-1,1,1,1,-1,-1,-1,-1,-1,1,1,1,1,-1,1,1,-1,-1,1,1,1,-1,-1,-1,-1,-1,1,1,1,-1,-1,1,-1,-1,-1,1,1,1,-1,1,-1,-1,1,-1,-1,1,1,1,1,1,1,-1,-1,-1,-1,1,1,1,-1,-1,1,1,-1,1,1,1,-1,1,-1,1,-1,1,1,1,1,1,-1,1,-1,1,-1,-1,1,-1,1,-1,1,-1,-1,1,-1,1,-1,-1,1,1,-1,1,1,1,1,1,-1,-1,-1,-1,1,1,1,-1,-1,-1,1,-1,1,1,1,-1,-1,1,-1,1,-1,1,1,1,-1,-1,1,1,1,1,-1,-1,1,-1,1,1,1,-1,-1,-1,1,1,-1,1,-1,1,1,1,1,1,1,1,1,-1,1,1,1,1,-1,1,-1,1,-1,1,1,1,-1,1,-1,-1,-1,1,-1,1,1,-1,1,-1,-1,1,1,1,1,-1,1,-1,-1,1,-1,-1,1,-1,1,-1,-301.79812528260527,4
209,1,1,-1,-1,1,-1,-1,1,-1,-1,-1,-1,-1,1,1,-1,1,-1,1,-1,-1,1,1,1,-1,-1,-1,-1,-1,1,1,1,1,-1,1,1,-1,-1,1,1,1,-1,-1,-1,-1,-1,1,1,1,-1,-1,1,-1,-1,-1,1,1,1,-1,1,-1,-1,1,-1,-1,1,1,1,1,1,1,-1,-1,-1,-1,1,1,1,-1,-1,-1,1,-1,1,1,1,-1,1,-1,1,-1,1,1,1,1,1,-1,1,-1,1,-1,-1,1,-1,1,-1,1,-1,-1,1,-1,1,-1,-1,1,1,-1,1,1,1,1,1,-1,-1,-1,-1,1,1,1,-1,-1,-1,1,-1,1,1,1,-1,-1,1,-1,1,-1,1,1,1,-1,-1,1,1,1,1,-1,-1,1,-1,1,1,1,-1,-1,1,1,1,-1,1,-1,1,1,1,1,1,1,1,1,-1,1,1,1,1,-1,1,-1,1,-1,1,1,1,-1,1,-1,-1,-1,1,-1,1,1,-1,1,-1,-1,1,1,1,1,-1,1,-1,-1,1,-1,-1,1,-1,1,-1,-301.79794172483196,2
210,-1,-1,1,1,-1,1,1,-1,1,1,1,1,1,-1,-1,1,-1,1,-1,1,1,-1,-1,-1,1,1,1,1,1,-1,-1,-1,-1,1,-1,-1,1,1,-1,-1,-1,1,1,1,1,1,-1,-1,-1,1,1,-1,1,1,1,-1,-1,-1,1,-1,1,1,-1,1,1,-1,-1,-1,-1,-1,-1,1,1,1,1,-1,-1,-1,1,1,1,-1,1,-1,-1,-1,1,-1,1,-1,1,-1,-1,-1,-1,-1,1,-1,1,-1,1,1,-1,1,-1,1,-1,1,1,-1,1,-1,1,1,-1,-1,1,-1,-1,-1,-1,-1,1,1,1,1,-1,-1,-1,1,1,1,-1,1,-1,-1,-1,1,1,-1,1,-1,1,-1,-1,-1,1,1,-1,-1,-1,-1,1,1,-1,1,-1,-1,-1,1,1,-1,-1,-1,1,-1,1,-1,-1,-1,-1,-1,-1,-1,-1,1,-1,-1,-1,-1,1,-1,1,-1,1,-1,-1,-1,1,-1,1,1,1,-1,1,-1,-1,1,-1,1,1,-1,-1,-1,-1,1,-1,1,1,-1,1,1,-1,1,-1,1,-301.79794172483196,12
211,1,-1,1,-1,-1,1,-1,-1,1,-1,1,1,-1,1,1,-1,-1,-1,1,-1,1,1,1,1,-1,-1,1,-1,-1,-1,1,1,-1,-1,1,1,-1,-1,1,1,-1,1,-1,-1,1,-1,-1,1,1,-1,-1,1,-1,-1,-1,1,1,1,-1,1,-1,-1,1,-1,-1,1,1,1,1,1,-1,-1,-1,-1,-1,1,1,1,-1,-1,1,1,-1,1,-1,1,1,1,-1,1,-1,1,1,-1,1,1,-1,-1,-1,1,1,1,1,-1,1,-1,-1,1,-1,1,-1,1,1,-1,1,1,1,1,1,1,1,1,-1,-1,-1,-1,1,1,-1,-1,-1,1,1,-1,-1,1,1,-1,-1,1,-1,1,-1,1,1,1,-1,-1,1,1,1,1,-1,-1,1,1,1,1,1,1,1,1,-1,1,-1,-1,-1,1,-1,1,1,-1,1,1,-1,-1,1,-1,-1,-1,-1,1,-1,1,-1,-1,-1,1,1,-1,1,-1,1,1,-1,1,1,1,1,-1,-1,1,1,1,-1,1,1,-1,-1,1,1,-1,1,1,-1,1,-301.7937749289223,1
212,1,-1,1,-1,-1,1,-1,-1,1,-1,1,1,-1,1,1,-1,-1,-1,1,-1,1,1,1,1,-1,-1,1,-1,-1,-1,1,1,-1,-1,1,1,-1,-1,1,1,-1,1,-1,-1,1,-1,-1,1,1,-1,-1,1,-1,-1,-1,1,1,1,-1,1,-1,-1,1,-1,-1,1,1,1,1,1,1,-1,-1,-1,-1,1,1,1,1,-1,1,-1,-1,1,-1,1,1,-1,-1,1,-1,1,1,1,1,1,-1,-1,-1,1,1,1,1,-1,1,1,-1,1,-1,1,-1,1,1,-1,1,1,-1,1,-1,-1,1,1,-1,-1,-1,-1,1,1,-1,-1,-1,1,1,-1,1,1,1,-1,-1,1,-1,1,-1,-1,1,1,-1,-1,1,1,1,1,-1,-1,1,1,1,1,1,1,1,1,-1,1,-1,-1,-1,1,-1,1,1,-1,1,1,-1,-1,1,-1,-1,-1,-1,1,-1,1,-1,-1,-1,1,1,-1,1,-1,1,1,-1,1,1,1,1,-1,-1,1,1,1,-1,1,1,-1,-1,1,1,-1,1,1,-1,1,-301.7922945908236,3
213,-1,1,-1,1,1,-1,1,1,-1,1,-1,-1,1,-1,-1,1,1,1,-1,1,-1,-1,-1,-1,1,1,-1,1,1,1,-1,-1,1,1,-1,-1,1,1,-1,-1,1,-1,1,1,-1,1,1,-1,-1,1,1,-1,1,1,1,-1,-1,-1,1,-1,1,1,-1,1,1,-1,-1,-1,-1,-1,-1,1,1,1,1,-1,-1,-1,-1,1,-1,1,1,-1,1,-1,-1,1,1,-1,1,-1,-1,-1,-1,-1,1,1,1,-1,-1,-1,-1,1,-1,-1,1,-1,1,-1,1,-1,-1,1,-1,-1,1,-1,1,1,-1,-1,1,1,1,1,-1,-1,1,1,1,-1,-1,1,-1,-1,-1,1,1,-1,1,-1,1,1,-1,-1,1,1,-1,-1,-1,-1,1,1,-1,-1,-1,-1,-1,-1,-1,-1,1,-1,1,1,1,-1,1,-1,-1,1,-1,-1,1,1,-1,1,1,1,1,-1,1,-1,1,1,1,-1,-1,1,-1,1,-1,-1,1,-1,-1,-1,-1,1,1,-1,-1,-1,1,-1,-1,1,1,-1,-1,1,-1,-1,1,-1,-301.7922945908236,1
214,1,-1,1,-1,-1,1,-1,-1,1,-1,1,1,-1,1,1,-1,-1,-1,1,-1,-1,1,1,1,-1,-1,1,-1,-1,-1,1,1,-1,-1,1,1,-1,-1,1,1,-1,1,-1,-1,1,-1,-1,1,1,-1,-1,1,-1,-1,-1,1,1,1,-1,1,-1,-1,1,-1,-1,1,1,1,1,1,1,-1,-1,-1,-1,1,1,1,-1,-1,1,1,-1,1,1,1,1,1,-1,1,-1,1,1,1,1,1,-1,1,-1,1,-1,1,1,-1,1,-1,1,1,-1,1,-1,1,1,-1,1,1,-1,1,1,1,1,1,-1,-1,-1,-1,1,1,1,-1,-1,-1,1,-1,1,1,1,-1,-1,1,-1,1,-1,1,1,1,-1,-1,1,1,1,1,-1,-1,1,-1,1,1,1,1,1,1,-1,1,-1,-1,-1,1,-1,1,1,1,1,1,-1,-1,1,-1,-1,-1,-1,1,-1,1,-1,-1,-1,1,1,-1,1,-1,1,1,-1,1,1,1,1,-1,-1,1,1,1,-1,1,1,1,-1,1,1,-1,1,1,-1,1,-301.791352756076,1
215,-1,1,-1,1,1,-1,1,1,-1,1,-1,-1,1,-1,-1,1,1,1,-1,1,1,-1,-1,-1,1,1,-1,1,1,1,-1,-1,1,1,-1,-1,1,1,-1,-1,1,-1,1,1,-1,1,1,-1,-1,1,1,-1,1,1,1,-1,-1,-1,1,-1,1,1,-1,1,1,-1,-1,-1,-1,-1,-1,1,1,1,1,-1,-1,-1,-1,1,-1,1,1,-1,-1,-1,-1,1,1,-1,1,-1,-1,-1,-1,-1,-1,-1,1,1,1,-1,-1,1,-1,-1,1,-1,1,-1,-1,-1,1,-1,-1,-1,1,-1,-1,1,-1,-1,-1,1,1,-1,-1,-1,1,1,1,-1,-1,1,-1,-1,-1,1,1,-1,1,-1,1,1,-1,-1,1,1,-1,-1,-1,-1,1,1,-1,-1,-1,-1,-1,-1,-1,-1,1,-1,1,1,1,-1,1,-1,-1,1,-1,-1,1,1,-1,1,1,1,1,-1,1,-1,1,1,1,-1,-1,1,-1,1,-1,-1,1,-1,-1,-1,-1,1,1,-1,-1,-1,1,-1,-1,1,1,-1,-1,1,-1,-1,1,1,-301.78139847166744,2
216,-1,1,-1,1,1,-1,1,1,-1,1,-1,-1,1,-1,-1,1,1,1,-1,1,-1,-1,-1,-1,1,1,-1,1,1,1,-1,-1,1,1,-1,-1,1,1,-1,-1,1,-1,1,1,-1,1,1,-1,-1,1,1,-1,1,1,1,-1,-1,-1,1,-1,1,1,-1,1,1,-1,-1,-1,-1,-1,-1,1,1,1,1,-1,-1,-1,-1,1,-1,1,1,-1,-1,-1,-1,1,1,-1,1,-1,-1,-1,-1,-1,-1,-1,1,1,1,-1,-1,1,-1,-1,1,-1,1,-1,-1,-1,1,-1,-1,-1,1,-1,-1,1,-1,-1,-1,1,1,-1,-1,-1,1,1,1,-1,-1,1,-1,-1,-1,1,1,-1,1,-1,1,1,-1,-1,1,1,-1,-1,-1,-1,1,1,-1,-1,-1,-1,-1,-1,-1,-1,1,-1,1,1,1,-1,1,-1,-1,-1,-1,-1,1,1,-1,1,1,1,1,-1,1,-1,1,1,1,-1,-1,1,-1,1,-1,-1,1,-1,-1,-1,-1,1,1,-1,-1,-1,1,-1,-1,1,1,-1,-1,1,-1,-1,1,1,-301.7801723519538,1
217,-1,1,-1,1,1,-1,1,1,-1,1,-1,-1,1,-1,-1,1,1,1,-1,1,1,-1,-1,-1,1,1,-1,1,1,1,-1,-1,1,1,-1,-1,1,1,-1,-1,1,-1,1,1,-1,1,1,-1,-1,1,1,-1,1,1,1,-1,-1,-1,1,-1,1,1,-1,1,1,-1,1,-1,-1,1,-1,1,1,1,1,-1,-1,-1,1,1,-1,-1,1,-1,-1,-1,-1,-1,1,-1,1,-1,-1,-1,-1,-1,1,-1,1,-1,1,-1,-1,1,-1,1,-1,-1,1,-1,1,-1,1,1,-1,1,1,-1,-1,-1,-1,-1,1,1,1,1,-1,-1,-1,1,1,1,-1,1,-1,-1,-1,1,1,-1,1,-1,1,-1,-1,-1,1,1,-1,-1,-1,-1,1,1,-1,1,-1,-1,-1,-1,-1,-1,1,-1,1,1,1,-1,1,-1,-1,1,-1,-1,1,1,-1,1,1,1,1,-1,1,-1,1,1,1,-1,-1,1,-1,1,-1,-1,1,-1,-1,-1,-1,1,1,-1,-1,-1,1,-1,-1,-1,1,-1,-1,1,-1,-1,1,1,-301.77938159655423,1
218,1,-1,1,-1,-1,1,-1,-1,1,-1,1,1,-1,1,1,-1,-1,-1,1,-1,-1,1,1,1,-1,-1,1,-1,-1,-1,1,1,-1,-1,1,1,-1,-1,1,1,-1,1,-1,-1,1,-1,-1,1,1,-1,-1,1,-1,-1,-1,1,1,1,-1,1,-1,-1,1,-1,-1,1,-1,-1,1,1,-1,-1,-1,-1,-1,1,1,1,-1,-1,1,1,-1,1,-1,1,1,-1,-1,1,-1,1,1,-1,1,1,-1,-1,-1,1,1,1,1,-1,1,-1,-1,1,-1,1,-1,1,-1,-1,1,1,1,1,1,1,1,1,-1,-1,-1,-1,1,1,-1,-1,-1,1,1,-1,-1,1,1,-1,-1,1,-1,1,-1,1,1,1,-1,-1,1,1,1,1,-1,-1,1,1,1,1,1,1,1,1,-1,1,-1,-1,-1,1,-1,1,1,1,1,1,-1,-1,1,-1,-1,-1,-1,1,-1,1,-1,-1,-1,1,1,-1,1,-1,1,1,-1,1,1,1,1,-1,-1,1,1,1,-1,1,1,-1,-1,1,1,-1,1,1,-1,1,-301.7771066257532,1
219,-1,-1,1,1,-1,1,1,-1,1,1,1,1,1,-1,-1,1,-1,1,-1,1,1,-1,-1,-1,1,1,1,1,1,-1,-1,-1,-1,1,-1,1,1,1,1,-1,-1,1,1,1,-1,1,-1,-1,-1,1,1,-1,1,1,1,-1,-1,-1,1,-1,1,1,-1,1,1,-1,-1,-1,-1,-1,-1,1,1,1,1,-1,-1,-1,1,1,-1,-1,1,-1,-1,-1,-1,1,1,-1,1,-1,-1,-1,-1,-1,1,-1,1,-1,1,-1,-1,1,-1,1,-1,-1,1,-1,1,-1,1,1,-1,-1,1,-1,-1,-1,-1,-1,1,1,1,1,-1,-1,-1,1,1,1,-1,1,-1,-1,-1,1,1,-1,1,-1,1,-1,-1,-1,1,1,-1,-1,-1,-1,1,1,-1,1,-1,-1,-1,1,1,1,-1,-1,1,-1,1,-1,-1,-1,-1,-1,-1,-1,-1,1,-1,-1,-1,-1,1,-1,1,-1,1,1,-1,-1,-1,1,-1,1,1,-1,1,-1,-1,-1,-1,1,1,-1,-1,-1,-1,1,-1,1,1,-1,1,-1,-1,1,1,1,-301.77347938075746,1
220,1,1,-1,-1,1,-1,-1,1,-1,-1,-1,-1,-1,1,1,-1,1,-1,1,-1,-1,1,1,1,-1,-1,-1,-1,-1,1,1,1,1,-1,1,1,-1,-1,1,1,1,1,-1,-1,1,-1,1,1,1,-1,-1,1,-1,-1,-1,1,1,1,-1,1,-1,-1,1,-1,-1,1,1,1,1,1,1,-1,-1,-1,-1,1,1,1,-1,-1,1,1,-1,1,1,1,1,1,-1,1,-1,1,1,1,1,1,-1,1,-1,1,-1,1,1,-1,1,-1,1,1,-1,1,-1,1,1,-1,1,1,-1,1,1,1,1,1,-1,-1,-1,-1,1,1,1,-1,-1,-1,1,-1,1,1,1,-1,-1,1,-1,1,-1,1,1,1,-1,-1,1,1,1,1,-1,-1,1,-1,1,1,1,-1,-1,1,1,1,-1,1,-1,1,1,1,1,1,1,1,1,-1,1,1,1,1,-1,1,-1,1,-1,-1,-1,1,1,-1,1,-1,-1,1,-1,1,1,1,1,-1,-1,1,1,1,1,1,1,-1,-1,1,-1,-1,1,-1,1,1,-301.7654429863516,1
221,-1,-1,1,1,-1,1,1,-1,1,1,1,1,1,-1,-1,1,-1,1,-1,1,1,-1,-1,-1,1,1,1,1,1,-1,-1,-1,-1,1,-1,-1,1,1,-1,-1,-1,-1,1,1,-1,1,-1,-1,-1,1,1,-1,1,1,1,-1,-1,-1,1,-1,1,1,-1,1,1,-1,-1,-1,-1,-1,-1,1,1,1,1,-1,-1,-1,1,1,-1,-1,1,-1,-1,-1,-1,-1,1,-1,1,-1,-1,-1,-1,-1,1,-1,1,-1,1,-1,-1,1,-1,1,-1,-1,1,-1,1,-1,-1,1,-1,-1,1,-1,-1,-1,-1,-1,1,1,1,1,-1,-1,-1,1,1,1,-1,1,-1,-1,-1,1,1,-1,1,-1,1,-1,-1,-1,1,1,-1,-1,-1,-1,1,1,-1,1,-1,-1,-1,1,1,-1,-1,-1,1,-1,1,-1,-1,-1,-1,-1,-1,-1,-1,1,-1,-1,-1,-1,1,-1,1,-1,1,1,1,-1,-1,1,-1,1,1,-1,1,-1,-1,-1,-1,1,1,-1,-1,-1,-1,-1,-1,1,1,-1,1,1,-1,1,-1,-1,-301.7654429863516,1
222,-1,1,-1,1,1,-1,1,1,-1,1,-1,-1,1,1,-1,1,1,1,-1,1,-1,-1,-1,-1,1,1,-1,1,1,1,-1,-1,1,1,-1,-1,1,1,-1,-1,1,-1,1,1,-1,1,1,-1,-1,1,1,-1,1,1,1,-1,-1,-1,1,-1,1,1,-1,1,1,-1,-1,-1,-1,-1,-1,1,1,1,1,-1,-1,-1,1,1,-1,-1,1,-1,-1,-1,-1,-1,1,-1,1,-1,-1,-1,-1,-1,1,-1,1,-1,1,-1,-1,1,-1,1,-1,-1,1,-1,1,-1,-1,1,-1,-1,1,-1,-1,-1,-1,-1,1,1,1,1,-1,-1,-1,1,1,1,-1,1,-1,-1,-1,1,1,-1,1,-1,1,-1,-1,-1,1,1,-1,-1,-1,-1,1,1,-1,1,-1,-1,-1,-1,-1,-1,1,-1,1,1,1,-1,1,-1,-1,1,-1,-1,1,1,-1,1,1,1,1,-1,1,-1,1,1,1,-1,-1,1,-1,1,-1,-1,1,-1,-1,-1,-1,1,1,-1,-1,-1,1,-1,-1,1,1,-1,-1,1,-1,-1,1,-1,-301.76244693548335,1
223,1,-1,1,-1,-1,1,-1,-1,1,-1,1,1,-1,1,1,-1,-1,-1,1,-1,1,1,1,1,-1,-1,1,-1,-1,-1,1,1,-1,-1,1,1,-1,-1,1,1,-1,1,-1,-1,1,-1,-1,1,1,-1,-1,1,-1,-1,-1,1,1,1,-1,1,-1,-1,1,-1,-1,1,1,1,1,1,1,-1,-1,-1,-1,1,1,1,-1,-1,1,1,-1,1,1,1,-1,1,-1,1,-1,1,1,1,1,1,-1,1,-1,1,-1,1,1,-1,1,-1,1,1,-1,1,-1,1,1,-1,1,1,-1,1,1,1,1,1,-1,-1,-1,-1,1,1,1,-1,-1,-1,1,-1,1,1,1,-1,-1,1,-1,1,-1,1,1,1,-1,-1,1,1,1,1,-1,-1,1,-1,1,1,1,1,1,1,-1,1,-1,-1,-1,1,-1,1,1,-1,1,1,-1,-1,1,-1,-1,-1,-1,1,-1,1,-1,-1,-1,1,1,-1,1,-1,1,1,-1,1,1,1,1,-1,-1,1,1,1,-1,1,1,-1,-1,1,1,-1,1,1,-1,-1,-301.7592991760249,1
224,-1,1,-1,1,1,-1,1,1,-1,1,-1,-1,1,-1,-1,1,1,1,-1,1,-1,-1,-1,-1,1,1,-1,1,1,1,-1,-1,1,1,-1,-1,1,1,-1,-1,1,-1,1,1,-1,1,1,-1,-1,1,1,-1,1,1,1,-1,-1,-1,1,-1,1,1,-1,1,1,-1,-1,-1,-1,-1,-1,1,1,1,1,-1,-1,-1,-1,1,-1,1,1,-1,-1,-1,-1,1,1,-1,1,-1,-1,-1,-1,-1,-1,1,1,-1,-1,-1,-1,1,-1,-1,1,-1,1,-1,1,-1,1,-1,-1,-1,1,-1,-1,1,-1,-1,-1,1,1,-1,-1,-1,1,1,1,-1,-1,1,-1,-1,-1,1,1,-1,1,-1,1,1,-1,-1,1,1,-1,-1,-1,-1,1,1,-1,-1,-1,-1,-1,-1,-1,-1,1,-1,1,1,1,-1,1,-1,-1,1,-1,-1,1,1,-1,1,1,1,1,-1,1,-1,1,1,1,-1,-1,1,-1,1,-1,-1,1,-1,-1,-1,-1,1,1,-1,-1,-1,1,-1,-1,1,1,-1,-1,1,-1,-1,1,1,-301.75711673283075,2
225,-1,1,-1,1,1,1,1,1,1,1,-1,1,1,1,1,1,1,-1,-1,1,1,-1,-1,-1,1,1,-1,1,1,1,-1,-1,1,1,-1,1,1,1,-1,-1,1,-1,1,1,-1,1,1,-1,-1,1,1,-1,1,1,1,-1,-1,-1,1,-1,1,1,-1,1,1,-1,1,-1,-1,-1,-1,1,1,1,1,-1,-1,-1,1,1,-1,-1,1,-1,-1,-1,-1,-1,1,-1,1,-1,-1,-1,-1,-1,1,-1,1,-1,1,-1,-1,1,-1,1,-1,-1,1,-1,1,-1,1,1,-1,-1,1,-1,-1,-1,-1,-1,1,1,1,1,-1,-1,-1,1,1,1,-1,1,-1,-1,-1,1,1,-1,1,-1,1,-1,-1,-1,1,1,-1,-1,-1,-1,1,1,-1,1,-1,-1,-1,-1,-1,-1,1,-1,1,1,1,-1,1,-1,-1,1,-1,-1,1,1,-1,1,1,1,1,-1,1,-1,1,1,1,-1,-1,1,-1,1,1,-1,1,1,-1,-1,-1,1,1,-1,-1,-1,-1,-1,-1,1,1,-1,-1,1,-1,1,-1,1,-301.75281333651,1
226,-1,1,-1,1,1,-1,1,1,-1,1,-1,-1,1,-1,-1,1,1,1,-1,1,-1,-1,-1,-1,1,1,-1,1,1,1,-1,-1,1,1,-1,-1,1,1,-1,-1,1,-1,1,1,-1,1,1,-1,-1,1,1,-1,1,1,1,-1,-1,-1,1,-1,1,1,-1,1,1,-1,-1,-1,-1,-1,-1,1,1,1,1,-1,-1,-1,-1,1,-1,1,1,-1,-1,-1,-1,1,1,-1,1,-1,-1,-1,-1,-1,-1,-1,1,1,1,-1,-1,1,-1,-1,1,-1,1,-1,-1,-1,1,-1,-1,-1,1,-1,-1,1,-1,-1,-1,1,1,-1,-1,-1,1,1,1,-1,-1,1,-1,-1,-1,1,1,-1,1,-1,1,1,-1,-1,1,1,-1,-1,-1,-1,1,1,-1,1,-1,-1,-1,-1,-1,-1,1,-1,1,1,1,-1,1,-1,-1,1,-1,-1,1,1,-1,1,1,1,1,-1,1,-1,1,1,1,-1,-1,1,-1,1,-1,-1,1,-1,-1,-1,-1,1,1,-1,-1,-1,1,-1,-1,1,1,-1,-1,1,-1,-1,1,1,-301.7384077862423,2
227,1,-1,1,-1,-1,1,-1,-1,1,-1,1,1,-1,1,1,-1,-1,-1,1,-1,1,1,1,1,-1,-1,1,-1,-1,-1,1,1,-1,-1,1,1,-1,-1,1,1,-1,1,-1,-1,1,-1,-1,1,1,-1,-1,1,-1,-1,-1,1,1,1,-1,1,-1,-1,1,-1,-1,1,-1,1,1,-1,1,-1,-1,-1,-1,1,1,1,-1,-1,1,1,-1,1,1,1,1,1,-1,1,-1,1,1,1,1,1,-1,1,-1,1,-1,1,1,-1,1,-1,1,1,-1,1,-1,1,-1,-1,1,-1,-1,1,1,1,1,1,-1,-1,-1,-1,1,1,1,-1,-1,-1,1,-1,1,1,1,-1,-1,1,-1,1,-1,1,1,1,-1,-1,1,1,1,1,-1,-1,1,-1,1,1,1,1,1,1,-1,1,-1,-1,-1,1,-1,1,1,1,1,1,-1,-1,1,-1,-1,-1,-1,1,-1,1,-1,-1,-1,1,1,-1,1,-1,1,1,-1,1,1,1,1,-1,-1,1,1,1,-1,1,1,-1,-1,1,1,-1,1,1,-1,1,-301.7362987742516,1
228,-1,-1,1,1,-1,1,1,-1,1,1,1,1,1,-1,-1,1,-1,1,-1,1,1,-1,-1,-1,1,1,1,1,1,-1,-1,-1,-1,1,-1,-1,1,1,-1,-1,-1,1,1,1,1,1,-1,-1,-1,1,1,-1,1,1,1,-1,-1,-1,1,-1,1,1,-1,1,1,-1,-1,-1,-1,-1,-1,1,1,1,1,-1,-1,-1,1,1,1,-1,1,-1,-1,-1,1,-1,1,-1,1,-1,-1,-1,-1,-1,1,-1,1,-1,1,1,-1,1,-1,1,-1,1,1,-1,1,-1,-1,1,-1,-1,1,-1,-1,-1,-1,-1,1,1,1,1,-1,-1,-1,1,1,1,-1,1,-1,-1,-1,1,1,-1,1,-1,1,-1,-1,-1,1,1,-1,-1,-1,-1,1,1,-1,1,-1,-1,-1,1,1,1,-1,-1,1,-1,1,-1,-1,-1,-1,-1,-1,-1,-1,1,-1,-1,-1,-1,1,-1,1,-1,1,-1,-1,-1,1,-1,1,1,1,-1,1,-1,-1,1,-1,1,1,-1,-1,-1,-1,1,-1,1,1,-1,1,1,1,1,-1,1,-301.7359198592569,1
229,1,1,1,-1,1,-1,-1,1,-1,-1,-1,-1,-1,1,1,-1,1,-1,1,-1,-1,1,1,1,-1,-1,-1,-1,-1,1,1,1,1,-1,1,1,-1,-1,1,1,1,-1,-1,-1,-1,-1,1,1,1,-1,-1,1,-1,-1,-1,1,1,1,-1,1,-1,-1,1,-1,-1,1,1,1,1,1,1,-1,-1,-1,-1,1,1,1,-1,-1,1,1,-1,1,1,1,1,1,-1,1,-1,1,1,1,1,1,-1,1,-1,1,-1,1,1,-1,1,-1,1,1,-1,1,-1,1,1,-1,1,1,-1,1,1,1,1,1,-1,-1,-1,-1,1,1,1,-1,-1,-1,1,-1,1,1,1,-1,-1,1,-1,1,-1,1,1,1,-1,-1,1,1,1,1,-1,-1,1,-1,1,1,1,-1,-1,-1,1,1,-1,1,-1,1,1,1,1,1,1,1,1,-1,1,1,1,1,-1,1,-1,1,-1,-1,1,1,1,1,1,-1,-1,1,-1,1,1,1,1,-1,-1,1,1,1,-1,-1,1,-1,-1,1,1,-1,1,-1,1,-1,-301.7357412196646,1
230,-1,-1,-1,1,-1,1,1,-1,1,1,1,1,1,-1,-1,1,-1,1,-1,1,1,-1,-1,-1,1,1,1,1,1,-1,-1,-1,-1,1,-1,-1,1,1,-1,-1,-1,1,1,1,1,1,-1,-1,-1,1,1,-1,1,1,1,-1,-1,-1,1,-1,1,1,-1,1,1,-1,-1,-1,-1,-1,-1,1,1,1,1,-1,-1,-1,1,1,-1,-1,1,-1,-1,-1,-1,-1,1,-1,1,-1,-1,-1,-1,-1,1,-1,1,-1,1,-1,-1,1,-1,1,-1,-1,1,-1,1,-1,-1,1,-1,-1,1,-1,-1,-1,-1,-1,1,1,1,1,-1,-1,-1,1,1,1,-1,1,-1,-1,-1,1,1,-1,1,-1,1,-1,-1,-1,1,1,-1,-1,-1,-1,1,1,-1,1,-1,-1,-1,1,1,1,-1,-1,1,-1,1,-1,-1,-1,-1,-1,-1,-1,-1,1,-1,-1,-1,-1,1,-1,1,-1,1,1,-1,-1,-1,-1,-1,1,1,-1,1,-1,-1,-1,-1,1,1,-1,-1,-1,1,1,-1,1,1,-1,-1,1,-1,1,-1,1,-301.7357412196646,2
231,1,1,-1,-1,1,-1,-1,1,-1,-1,-1,-1,-1,1,1,-1,1,-1,1,-1,-1,1,1,1,-1,-1,-1,-1,-1,1,1,1,1,-1,1,1,-1,-1,1,1,1,1,-1,-1,-1,-1,1,1,1,-1,-1,1,-1,-1,-1,1,1,1,-1,1,-1,-1,1,-1,-1,1,1,1,1,1,1,-1,-1,-1,-1,1,1,1,-1,-1,-1,1,-1,1,1,1,-1,1,-1,1,-1,1,1,1,1,1,-1,1,-1,1,-1,-1,1,-1,1,-1,1,-1,-1,1,-1,1,1,-1,1,1,-1,1,1,1,1,1,-1,-1,-1,-1,1,1,1,-1,-1,-1,1,-1,1,1,1,-1,-1,1,-1,1,-1,1,1,1,-1,-1,1,1,1,1,-1,-1,1,-1,1,1,1,-1,-1,-1,1,1,-1,1,-1,1,1,1,1,1,1,1,1,-1,1,1,1,1,-1,1,-1,1,-1,1,1,1,-1,1,-1,-1,-1,1,-1,1,1,-1,-1,1,1,1,1,1,1,1,1,-1,-1,1,-1,-1,1,-1,1,-1,-301.73293881536745,1
232,-1,-1,1,1,-1,1,1,-1,1,1,1,1,1,-1,-1,1,-1,1,-1,1,1,-1,-1,-1,1,1,1,1,1,-1,-1,-1,-1,1,-1,-1,1,1,-1,-1,-1,-1,1,1,1,1,-1,-1,-1,1,1,-1,1,1,1,-1,-1,-1,1,-1,1,1,-1,1,1,-1,-1,-1,-1,-1,-1,1,1,1,1,-1,-1,-1,1,1,1,-1,1,-1,-1,-1,1,-1,1,-1,1,-1,-1,-1,-1,-1,1,-1,1,-1,1,1,-1,1,-1,1,-1,1,1,-1,1,-1,-1,1,-1,-1,1,-1,-1,-1,-1,-1,1,1,1,1,-1,-1,-1,1,1,1,-1,1,-1,-1,-1,1,1,-1,1,-1,1,-1,-1,-1,1,1,-1,-1,-1,-1,1,1,-1,1,-1,-1,-1,1,1,1,-1,-1,1,-1,1,-1,-1,-1,-1,-1,-1,-1,-1,1,-1,-1,-1,-1,1,-1,1,-1,1,-1,-1,-1,1,-1,1,1,1,-1,1,-1,-1,1,1,-1,-1,-1,-1,-1,-1,-1,-1,1,1,-1,1,1,-1,1,-1,1,-301.73293881536745,3
233,1,1,-1,-1,1,-1,-1,1,-1,-1,-1,-1,-1,1,1,-1,1,-1,1,-1,-1,1,1,1,-1,-1,-1,-1,-1,1,1,1,1,-1,1,1,-1,-1,1,1,1,1,-1,-1,-1,-1,1,1,1,-1,-1,1,-1,-1,-1,1,1,1,-1,1,-1,-1,1,-1,-1,1,1,1,1,1,1,-1,-1,-1,-1,1,1,1,-1,-1,1,1,-1,1,1,1,1,1,-1,1,-1,1,1,1,1,1,-1,1,-1,1,-1,1,1,-1,1,-1,1,1,-1,1,-1,1,1,-1,1,1,-1,1,1,1,1,1,-1,-1,-1,-1,1,1,1,-1,-1,-1,1,-1,1,1,1,-1,-1,1,-1,1,-1,1,1,1,-1,-1,1,1,1,1,-1,-1,1,-1,1,1,1,-1,-1,-1,1,1,-1,1,-1,1,1,1,1,1,1,1,1,-1,1,1,1,1,-1,1,-1,1,-1,-1,1,1,1,1,1,-1,-1,1,-1,1,1,1,1,-1,-1,1,1,1,1,1,1,-1,-1,1,-1,-1,1,-1,1,1,-301.7295764077999,2
234,1,1,-1,-1,1,-1,-1,1,-1,-1,-1,-1,-1,1,1,-1,1,-1,1,-1,-1,1,1,1,-1,-1,-1,-1,-1,1,1,1,1,-1,1,1,-1,-1,1,1,1,-1,-1,-1,-1,-1,1,1,1,-1,-1,1,-1,-1,-1,1,1,1,-1,1,-1,-1,1,-1,-1,1,1,1,1,1,1,-1,-1,-1,-1,1,1,1,-1,-1,1,1,-1,1,1,1,-1,1,-1,1,-1,1,1,1,1,1,-1,1,-1,1,-1,-1,1,-1,1,-1,1,-1,-1,1,-1,1,1,-1,1,1,-1,1,1,1,1,1,-1,-1,-1,-1,1,1,1,-1,-1,-1,1,-1,1,1,1,-1,-1,1,-1,1,-1,1,1,1,-1,-1,1,1,1,1,-1,-1,1,-1,1,1,1,-1,-1,1,1,1,-1,1,-1,1,1,1,1,1,1,1,1,-1,1,1,1,1,-1,1,-1,1,-1,1,1,1,-1,1,-1,-1,-1,1,-1,1,1,-1,1,-1,-1,1,1,1,1,-1,1,-1,-1,1,-1,-1,1,-1,1,-1,-301.7270423911933,1
235,-1,-1,1,1,-1,1,1,-1,1,1,1,1,1,-1,-1,1,-1,1,-1,1,1,-1,-1,-1,1,1,1,1,1,-1,-1,-1,-1,1,-1,-1,1,1,-1,-1,-1,1,1,1,1,1,-1,-1,-1,1,1,-1,1,1,1,-1,-1,-1,1,-1,1,1,-1,1,1,-1,-1,-1,-1,-1,-1,1,1,1,1,-1,-1,-1,1,1,-1,-1,1,-1,-1,-1,1,-1,1,-1,1,-1,-1,-1,-1,-1,1,-1,1,-1,1,1,-1,1,-1,1,-1,1,1,-1,1,-1,-1,1,-1,-1,1,-1,-1,-1,-1,-1,1,1,1,1,-1,-1,-1,1,1,1,-1,1,-1,-1,-1,1,1,-1,1,-1,1,-1,-1,-1,1,1,-1,-1,-1,-1,1,1,-1,1,-1,-1,-1,1,1,-1,-1,-1,1,-1,1,-1,-1,-1,-1,-1,-1,-1,-1,1,-1,-1,-1,-1,1,-1,1,-1,1,-1,-1,-1,1,-1,1,1,1,-1,1,-1,-1,1,-1,1,1,-1,-1,-1,-1,1,-1,1,1,-1,1,1,-1,1,-1,1,-301.7270423911933,4
236,1,1,-1,-1,1,-1,-1,1,-1,-1,-1,-1,-1,1,1,-1,1,-1,1,-1,-1,1,1,1,-1,-1,-1,-1,-1,1,1,1,1,-1,1,1,-1,-1,1,1,1,-1,-1,-1,-1,-1,1,1,1,-1,-1,1,-1,-1,-1,1,1,1,-1,1,-1,-1,1,-1,-1,1,1,1,1,1,1,-1,-1,-1,-1,1,1,1,-1,-1,-1,1,-1,1,1,1,-1,1,-1,1,-1,1,1,1,1,1,-1,1,-1,1,-1,-1,1,-1,1,-1,1,-1,-1,1,-1,1,-1,-1,1,1,-1,1,1,1,1,1,-1,-1,-1,-1,1,1,1,-1,-1,-1,1,-1,1,1,1,-1,-1,1,-1,1,-1,1,1,1,-1,-1,1,1,1,1,-1,-1,1,-1,1,1,1,-1,-1,-1,1,1,-1,1,-1,1,1,1,1,1,1,1,1,-1,1,1,1,1,-1,1,-1,1,-1,1,1,1,-1,1,-1,-1,-1,1,-1,1,1,-1,1,-1,-1,1,1,1,1,-1,1,-1,-1,1,-1,-1,-1,-1,1,-1,-301.7270212813719,3
237,-1,-1,1,1,-1,1,1,-1,1,1,1,1,1,-1,-1,1,-1,1,-1,1,1,-1,-1,-1,1,1,1,1,1,-1,-1,-1,-1,1,-1,-1,1,1,-1,-1,-1,1,1,1,1,1,-1,-1,-1,1,1,-1,1,1,1,-1,-1,-1,1,-1,1,1,-1,1,1,-1,-1,-1,-1,-1,-1,1,1,1,1,-1,-1,-1,1,1,1,-1,1,-1,-1,-1,1,-1,1,-1,1,-1,-1,-1,-1,-1,1,-1,1,-1,1,1,-1,1,-1,1,-1,1,1,-1,1,-1,1,1,-1,-1,1,-1,-1,-1,-1,-1,1,1,1,1,-1,-1,-1,1,1,1,-1,1,-1,-1,-1,1,1,-1,1,-1,1,-1,-1,-1,1,1,-1,-1,-1,-1,1,1,-1,1,-1,-1,-1,1,1,1,-1,-1,1,-1,1,-1,-1,-1,-1,-1,-1,-1,-1,1,-1,-1,-1,-1,1,-1,1,-1,1,-1,-1,-1,1,-1,1,1,1,-1,1,-1,-1,1,-1,1,1,-1,-1,-1,-1,1,-1,1,1,-1,1,1,1,1,-1,1,-301.7270212813719,6
238,1,1,-1,-1,1,-1,-1,1,-1,-1,-1,-1,-1,1,1,-1,1,-1,1,-1,-1,1,1,1,-1,-1,-1,-1,-1,1,1,1,1,-1,1,1,-1,-1,1,1,1,-1,-1,-1,-1,-1,1,1,1,-1,-1,1,-1,-1,-1,1,1,1,-1,1,-1,-1,1,-1,-1,1,1,1,1,1,1,-1,-1,-1,-1,1,1,1,-1,-1,1,1,-1,1,1,1,-1,1,-1,1,-1,1,1,1,1,1,-1,1,-1,1,-1,-1,1,-1,1,-1,1,-1,-1,1,-1,1,1,-1,1,1,-1,1,1,1,1,1,-1,-1,-1,-1,1,1,1,-1,-1,-1,1,-1,1,1,1,-1,-1,1,-1,1,-1,1,1,1,-1,-1,1,1,1,1,-1,-1,1,-1,1,1,1,-1,-1,-1,1,1,-1,1,-1,1,1,1,1,1,1,1,1,-1,1,1,1,1,-1,1,-1,1,-1,1,1,1,-1,1,-1,-1,-1,1,-1,1,1,-1,1,-1,-1,1,1,1,1,-1,1,-1,-1,1,-1,-1,1,-1,1,1,-301.7269783013905,1
239,-1,-1,1,1,-1,1,1,-1,1,1,1,1,1,-1,-1,1,-1,1,-1,1,1,-1,-1,-1,1,1,1,1,1,-1,-1,-1,-1,1,-1,-1,1,1,-1,-1,-1,1,1,1,1,1,-1,-1,-1,1,1,-1,1,1,1,-1,-1,-1,1,-1,1,1,-1,1,1,-1,-1,-1,-1,-1,-1,1,1,1,1,-1,-1,-1,1,1,-1,-1,1,-1,-1,-1,1,-1,1,-1,1,-1,-1,-1,-1,-1,1,-1,1,-1,1,1,-1,1,-1,1,-1,1,1,-1,1,-1,-1,1,-1,-1,1,-1,-1,-1,-1,-1,1,1,1,1,-1,-1,-1,1,1,1,-1,1,-1,-1,-1,1,1,-1,1,-1,1,-1,-1,-1,1,1,-1,-1,-1,-1,1,1,-1,1,-1,-1,-1,1,1,1,-1,-1,1,-1,1,-1,-1,-1,-1,-1,-1,-1,-1,1,-1,-1,-1,-1,1,-1,1,-1,1,-1,-1,-1,1,-1,1,1,1,-1,1,-1,-1,1,-1,1,1,-1,-1,-1,-1,1,-1,1,1,-1,1,1,-1,1,-1,-1,-301.7269783013905,4
240,1,1,1,-1,1,-1,-1,1,-1,-1,-1,-1,-1,1,1,-1,1,-1,1,-1,-1,1,1,1,-1,-1,-1,-1,-1,1,1,1,1,-1,1,1,-1,-1,1,1,1,-1,-1,-1,-1,-1,1,1,1,-1,-1,1,-1,-1,-1,1,1,1,-1,1,-1,-1,1,-1,-1,1,1,1,1,1,1,-1,-1,-1,-1,1,1,1,-1,-1,1,1,-1,1,1,1,1,1,-1,1,-1,1,1,1,1,1,-1,1,-1,1,-1,1,1,-1,1,-1,1,1,-1,1,-1,1,-1,-1,1,1,-1,1,1,1,1,1,-1,-1,-1,-1,1,1,1,-1,-1,-1,1,-1,1,1,1,-1,-1,1,-1,1,-1,1,1,1,-1,-1,1,1,1,1,-1,-1,1,-1,1,1,1,-1,-1,-1,1,1,-1,1,-1,1,1,1,1,1,1,1,1,-1,1,1,1,1,-1,1,-1,1,-1,-1,1,1,1,1,1,-1,-1,1,-1,1,1,1,1,-1,-1,1,1,1,-1,-1,1,-1,-1,1,1,-1,1,-1,1,-1,-301.72684264177957,2
241,-1,-1,1,1,-1,1,1,-1,1,1,1,1,1,-1,-1,1,-1,1,-1,1,1,-1,-1,-1,1,1,1,1,1,-1,-1,-1,-1,1,-1,-1,1,1,-1,-1,-1,-1,1,1,1,1,-1,-1,-1,1,1,-1,1,1,1,-1,-1,-1,1,-1,1,1,-1,1,1,-1,-1,-1,-1,-1,-1,1,1,1,1,-1,-1,-1,1,1,1,-1,1,-1,-1,-1,1,-1,1,-1,1,-1,-1,-1,-1,-1,1,-1,1,-1,1,1,-1,1,-1,1,-1,1,1,-1,1,-1,1,1,-1,-1,1,-1,-1,-1,-1,-1,1,1,1,1,-1,-1,-1,1,1,1,-1,1,-1,-1,-1,1,1,-1,1,-1,1,-1,-1,-1,1,1,-1,-1,-1,-1,1,1,-1,1,-1,-1,-1,1,1,1,-1,-1,1,-1,1,-1,-1,-1,-1,-1,-1,-1,-1,1,-1,-1,-1,-1,1,-1,1,-1,1,-1,-1,-1,1,-1,1,1,1,-1,1,-1,-1,1,1,-1,-1,-1,-1,-1,-1,-1,-1,1,1,-1,1,1,-1,1,-1,1,-301.7240402374824,1
242,1,1,-1,-1,1,-1,-1,1,-1,-1,-1,-1,-1,1,1,-1,1,-1,1,-1,-1,1,1,1,-1,-1,-1,-1,-1,1,1,1,1,-1,1,1,-1,-1,1,1,1,1,-1,-1,-1,-1,1,1,1,-1,-1,1,-1,-1,-1,1,1,1,-1,1,-1,-1,1,-1,-1,1,1,1,1,1,1,-1,-1,-1,-1,1,1,1,-1,-1,-1,1,-1,1,1,1,-1,1,-1,1,-1,1,1,1,1,1,-1,1,-1,1,-1,-1,1,-1,1,-1,1,-1,-1,1,-1,1,-1,-1,1,1,-1,1,1,1,1,1,-1,-1,-1,-1,1,1,1,-1,-1,-1,1,-1,1,1,1,-1,-1,1,-1,1,-1,1,1,1,-1,-1,1,1,1,1,-1,-1,1,-1,1,1,1,-1,-1,-1,1,1,-1,1,-1,1,1,1,1,1,1,1,1,-1,1,1,1,1,-1,1,-1,1,-1,1,1,1,-1,1,-1,-1,-1,1,-1,1,1,-1,-1,1,1,1,1,1,1,1,1,-1,-1,1,-1,-1,1,-1,1,-1,-301.7240402374824,1
243,1,-1,1,-1,-1,1,-1,-1,1,-1,1,1,-1,1,1,-1,-1,1,1,-1,-1,1,1,1,-1,-1,1,-1,-1,-1,1,1,-1,-1,1,1,-1,-1,1,1,-1,1,-1,-1,1,-1,-1,1,1,-1,-1,1,-1,-1,-1,1,1,1,-1,1,-1,-1,1,-1,-1,1,1,1,1,1,1,-1,-1,-1,-1,1,1,1,-1,-1,1,1,-1,1,1,1,1,1,-1,1,-1,1,1,1,1,1,-1,1,-1,1,-1,1,1,-1,1,-1,1,1,-1,1,-1,1,1,-1,1,1,-1,1,1,1,1,1,-1,-1,-1,-1,1,1,1,-1,-1,-1,1,-1,1,1,1,-1,-1,1,-1,1,-1,1,1,1,-1,-1,1,1,1,1,-1,-1,1,-1,1,1,1,1,1,1,-1,1,-1,-1,-1,1,-1,1,1,-1,1,1,-1,-1,1,-1,-1,-1,-1,1,-1,1,-1,-1,-1,1,1,-1,1,-1,1,1,-1,1,1,1,1,-1,-1,1,1,1,-1,1,1,-1,-1,1,1,-1,1,1,-1,-1,-301.7235756362515,2
244,-1,1,-1,1,1,-1,1,1,-1,1,-1,-1,1,-1,-1,1,1,1,-1,1,-1,-1,-1,-1,-1,1,-1,1,1,1,-1,-1,1,1,-1,-1,1,1,-1,-1,1,-1,1,1,-1,1,1,-1,-1,1,1,-1,1,1,1,-1,-1,-1,1,-1,1,1,-1,1,1,-1,1,1,-1,-1,1,1,1,1,1,-1,-1,-1,1,1,-1,-1,1,-1,1,-1,-1,1,1,-1,1,-1,-1,1,-1,-1,1,1,1,-1,-1,-1,-1,1,-1,1,1,-1,1,-1,1,-1,1,1,-1,-1,-1,-1,-1,-1,-1,-1,1,1,1,1,-1,-1,1,1,1,-1,-1,1,1,-1,-1,1,1,-1,1,-1,1,-1,-1,-1,1,1,-1,-1,-1,-1,1,1,-1,-1,-1,-1,-1,-1,-1,-1,1,-1,1,1,1,-1,1,-1,-1,1,-1,-1,1,1,-1,1,1,1,1,-1,1,-1,1,1,1,-1,-1,1,-1,1,-1,-1,1,-1,-1,-1,-1,1,1,-1,-1,-1,1,-1,-1,1,1,-1,-1,1,-1,-1,1,1,-301.7232455586236,1
245,-1,-1,1,1,-1,1,1,-1,1,1,1,1,1,-1,-1,1,-1,1,-1,1,1,-1,-1,-1,1,1,1,1,1,-1,-1,-1,-1,1,-1,-1,1,1,-1,-1,-1,-1,1,1,1,1,-1,-1,-1,1,1,-1,1,1,1,-1,-1,-1,1,-1,1,1,-1,1,1,-1,-1,-1,-1,-1,-1,1,1,1,1,-1,-1,-1,1,1,-1,-1,1,-1,-1,-1,-1,-1,1,-1,1,-1,-1,-1,-1,-1,1,-1,1,-1,1,-1,-1,1,-1,1,-1,-1,1,-1,1,-1,1,1,-1,-1,1,-1,-1,-1,-1,-1,1,1,1,1,-1,-1,-1,1,1,1,-1,1,-1,-1,-1,1,1,-1,1,-1,1,-1,-1,-1,1,1,-1,-1,-1,-1,1,1,-1,1,-1,-1,-1,1,1,-1,-1,-1,1,-1,1,-1,-1,-1,-1,-1,-1,-1,-1,1,-1,-1,-1,-1,1,-1,1,-1,1,1,-1,-1,-1,-1,-1,1,1,-1,1,-1,-1,-1,-1,1,1,-1,-1,-1,-1,-1,-1,1,1,-1,1,1,-1,1,-1,1,-301.7207419197178,1
246,1,1,-1,-1,1,-1,-1,1,-1,-1,-1,-1,-1,1,1,-1,1,-1,1,-1,-1,1,1,1,-1,-1,-1,-1,-1,1,1,1,1,-1,1,1,-1,-1,1,1,1,1,-1,-1,-1,-1,1,1,1,-1,-1,1,-1,-1,-1,1,1,1,-1,1,-1,-1,1,-1,-1,1,1,1,1,1,1,-1,-1,-1,-1,1,1,1,-1,-1,1,1,-1,1,1,1,1,1,-1,1,-1,1,1,1,1,1,-1,1,-1,1,-1,1,1,-1,1,-1,1,1,-1,1,-1,1,-1,-1,1,1,-1,1,1,1,1,1,-1,-1,-1,-1,1,1,1,-1,-1,-1,1,-1,1,1,1,-1,-1,1,-1,1,-1,1,1,1,-1,-1,1,1,1,1,-1,-1,1,-1,1,1,1,-1,-1,-1,1,1,-1,1,-1,1,1,1,1,1,1,1,1,-1,1,1,1,1,-1,1,-1,1,-1,-1,1,1,1,1,1,-1,-1,1,-1,1,1,1,1,-1,-1,1,1,1,1,1,1,-1,-1,1,-1,-1,1,-1,1,1,-301.7206778299149,2
247,-1,-1,1,1,-1,1,1,-1,1,1,1,1,1,-1,-1,1,-1,1,-1,1,1,-1,-1,-1,1,1,1,1,1,-1,-1,-1,-1,1,-1,-1,1,1,-1,-1,-1,-1,1,1,1,1,-1,-1,-1,1,1,-1,1,1,1,-1,-1,-1,1,-1,1,1,-1,1,1,-1,-1,-1,-1,-1,-1,1,1,1,1,-1,-1,-1,1,1,-1,-1,1,-1,-1,-1,-1,-1,1,-1,1,-1,-1,-1,-1,-1,1,-1,1,-1,1,-1,-1,1,-1,1,-1,-1,1,-1,1,-1,1,1,-1,-1,1,-1,-1,-1,-1,-1,1,1,1,1,-1,-1,-1,1,1,1,-1,1,-1,-1,-1,1,1,-1,1,-1,1,-1,-1,-1,1,1,-1,-1,-1,-1,1,1,-1,1,-1,-1,-1,1,1,1,-1,-1,1,-1,1,-1,-1,-1,-1,-1,-1,-1,-1,1,-1,-1,-1,-1,1,-1,1,-1,1,1,-1,-1,-1,-1,-1,1,1,-1,1,-1,-1,-1,-1,1,1,-1,-1,-1,-1,-1,-1,1,1,-1,1,1,-1,1,-1,-1,-301.7206778299149,1
248,-1,-1,1,1,-1,1,1,-1,1,1,1,1,1,-1,-1,1,-1,1,-1,1,1,-1,-1,-1,1,1,1,1,1,-1,-1,-1,-1,1,-1,-1,1,1,-1,-1,-1,1,1,1,1,1,-1,-1,-1,1,1,-1,1,1,1,-1,-1,-1,1,-1,1,1,-1,1,1,-1,-1,-1,-1,-1,-1,1,1,1,1,-1,-1,-1,1,1,-1,-1,1,-1,-1,-1,-1,1,1,-1,1,-1,-1,-1,-1,-1,1,-1,1,-1,1,-1,-1,1,-1,1,-1,-1,1,-1,1,-1,1,1,-1,-1,1,-1,-1,-1,-1,-1,1,1,1,1,-1,-1,-1,1,1,1,-1,1,-1,-1,-1,1,1,-1,1,-1,1,-1,-1,-1,1,1,-1,-1,-1,-1,1,1,-1,1,-1,-1,-1,1,1,-1,-1,-1,1,-1,1,-1,-1,-1,-1,-1,-1,-1,-1,1,-1,-1,-1,-1,1,-1,1,-1,1,1,-1,-1,-1,-1,-1,1,1,-1,1,-1,-1,-1,-1,1,1,-1,-1,-1,-1,1,-1,1,1,-1,1,1,-1,1,-1,-1,-301.71986308671484,1
249,-1,-1,1,1,-1,1,1,-1,1,1,1,1,1,-1,-1,1,-1,1,-1,1,1,-1,-1,-1,1,1,1,1,1,-1,-1,-1,-1,1,-1,-1,1,1,-1,-1,-1,1,1,1,1,1,-1,-1,-1,1,1,-1,1,1,1,-1,-1,-1,1,-1,1,1,-1,1,1,-1,-1,-1,-1,-1,-1,1,1,1,1,-1,-1,-1,1,1,-1,-1,1,-1,-1,-1,1,-1,1,-1,1,-1,-1,-1,-1,-1,1,-1,1,-1,1,1,-1,1,-1,1,-1,1,1,-1,1,-1,1,1,-1,-1,1,-1,-1,-1,-1,-1,1,1,1,1,-1,-1,-1,1,1,1,-1,1,-1,-1,-1,1,1,-1,1,-1,1,-1,-1,-1,1,1,-1,-1,-1,-1,1,1,-1,1,-1,-1,-1,1,1,-1,-1,-1,1,-1,1,-1,-1,-1,-1,-1,-1,-1,-1,1,-1,-1,-1,-1,1,-1,1,-1,1,-1,-1,-1,1,-1,1,1,1,-1,1,-1,-1,1,-1,1,1,-1,-1,-1,-1,1,-1,1,1,-1,1,1,-1,1,-1,1,-301.71814381330836,7
250,1,1,-1,-1,1,-1,-1,1,-1,-1,-1,-1,-1,1,1,-1,1,-1,1,-1,-1,1,1,1,-1,-1,-1,-1,-1,1,1,1,1,-1,1,1,-1,-1,1,1,1,-1,-1,-1,-1,-1,1,1,1,-1,-1,1,-1,-1,-1,1,1,1,-1,1,-1,-1,1,-1,-1,1,1,1,1,1,1,-1,-1,-1,-1,1,1,1,-1,-1,1,1,-1,1,1,1,-1,1,-1,1,-1,1,1,1,1,1,-1,1,-1,1,-1,-1,1,-1,1,-1,1,-1,-1,1,-1,1,-1,-1,1,1,-1,1,1,1,1,1,-1,-1,-1,-1,1,1,1,-1,-1,-1,1,-1,1,1,1,-1,-1,1,-1,1,-1,1,1,1,-1,-1,1,1,1,1,-1,-1,1,-1,1,1,1,-1,-1,1,1,1,-1,1,-1,1,1,1,1,1,1,1,1,-1,1,1,1,1,-1,1,-1,1,-1,1,1,1,-1,1,-1,-1,-1,1,-1,1,1,-1,1,-1,-1,1,1,1,1,-1,1,-1,-1,1,-1,-1,1,-1,1,-1,-301.71814381330836,4
251,1,1,-1,-1,1,-1,-1,1,-1,-1,-1,-1,-1,1,1,-1,1,-1,1,-1,-1,1,1,1,-1,-1,-1,-1,-1,1,1,1,1,-1,1,1,-1,-1,1,1,1,-1,-1,-1,-1,-1,1,1,1,-1,-1,1,-1,-1,-1,1,1,1,-1,1,-1,-1,1,-1,-1,1,1,1,1,1,1,-1,-1,-1,-1,1,1,1,-1,-1,1,1,-1,1,1,1,-1,1,-1,1,-1,1,1,1,1,1,-1,1,-1,1,-1,-1,1,-1,1,-1,1,-1,-1,1,-1,1,-1,-1,1,1,-1,1,1,1,1,1,-1,-1,-1,-1,1,1,1,-1,-1,-1,1,-1,1,1,1,-1,-1,1,-1,1,-1,1,1,1,-1,-1,1,1,1,1,-1,-1,1,-1,1,1,1,-1,-1,-1,1,1,-1,1,-1,1,1,1,1,1,1,1,1,-1,1,1,1,1,-1,1,-1,1,-1,1,1,1,-1,1,-1,-1,-1,1,-1,1,1,-1,1,-1,-1,1,1,1,1,-1,1,-1,-1,1,-1,-1,1,-1,1,1,-301.71807972350547,1
252,-1,-1,1,1,-1,1,1,-1,1,1,1,1,1,-1,-1,1,-1,1,-1,1,1,-1,-1,-1,1,1,1,1,1,-1,-1,-1,-1,1,-1,-1,1,1,-1,-1,-1,1,1,1,1,1,-1,-1,-1,1,1,-1,1,1,1,-1,-1,-1,1,-1,1,1,-1,1,1,-1,-1,-1,-1,-1,-1,1,1,1,1,-1,-1,-1,1,1,-1,-1,1,-1,-1,-1,1,-1,1,-1,1,-1,-1,-1,-1,-1,1,-1,1,-1,1,1,-1,1,-1,1,-1,1,1,-1,1,-1,1,1,-1,-1,1,-1,-1,-1,-1,-1,1,1,1,1,-1,-1,-1,1,1,1,-1,1,-1,-1,-1,1,1,-1,1,-1,1,-1,-1,-1,1,1,-1,-1,-1,-1,1,1,-1,1,-1,-1,-1,1,1,1,-1,-1,1,-1,1,-1,-1,-1,-1,-1,-1,-1,-1,1,-1,-1,-1,-1,1,-1,1,-1,1,-1,-1,-1,1,-1,1,1,1,-1,1,-1,-1,1,-1,1,1,-1,-1,-1,-1,1,-1,1,1,-1,1,1,-1,1,-1,-1,-301.71807972350547,1
253,-1,-1,1,1,-1,1,1,-1,1,1,1,1,1,-1,-1,1,-1,1,-1,1,1,-1,-1,-1,1,1,1,1,1,-1,-1,-1,-1,1,-1,-1,1,1,-1,-1,-1,1,1,1,1,1,-1,-1,-1,1,1,-1,1,1,1,-1,-1,-1,1,-1,1,1,-1,1,1,-1,-1,-1,-1,-1,-1,1,1,1,1,-1,-1,-1,1,1,-1,-1,1,-1,-1,-1,-1,1,1,-1,-1,1,-1,-1,1,-1,-1,-1,1,1,1,-1,-1,1,-1,-1,-1,-1,1,-1,-1,-1,1,-1,-1,-1,1,-1,-1,1,-1,-1,-1,1,1,-1,-1,-1,-1,1,1,1,-1,1,-1,-1,-1,1,1,-1,1,-1,1,-1,-1,-1,1,1,-1,1,-1,-1,1,1,-1,-1,-1,-1,-1,1,1,1,-1,-1,1,-1,1,-1,-1,-1,-1,-1,-1,-1,-1,1,-1,-1,-1,-1,1,-1,1,-1,1,1,-1,-1,-1,-1,-1,1,1,-1,1,-1,-1,-1,-1,1,1,-1,-1,-1,-1,1,-1,1,1,-1,1,1,-1,1,-1,1,-301.7145774492618,1
254,-1,1,-1,1,1,-1,1,1,-1,1,-1,-1,1,-1,-1,1,1,-1,-1,1,-1,-1,-1,-1,1,1,-1,1,1,1,-1,-1,1,1,-1,-1,1,1,-1,-1,1,-1,1,1,-1,1,1,-1,-1,1,1,-1,1,1,1,-1,-1,-1,1,-1,1,1,-1,1,1,-1,-1,-1,-1,-1,-1,1,1,1,1,-1,-1,-1,1,1,-1,-1,1,-1,-1,-1,-1,-1,1,-1,1,-1,-1,-1,-1,-1,1,-1,1,-1,1,-1,-1,1,-1,1,-1,-1,1,-1,1,-1,1,1,-1,-1,1,-1,-1,-1,-1,-1,1,1,1,1,-1,-1,-1,1,1,1,-1,1,-1,-1,-1,1,1,-1,1,-1,1,-1,-1,-1,1,1,-1,-1,-1,-1,1,1,-1,1,-1,-1,-1,-1,-1,-1,1,-1,1,1,1,-1,1,-1,-1,-1,-1,-1,1,1,-1,1,1,1,1,-1,1,-1,1,1,1,-1,-1,1,-1,1,-1,-1,1,-1,-1,-1,-1,1,1,-1,-1,-1,1,-1,-1,1,1,-1,-1,1,-1,-1,1,1,-301.7134509386529,1
255,1,-1,1,-1,-1,1,-1,-1,1,-1,1,1,-1,-1,-1,-1,-1,1,1,-1,-1,1,1,1,-1,-1,1,-1,-1,-1,1,1,-1,-1,1,-1,-1,-1,1,1,-1,1,-1,-1,1,-1,-1,1,1,-1,-1,1,-1,-1,-1,1,1,1,-1,1,-1,-1,1,-1,-1,1,-1,-1,1,1,-1,-1,-1,-1,-1,1,1,1,-1,-1,1,1,-1,1,-1,1,1,-1,-1,1,-1,1,1,-1,1,1,-1,-1,-1,1,1,1,1,-1,1,-1,-1,1,-1,1,-1,1,-1,-1,1,1,-1,1,1,1,1,1,-1,-1,-1,-1,1,1,-1,-1,-1,1,1,-1,-1,1,1,-1,-1,1,-1,1,-1,1,1,1,-1,-1,1,1,1,1,-1,-1,1,1,1,1,1,1,1,1,-1,1,-1,-1,-1,1,-1,1,1,-1,1,1,-1,-1,1,-1,-1,-1,-1,1,-1,1,-1,-1,-1,1,1,-1,1,-1,1,1,-1,-1,1,1,1,-1,-1,1,1,1,-1,1,1,1,-1,1,1,-1,1,1,-1,1,-301.71178005464844,1
256,-1,-1,-1,1,-1,1,1,-1,1,1,1,1,1,-1,-1,1,-1,1,-1,1,1,-1,-1,-1,1,1,1,1,1,-1,-1,-1,-1,1,-1,-1,1,1,-1,-1,-1,1,1,1,1,1,-1,-1,-1,1,1,-1,1,1,1,-1,-1,-1,1,-1,1,1,-1,1,1,-1,-1,-1,-1,-1,-1,1,1,1,1,-1,-1,-1,1,1,-1,-1,1,-1,-1,-1,-1,1,1,-1,-1,1,-1,-1,1,-1,-1,-1,1,1,1,-1,-1,1,-1,-1,1,-1,1,-1,-1,-1,1,-1,-1,-1,1,-1,-1,1,-1,-1,-1,1,1,-1,-1,-1,-1,1,1,1,-1,1,-1,-1,-1,1,1,-1,1,-1,1,-1,-1,-1,-1,1,-1,1,-1,-1,1,1,-1,-1,-1,-1,-1,1,1,1,-1,-1,1,-1,1,-1,-1,-1,-1,-1,-1,-1,-1,1,-1,-1,-1,-1,1,-1,1,-1,1,1,-1,-1,-1,-1,-1,1,1,-1,1,-1,-1,-1,-1,1,1,-1,-1,-1,1,1,-1,1,1,-1,-1,1,-1,1,-1,1,-301.7019387924186,1
257,1,-1,1,-1,-1,1,-1,-1,1,-1,1,1,-1,1,1,-1,-1,-1,1,-1,-1,1,1,1,-1,-1,1,-1,-1,-1,1,1,-1,-1,1,1,-1,-1,1,1,-1,1,-1,-1,1,-1,-1,1,1,-1,-1,1,-1,-1,-1,1,1,1,-1,1,-1,-1,1,-1,-1,1,1,1,1,1,1,-1,-1,-1,-1,1,1,1,-1,-1,1,1,-1,1,1,1,1,1,-1,1,-1,1,1,1,1,1,-1,1,-1,1,-1,1,1,-1,1,-1,1,1,-1,1,-1,1,1,-1,1,1,-1,1,1,-1,1,1,-1,-1,-1,-1,1,1,1,-1,-1,-1,1,-1,1,1,1,-1,-1,1,-1,1,-1,1,1,1,-1,-1,1,1,1,1,-1,-1,1,-1,1,1,1,1,1,1,-1,1,-1,-1,-1,1,-1,1,1,-1,1,1,-1,-1,1,-1,-1,-1,-1,1,-1,1,-1,-1,-1,1,1,-1,1,-1,1,1,-1,1,1,1,1,-1,-1,1,1,1,-1,1,1,-1,-1,1,1,-1,1,1,-1,-1,-301.6938157710652,1
258,-1,-1,1,1,-1,1,1,-1,1,1,1,1,1,-1,-1,1,-1,1,-1,1,1,-1,-1,-1,1,1,1,1,1,-1,-1,-1,-1,1,-1,1,1,1,1,-1,-1,1,1,1,-1,1,-1,-1,-1,1,1,-1,1,1,1,-1,-1,-1,1,-1,1,1,-1,1,1,-1,-1,-1,-1,-1,-1,1,1,1,1,-1,-1,-1,1,1,-1,-1,1,-1,-1,-1,-1,1,1,-1,1,-1,-1,-1,-1,-1,1,-1,1,-1,1,-1,-1,1,-1,1,-1,-1,1,-1,1,-1,1,1,-1,-1,1,-1,-1,-1,-1,-1,1,1,1,1,-1,-1,-1,1,1,1,-1,1,-1,-1,-1,1,1,-1,1,-1,1,-1,-1,-1,1,1,-1,-1,-1,-1,1,1,-1,1,-1,-1,-1,1,1,-1,-1,-1,1,-1,1,-1,-1,-1,-1,-1,-1,-1,-1,1,-1,-1,-1,-1,1,-1,1,-1,1,1,-1,-1,-1,1,-1,1,1,-1,1,-1,-1,-1,-1,1,1,-1,-1,-1,-1,1,-1,1,1,-1,1,-1,-1,1,1,1,-301.69349791146055,1
259,1,-1,1,-1,-1,-1,-1,-1,-1,-1,1,-1,-1,-1,-1,-1,-1,1,1,-1,-1,1,1,1,-1,-1,1,-1,-1,-1,1,1,-1,-1,1,-1,-1,-1,1,1,-1,1,-1,-1,1,-1,-1,1,1,-1,-1,1,-1,-1,-1,1,1,1,-1,1,-1,-1,1,-1,-1,1,-1,-1,1,1,-1,-1,-1,-1,-1,1,1,1,-1,-1,1,1,-1,1,-1,1,1,-1,-1,1,-1,1,1,-1,1,1,-1,-1,-1,1,1,1,1,-1,1,-1,-1,1,-1,1,-1,1,-1,-1,1,1,-1,1,1,1,1,1,-1,-1,-1,-1,1,1,-1,-1,-1,1,1,-1,-1,1,1,-1,-1,1,-1,1,-1,1,1,1,-1,-1,1,1,1,1,-1,-1,1,1,1,1,1,1,1,1,-1,1,-1,-1,-1,1,-1,1,1,-1,1,1,-1,-1,1,-1,-1,-1,-1,1,-1,1,-1,-1,-1,1,1,-1,1,-1,-1,1,-1,-1,1,1,1,-1,-1,1,1,1,1,1,1,-1,-1,1,1,-1,1,-1,1,-1,-301.68676998829005,1
260,-1,1,-1,1,1,-1,1,1,-1,1,-1,-1,1,1,1,1,1,-1,-1,1,1,-1,-1,-1,1,1,-1,1,1,1,-1,-1,1,1,-1,1,1,1,-1,-1,1,-1,1,1,-1,1,1,-1,-1,1,1,-1,1,1,1,-1,-1,-1,1,-1,1,1,-1,1,1,-1,-1,-1,-1,-1,-1,1,1,1,1,-1,-1,-1,-1,1,-1,1,1,-1,1,-1,-1,1,1,-1,1,-1,-1,-1,-1,-1,1,1,1,-1,-1,-1,-1,1,-1,-1,1,-1,1,-1,1,-1,-1,1,-1,-1,1,-1,1,1,-1,-1,1,1,1,1,-1,-1,1,1,1,-1,-1,1,-1,-1,-1,1,1,-1,1,-1,1,1,-1,-1,1,1,-1,-1,-1,-1,1,1,-1,-1,-1,-1,-1,-1,-1,-1,1,-1,1,1,1,-1,1,-1,-1,1,-1,-1,1,1,-1,1,1,1,1,-1,1,-1,1,1,1,-1,-1,1,-1,1,-1,-1,1,1,-1,-1,-1,1,1,-1,-1,-1,1,-1,-1,-1,1,-1,-1,1,-1,-1,1,1,-301.68531975032,1
261,-1,1,-1,1,1,-1,1,1,-1,1,-1,-1,1,-1,-1,1,1,1,-1,1,-1,-1,-1,-1,1,1,-1,1,1,1,-1,-1,1,1,-1,-1,1,1,-1,-1,1,-1,1,1,-1,1,1,-1,-1,1,1,-1,1,1,1,-1,-1,-1,1,-1,1,1,-1,1,1,-1,1,-1,-1,1,-1,1,1,1,1,-1,-1,-1,1,1,-1,-1,1,-1,-1,-1,-1,-1,1,-1,1,-1,-1,1,-1,-1,1,-1,1,-1,1,-1,-1,1,-1,1,-1,-1,1,-1,1,-1,1,1,-1,1,-1,-1,-1,-1,-1,-1,1,1,1,1,-1,-1,-1,1,1,1,-1,1,-1,-1,-1,1,1,-1,1,-1,1,-1,-1,-1,1,1,-1,-1,-1,-1,1,1,-1,1,-1,-1,-1,-1,-1,-1,1,-1,1,1,1,-1,1,-1,-1,1,-1,-1,1,1,-1,1,1,1,1,-1,1,-1,1,1,1,-1,-1,1,-1,1,-1,-1,1,-1,-1,-1,-1,1,1,-1,-1,-1,1,-1,-1,1,1,-1,-1,1,-1,-1,1,1,-301.6847805072746,1
262,-1,1,-1,1,1,-1,1,1,-1,1,-1,-1,1,-1,-1,1,1,1,-1,1,-1,-1,-1,-1,1,1,-1,1,1,1,-1,-1,1,1,-1,-1,1,1,-1,-1,1,-1,1,1,-1,1,1,-1,-1,1,1,-1,1,1,1,-1,-1,-1,1,-1,1,1,-1,1,1,-1,-1,-1,-1,-1,-1,1,1,1,1,-1,-1,-1,1,1,-1,-1,1,-1,-1,-1,-1,-1,1,-1,1,-1,-1,-1,-1,-1,1,-1,1,-1,1,-1,-1,1,-1,1,-1,-1,1,-1,1,-1,1,1,-1,-1,1,-1,-1,1,-1,-1,1,1,1,1,-1,-1,-1,1,1,1,-1,1,-1,-1,-1,1,1,-1,1,-1,1,-1,-1,-1,1,1,-1,-1,-1,-1,1,1,-1,1,-1,-1,-1,-1,-1,-1,1,-1,1,1,1,-1,1,-1,-1,-1,-1,-1,1,1,-1,1,1,1,1,-1,1,-1,1,1,1,-1,-1,1,-1,1,-1,-1,1,-1,-1,-1,-1,1,1,-1,-1,-1,1,-1,-1,1,1,-1,-1,1,-1,-1,1,1,-301.6836910734666,1
263,-1,1,-1,1,1,-1,1,1,-1,1,-1,-1,1,-1,-1,1,1,1,-1,1,-1,-1,-1,-1,1,1,-1,1,1,1,-1,-1,1,1,-1,-1,1,1,-1,-1,1,-1,1,1,-1,1,1,-1,-1,1,1,-1,1,1,1,-1,-1,-1,1,-1,1,1,-1,1,1,-1,-1,-1,-1,-1,-1,1,1,1,1,-1,-1,-1,-1,1,-1,1,1,-1,-1,-1,-1,1,1,-1,1,-1,-1,-1,-1,-1,-1,-1,1,1,1,-1,-1,1,-1,-1,1,-1,1,-1,1,-1,1,-1,-1,-1,1,-1,-1,1,-1,-1,-1,1,1,-1,-1,-1,1,1,1,-1,-1,1,-1,-1,-1,1,1,-1,1,-1,1,1,-1,-1,1,1,-1,-1,-1,-1,1,1,-1,-1,-1,-1,-1,-1,-1,-1,1,-1,1,1,1,-1,1,-1,-1,-1,-1,-1,1,1,-1,1,1,1,1,-1,1,-1,1,1,1,-1,-1,1,-1,1,-1,-1,1,-1,-1,-1,-1,1,1,-1,-1,-1,1,-1,-1,1,1,-1,-1,1,-1,-1,1,1,-301.67679531145103,2
264,1,-1,1,-1,-1,1,-1,-1,1,-1,1,1,-1,1,1,-1,-1,1,1,-1,1,1,1,1,-1,-1,1,-1,-1,-1,1,1,-1,-1,1,1,-1,-1,1,1,-1,1,-1,-1,1,-1,-1,1,1,-1,-1,1,-1,-1,-1,1,1,1,-1,1,-1,-1,1,-1,-1,1,-1,-1,1,1,-1,-1,-1,-1,-1,1,1,1,-1,-1,1,1,-1,1,-1,1,1,-1,-1,1,-1,1,1,-1,1,1,-1,-1,-1,1,1,1,1,-1,1,-1,-1,1,-1,1,-1,1,-1,-1,1,1,1,1,1,1,1,1,-1,-1,-1,-1,1,1,-1,-1,-1,1,1,-1,-1,1,1,-1,-1,1,-1,1,-1,1,1,1,-1,-1,1,1,1,1,-1,-1,1,1,1,1,1,1,1,1,-1,1,-1,-1,-1,1,-1,1,1,-1,1,1,-1,-1,1,-1,-1,-1,-1,1,-1,1,-1,-1,-1,1,1,-1,1,-1,1,1,-1,1,1,1,1,-1,-1,1,1,1,-1,1,1,-1,-1,1,1,-1,1,1,-1,1,-301.6709272619824,1
265,-1,-1,1,1,-1,1,1,-1,1,1,1,1,1,-1,-1,1,-1,1,-1,1,1,-1,-1,-1,1,1,1,1,1,-1,-1,-1,-1,1,-1,-1,1,1,-1,-1,-1,1,1,1,1,1,-1,-1,-1,1,1,-1,1,1,1,-1,-1,-1,1,-1,1,1,-1,1,1,-1,1,-1,-1,-1,-1,1,1,1,1,-1,-1,-1,1,1,-1,-1,1,-1,-1,-1,-1,-1,1,-1,1,-1,-1,-1,-1,-1,1,-1,1,-1,1,-1,-1,1,-1,1,-1,-1,1,-1,1,-1,1,1,-1,-1,1,-1,-1,-1,-1,-1,1,1,1,1,-1,-1,-1,1,1,1,-1,1,-1,-1,-1,1,1,-1,1,-1,1,-1,-1,-1,1,1,-1,-1,-1,-1,1,1,-1,1,-1,-1,-1,1,1,1,-1,-1,1,-1,1,-1,-1,-1,-1,-1,-1,-1,-1,1,-1,-1,-1,-1,1,-1,1,-1,1,1,-1,-1,-1,-1,-1,1,1,-1,1,-1,-1,-1,-1,1,1,-1,-1,-1,-1,1,-1,1,1,-1,1,1,-1,1,-1,1,-301.66222074884115,1
266,-1,-1,1,1,-1,1,1,-1,1,1,1,1,1,-1,-1,1,-1,1,-1,1,1,-1,-1,-1,1,1,1,1,1,-1,-1,-1,-1,1,-1,-1,1,1,-1,-1,-1,1,1,1,1,1,-1,-1,-1,1,1,-1,1,1,1,-1,-1,-1,1,-1,1,1,-1,1,1,-1,-1,-1,-1,-1,-1,1,1,1,1,-1,-1,-1,1,1,-1,-1,1,-1,1,-1,-1,1,1,-1,1,1,-1,-1,1,-1,1,1,1,-1,-1,-1,-1,1,-1,-1,1,-1,1,-1,1,-1,-1,1,-1,-1,1,-1,1,1,-1,-1,1,1,1,1,-1,-1,1,1,1,-1,-1,1,-1,-1,-1,1,1,-1,1,-1,1,-1,-1,-1,-1,1,-1,1,-1,-1,-1,1,-1,-1,-1,-1,-1,1,1,1,-1,-1,1,-1,1,-1,-1,-1,-1,-1,-1,-1,-1,1,-1,-1,-1,-1,1,-1,1,-1,1,1,-1,-1,-1,-1,-1,1,1,-1,1,-1,-1,-1,-1,1,1,-1,-1,-1,-1,1,-1,1,1,-1,1,1,-1,1,-1,1,-301.66117920969623,3
267,-1,1,-1,1,1,-1,1,1,-1,1,-1,-1,1,-1,-1,1,1,1,-1,1,-1,-1,-1,-1,1,1,-1,1,1,1,-1,-1,1,1,-1,-1,1,1,-1,-1,1,-1,1,1,-1,1,1,-1,-1,1,1,-1,1,1,1,-1,-1,-1,1,-1,1,1,-1,1,1,-1,-1,-1,-1,-1,-1,1,1,1,1,-1,-1,-1,-1,1,-1,1,1,-1,1,-1,-1,1,1,-1,1,-1,-1,-1,-1,-1,1,1,1,-1,-1,-1,-1,1,-1,-1,1,-1,1,-1,1,-1,-1,1,-1,-1,1,-1,1,1,-1,-1,1,1,1,1,-1,-1,1,1,1,-1,-1,1,-1,-1,-1,1,1,-1,1,-1,1,1,-1,-1,1,1,-1,-1,-1,-1,1,1,-1,-1,-1,-1,-1,-1,-1,-1,1,-1,1,1,1,-1,1,-1,-1,-1,-1,-1,1,1,-1,1,1,1,1,-1,1,-1,1,1,1,-1,-1,1,-1,1,-1,-1,1,-1,-1,-1,-1,1,1,-1,-1,-1,1,-1,-1,1,1,-1,-1,1,-1,-1,1,1,-301.65828028082865,4
268,1,1,-1,-1,1,-1,-1,1,-1,-1,-1,-1,-1,1,1,-1,1,-1,1,-1,-1,1,1,1,-1,-1,-1,-1,-1,1,1,1,1,-1,1,1,-1,-1,1,1,1,-1,-1,-1,-1,-1,1,1,1,-1,-1,1,-1,-1,-1,1,1,1,-1,1,-1,-1,1,-1,-1,1,1,1,1,1,1,-1,-1,-1,-1,1,1,1,-1,-1,-1,1,-1,1,1,1,-1,1,-1,1,-1,1,1,1,1,1,-1,1,-1,1,-1,-1,1,-1,1,-1,1,-1,-1,1,-1,1,1,-1,1,1,-1,1,1,1,1,1,-1,-1,-1,-1,1,1,1,-1,-1,-1,1,-1,1,1,1,-1,-1,1,-1,1,-1,1,1,1,-1,-1,1,1,1,1,-1,-1,1,-1,1,1,1,-1,-1,1,1,1,-1,1,-1,1,1,1,1,1,1,1,1,-1,1,1,1,1,-1,1,-1,1,-1,1,1,1,-1,1,-1,-1,-1,1,-1,1,1,-1,1,-1,-1,1,1,1,1,-1,1,-1,-1,1,-1,-1,-1,-1,1,-1,-301.65593838995994,3
269,-1,-1,1,1,-1,1,1,-1,1,1,1,1,1,-1,-1,1,-1,1,-1,1,1,-1,-1,-1,1,1,1,1,1,-1,-1,-1,-1,1,-1,-1,1,1,-1,-1,-1,1,1,1,1,1,-1,-1,-1,1,1,-1,1,1,1,-1,-1,-1,1,-1,1,1,-1,1,1,-1,-1,-1,-1,-1,-1,1,1,1,1,-1,-1,-1,1,1,1,-1,1,-1,-1,-1,1,-1,1,-1,1,-1,-1,-1,-1,-1,1,-1,1,-1,1,1,-1,1,-1,1,-1,1,1,-1,1,-1,-1,1,-1,-1,1,-1,-1,-1,-1,-1,1,1,1,1,-1,-1,-1,1,1,1,-1,1,-1,-1,-1,1,1,-1,1,-1,1,-1,-1,-1,1,1,-1,-1,-1,-1,1,1,-1,1,-1,-1,-1,1,1,-1,-1,-1,1,-1,1,-1,-1,-1,-1,-1,-1,-1,-1,1,-1,-1,-1,-1,1,-1,1,-1,1,-1,-1,-1,1,-1,1,1,1,-1,1,-1,-1,1,-1,1,1,-1,-1,-1,-1,1,-1,1,1,-1,1,1,1,1,-1,1,-301.65593838995994,3
270,1,1,1,-1,1,-1,-1,1,-1,-1,-1,-1,-1,1,1,-1,1,-1,1,-1,-1,1,1,1,-1,-1,-1,-1,-1,1,1,1,1,-1,1,1,-1,-1,1,1,1,-1,-1,-1,-1,-1,1,1,1,-1,-1,1,-1,-1,-1,1,1,1,-1,1,-1,-1,1,-1,-1,1,1,1,1,1,1,-1,-1,-1,-1,1,1,1,-1,-1,1,1,-1,1,1,1,1,1,-1,1,-1,1,1,1,1,1,-1,1,-1,1,-1,1,1,-1,1,-1,1,1,-1,1,-1,1,1,-1,1,1,-1,1,1,1,1,1,-1,-1,-1,-1,1,1,1,-1,-1,-1,1,-1,1,1,1,-1,-1,1,-1,1,-1,1,1,1,-1,-1,1,1,1,1,-1,-1,1,-1,1,1,1,-1,-1,1,1,1,-1,1,-1,1,1,1,1,1,1,1,1,-1,1,1,1,1,-1,1,-1,1,-1,-1,1,1,1,1,1,-1,-1,1,-1,1,1,1,1,-1,-1,1,1,1,-1,-1,1,-1,-1,1,1,-1,1,-1,1,-1,-301.6557597503676,2
271,-1,-1,-1,1,-1,1,1,-1,1,1,1,1,1,-1,-1,1,-1,1,-1,1,1,-1,-1,-1,1,1,1,1,1,-1,-1,-1,-1,1,-1,-1,1,1,-1,-1,-1,1,1,1,1,1,-1,-1,-1,1,1,-1,1,1,1,-1,-1,-1,1,-1,1,1,-1,1,1,-1,-1,-1,-1,-1,-1,1,1,1,1,-1,-1,-1,1,1,-1,-1,1,-1,-1,-1,-1,-1,1,-1,1,-1,-1,-1,-1,-1,1,-1,1,-1,1,-1,-1,1,-1,1,-1,-1,1,-1,1,-1,-1,1,-1,-1,1,-1,-1,-1,-1,-1,1,1,1,1,-1,-1,-1,1,1,1,-1,1,-1,-1,-1,1,1,-1,1,-1,1,-1,-1,-1,1,1,-1,-1,-1,-1,1,1,-1,1,-1,-1,-1,1,1,-1,-1,-1,1,-1,1,-1,-1,-1,-1,-1,-1,-1,-1,1,-1,-1,-1,-1,1,-1,1,-1,1,1,-1,-1,-1,-1,-1,1,1,-1,1,-1,-1,-1,-1,1,1,-1,-1,-1,1,1,-1,1,1,-1,-1,1,-1,1,-1,1,-301.6557597503676,1
272,-1,1,-1,1,1,-1,1,1,-1,1,-1,-1,1,-1,-1,1,1,1,-1,1,-1,-1,-1,-1,1,1,-1,1,1,1,-1,-1,1,1,-1,-1,1,1,-1,-1,1,-1,1,1,-1,1,1,-1,-1,1,1,-1,1,1,1,-1,-1,-1,1,-1,1,1,-1,1,1,-1,-1,-1,-1,-1,-1,1,1,1,1,-1,-1,-1,-1,1,-1,1,1,-1,-1,-1,-1,1,1,-1,1,-1,-1,-1,-1,-1,-1,-1,1,1,1,-1,-1,1,-1,-1,1,-1,1,-1,1,-1,1,-1,-1,-1,1,-1,-1,1,-1,-1,-1,1,1,-1,-1,-1,1,1,1,1,-1,1,-1,-1,-1,1,1,-1,1,-1,1,1,-1,-1,1,1,-1,-1,-1,-1,1,1,-1,-1,-1,-1,-1,-1,-1,-1,1,-1,1,1,1,-1,1,-1,-1,1,-1,-1,1,1,-1,1,1,1,1,-1,1,-1,1,1,1,-1,-1,1,-1,1,-1,-1,1,-1,-1,-1,-1,1,1,-1,-1,-1,1,-1,-1,1,1,-1,-1,1,-1,-1,1,-1,-301.65412109407794,3
273,-1,-1,1,1,-1,1,1,-1,1,1,1,1,1,-1,-1,1,-1,1,-1,1,1,-1,-1,-1,1,1,1,1,1,-1,-1,-1,-1,1,-1,-1,1,1,-1,-1,-1,-1,1,1,1,1,-1,-1,-1,1,1,-1,1,1,1,-1,-1,-1,1,-1,1,1,-1,1,1,-1,-1,-1,-1,-1,-1,1,1,1,1,-1,-1,-1,1,1,1,-1,1,-1,-1,-1,1,-1,1,-1,1,-1,-1,-1,-1,-1,1,-1,1,-1,1,1,-1,1,-1,1,-1,1,1,-1,1,-1,-1,1,-1,-1,1,-1,-1,-1,-1,-1,1,1,1,1,-1,-1,-1,1,1,1,-1,1,-1,-1,-1,1,1,-1,1,-1,1,-1,-1,-1,1,1,-1,-1,-1,-1,1,1,-1,1,-1,-1,-1,1,1,-1,-1,-1,1,-1,1,-1,-1,-1,-1,-1,-1,-1,-1,1,-1,-1,-1,-1,1,-1,1,-1,1,-1,-1,-1,1,-1,1,1,1,-1,1,-1,-1,1,1,-1,-1,-1,-1,-1,-1,-1,-1,1,1,-1,1,1,-1,1,-1,1,-301.6529573460706,2
274,1,1,-1,-1,1,-1,-1,1,-1,-1,-1,-1,-1,1,1,-1,1,-1,1,-1,-1,1,1,1,-1,-1,-1,-1,-1,1,1,1,1,-1,1,1,-1,-1,1,1,1,-1,-1,-1,-1,-1,1,1,1,-1,-1,1,-1,-1,-1,1,1,1,-1,1,-1,-1,1,-1,-1,1,1,1,1,1,1,-1,-1,-1,-1,1,1,1,-1,-1,1,1,-1,1,1,1,-1,1,-1,1,-1,1,1,1,1,1,-1,1,-1,1,-1,-1,1,-1,1,-1,1,-1,-1,1,-1,1,1,-1,1,1,-1,1,1,1,1,1,-1,-1,-1,-1,1,1,1,-1,-1,-1,1,-1,1,1,1,-1,-1,1,-1,1,-1,1,1,1,-1,-1,1,1,1,1,-1,-1,1,-1,1,1,1,-1,-1,-1,1,1,-1,1,-1,1,1,1,1,1,1,1,1,-1,1,1,1,1,-1,1,-1,1,-1,1,1,1,-1,1,1,-1,-1,1,-1,1,1,-1,1,-1,-1,1,1,1,1,-1,1,-1,-1,1,-1,-1,1,-1,1,-1,-301.6512796055679,1
275,-1,-1,1,1,-1,1,1,-1,1,1,1,1,1,-1,-1,1,-1,1,-1,1,1,-1,-1,-1,1,1,1,1,1,-1,-1,-1,-1,1,-1,-1,1,1,-1,-1,-1,1,1,1,1,1,-1,-1,-1,1,1,-1,1,1,1,-1,-1,-1,1,-1,1,1,-1,1,1,-1,-1,-1,-1,-1,-1,1,1,1,1,-1,-1,-1,1,1,-1,-1,1,-1,-1,-1,1,-1,1,-1,1,-1,-1,-1,-1,-1,1,-1,1,-1,1,1,-1,1,-1,1,-1,1,1,-1,1,-1,-1,1,-1,-1,1,-1,-1,-1,-1,-1,1,1,1,1,-1,-1,-1,1,1,1,-1,1,-1,-1,-1,1,1,-1,1,-1,1,-1,-1,-1,1,1,-1,-1,-1,-1,1,1,-1,1,-1,-1,-1,1,1,1,-1,-1,1,-1,1,-1,-1,-1,-1,-1,-1,-1,-1,1,-1,-1,-1,-1,1,-1,1,-1,1,-1,-1,-1,1,-1,-1,1,1,-1,1,-1,-1,1,-1,1,1,-1,-1,-1,-1,1,-1,1,1,-1,1,1,-1,1,-1,1,-301.6512796055679,1
276,-1,1,-1,1,1,-1,1,1,-1,1,-1,-1,1,1,1,1,1,-1,-1,1,1,-1,-1,-1,1,1,-1,1,1,1,-1,-1,1,1,-1,1,1,1,-1,-1,1,-1,1,1,-1,1,1,-1,-1,1,1,-1,1,1,1,-1,-1,-1,1,-1,1,1,-1,1,1,-1,-1,-1,-1,-1,-1,1,1,1,1,-1,-1,-1,-1,1,-1,1,1,-1,-1,-1,-1,1,1,-1,1,-1,-1,-1,-1,-1,-1,-1,1,1,1,-1,-1,1,-1,-1,1,-1,1,-1,-1,-1,1,-1,-1,-1,1,-1,-1,1,-1,-1,-1,1,1,-1,-1,-1,1,1,1,1,-1,1,-1,-1,-1,1,1,-1,1,-1,1,1,-1,-1,1,1,-1,-1,-1,-1,1,1,-1,-1,-1,-1,-1,-1,-1,-1,1,-1,1,1,1,-1,1,-1,-1,1,-1,-1,1,1,-1,1,1,1,1,-1,1,-1,1,1,1,-1,-1,1,-1,1,-1,-1,1,1,-1,-1,-1,1,1,-1,-1,-1,1,-1,-1,-1,1,-1,-1,1,-1,-1,1,1,-301.65052329407706,1
277,1,1,-1,-1,1,-1,-1,1,-1,-1,-1,-1,-1,1,1,-1,1,-1,1,-1,-1,1,1,1,-1,-1,-1,-1,-1,1,1,1,1,-1,1,1,-1,-1,1,1,1,1,-1,-1,-1,-1,1,1,1,-1,-1,1,-1,-1,-1,1,1,1,-1,1,-1,-1,1,-1,-1,1,1,1,1,1,1,-1,-1,-1,-1,1,1,1,-1,-1,1,1,-1,1,1,1,1,1,-1,1,-1,1,1,1,1,1,-1,1,-1,1,-1,1,1,-1,1,-1,1,1,-1,1,-1,1,1,-1,1,1,-1,1,1,1,1,1,-1,-1,-1,-1,1,1,1,-1,-1,-1,1,-1,1,1,1,-1,-1,1,-1,1,-1,1,1,1,-1,-1,1,1,1,1,-1,-1,1,-1,1,1,1,-1,-1,1,1,1,-1,1,-1,1,1,1,1,1,1,1,1,-1,1,1,1,1,-1,1,-1,1,-1,-1,1,1,1,1,1,-1,-1,1,-1,1,1,1,1,-1,-1,1,1,1,1,1,1,-1,-1,1,-1,-1,1,-1,1,1,-301.64959493850296,1
278,-1,-1,1,1,-1,1,1,-1,1,1,1,1,1,-1,-1,1,-1,1,-1,1,1,-1,-1,-1,1,1,1,1,1,-1,-1,-1,-1,1,-1,1,1,1,1,-1,-1,1,1,1,1,1,-1,-1,-1,1,1,-1,1,1,1,-1,-1,-1,1,-1,1,1,-1,1,1,-1,-1,-1,-1,-1,-1,1,1,1,1,-1,-1,-1,1,1,-1,-1,1,-1,-1,-1,-1,1,1,-1,1,-1,-1,-1,-1,-1,1,-1,1,-1,1,-1,-1,1,-1,1,-1,-1,1,-1,1,-1,1,1,-1,-1,1,-1,-1,-1,-1,-1,1,1,1,1,-1,-1,-1,1,1,1,-1,1,-1,-1,-1,1,1,-1,1,-1,1,-1,-1,-1,1,1,-1,-1,-1,-1,1,1,-1,1,-1,-1,-1,1,1,1,-1,-1,1,-1,1,-1,-1,-1,-1,-1,-1,-1,-1,1,-1,-1,-1,-1,1,-1,1,-1,1,1,-1,-1,-1,1,-1,1,1,-1,1,-1,-1,-1,-1,1,1,-1,-1,-1,-1,1,-1,1,1,-1,1,-1,-1,1,-1,1,-301.64870026749264,1
279,1,1,-1,-1,1,-1,-1,1,-1,-1,-1,-1,-1,1,1,-1,1,-1,1,-1,-1,1,1,1,-1,-1,-1,-1,-1,1,1,1,1,-1,1,-1,-1,-1,-1,1,1,-1,-1,-1,-1,-1,1,1,1,-1,-1,1,-1,-1,-1,1,1,1,-1,1,-1,-1,1,-1,-1,1,1,1,1,1,1,-1,-1,-1,-1,1,1,1,-1,-1,1,1,-1,1,1,1,1,-1,-1,1,-1,1,1,1,1,1,-1,1,-1,1,-1,1,1,-1,1,-1,1,1,-1,1,-1,1,-1,-1,1,1,-1,1,1,1,1,1,-1,-1,-1,-1,1,1,1,-1,-1,-1,1,-1,1,1,1,-1,-1,1,-1,1,-1,1,1,1,-1,-1,1,1,1,1,-1,-1,1,-1,1,1,1,-1,-1,-1,1,1,-1,1,-1,1,1,1,1,1,1,1,1,-1,1,1,1,1,-1,1,-1,1,-1,-1,1,1,1,-1,1,-1,-1,1,-1,1,1,1,1,-1,-1,1,1,1,1,-1,1,-1,-1,1,-1,1,1,-1,1,-1,-301.64870026749264,1
280,-1,-1,1,1,-1,1,1,-1,1,1,1,1,1,-1,-1,1,-1,1,-1,1,1,-1,-1,-1,1,1,1,1,1,-1,-1,-1,-1,1,-1,-1,1,1,-1,-1,-1,1,1,1,1,1,-1,-1,-1,1,1,-1,1,1,1,-1,-1,-1,1,-1,1,1,-1,1,1,-1,-1,-1,-1,-1,-1,1,1,1,1,-1,-1,-1,1,1,1,-1,1,-1,-1,-1,1,-1,1,-1,1,-1,-1,-1,-1,-1,1,-1,1,-1,1,1,-1,1,-1,1,-1,1,1,-1,1,-1,1,1,-1,-1,1,-1,-1,-1,-1,-1,1,1,1,1,-1,-1,-1,1,1,1,-1,1,-1,-1,-1,1,1,-1,1,-1,1,-1,-1,-1,1,1,-1,-1,-1,-1,1,1,-1,1,-1,-1,-1,1,1,-1,-1,-1,1,-1,1,-1,-1,-1,-1,-1,-1,-1,-1,1,-1,-1,-1,-1,1,-1,1,-1,1,-1,-1,-1,1,-1,1,1,1,-1,1,-1,-1,1,-1,1,1,-1,-1,-1,-1,1,-1,1,1,-1,1,1,1,1,-1,1,-301.64703981207504,2
281,-1,-1,1,1,-1,1,1,-1,1,1,1,1,1,-1,-1,1,-1,1,-1,1,1,-1,-1,-1,1,1,1,1,1,-1,-1,-1,-1,1,-1,-1,1,1,-1,-1,-1,1,1,1,1,1,-1,-1,-1,1,1,-1,1,1,1,-1,-1,-1,1,-1,1,1,-1,1,1,-1,-1,-1,-1,-1,-1,1,1,1,1,-1,-1,-1,1,1,-1,-1,1,-1,-1,-1,1,-1,1,-1,1,-1,-1,-1,-1,-1,1,-1,1,-1,1,1,-1,1,-1,1,-1,1,1,-1,1,-1,-1,1,-1,-1,1,-1,-1,-1,-1,-1,1,1,1,1,-1,-1,-1,1,1,1,-1,1,-1,-1,-1,1,1,-1,1,-1,1,-1,-1,-1,1,1,-1,-1,-1,-1,1,1,-1,1,-1,-1,-1,1,1,-1,-1,-1,1,-1,1,-1,-1,-1,-1,-1,-1,-1,-1,1,-1,-1,-1,-1,1,-1,1,-1,1,-1,-1,-1,1,-1,1,1,1,-1,1,-1,-1,1,-1,1,1,-1,-1,-1,-1,1,-1,1,1,-1,1,1,-1,1,-1,-1,-301.6469968320936,5
282,1,1,-1,-1,1,-1,-1,1,-1,-1,-1,-1,-1,1,1,-1,1,-1,1,-1,-1,1,1,1,-1,-1,-1,-1,-1,1,1,1,1,-1,1,1,-1,-1,1,1,1,-1,-1,-1,-1,-1,1,1,1,-1,-1,1,-1,-1,-1,1,1,1,-1,1,-1,-1,1,-1,-1,1,1,1,1,1,1,-1,-1,-1,-1,1,1,1,-1,-1,1,1,-1,1,1,1,-1,1,-1,1,-1,1,1,1,1,1,-1,1,-1,1,-1,-1,1,-1,1,-1,1,-1,-1,1,-1,1,1,-1,1,1,-1,1,1,1,1,1,-1,-1,-1,-1,1,1,1,-1,-1,-1,1,-1,1,1,1,-1,-1,1,-1,1,-1,1,1,1,-1,-1,1,1,1,1,-1,-1,1,-1,1,1,1,-1,-1,1,1,1,-1,1,-1,1,1,1,1,1,1,1,1,-1,1,1,1,1,-1,1,-1,1,-1,1,1,1,-1,1,-1,-1,-1,1,-1,1,1,-1,1,-1,-1,1,1,1,1,-1,1,-1,-1,1,-1,-1,1,-1,1,1,-301.6469968320936,3
283,1,1,1,-1,1,-1,-1,1,-1,-1,-1,-1,-1,1,1,-1,1,-1,1,-1,-1,1,1,1,-1,-1,-1,-1,-1,1,1,1,1,-1,1,1,-1,-1,1,1,1,-1,-1,-1,-1,-1,1,1,1,-1,-1,1,-1,-1,-1,1,1,1,-1,1,-1,-1,1,-1,-1,1,1,1,1,1,1,-1,-1,-1,-1,1,1,1,-1,-1,1,1,-1,1,1,1,1,1,-1,1,-1,1,1,1,1,1,-1,1,-1,1,-1,1,1,-1,1,-1,1,1,-1,1,-1,1,-1,-1,1,1,-1,1,1,1,1,1,-1,-1,-1,-1,1,1,1,-1,-1,-1,1,-1,1,1,1,-1,-1,1,-1,1,-1,1,1,1,-1,-1,1,1,1,1,-1,-1,1,-1,1,1,1,-1,-1,-1,1,1,-1,1,-1,1,1,1,1,1,1,1,1,-1,1,1,1,1,-1,1,-1,1,-1,-1,1,1,1,1,1,-1,-1,1,-1,1,1,1,1,-1,-1,1,1,1,-1,-1,1,-1,-1,1,1,-1,1,-1,1,1,-301.64679708267977,2
284,-1,-1,-1,1,-1,1,1,-1,1,1,1,1,1,-1,-1,1,-1,1,-1,1,1,-1,-1,-1,1,1,1,1,1,-1,-1,-1,-1,1,-1,-1,1,1,-1,-1,-1,1,1,1,1,1,-1,-1,-1,1,1,-1,1,1,1,-1,-1,-1,1,-1,1,1,-1,1,1,-1,-1,-1,-1,-1,-1,1,1,1,1,-1,-1,-1,1,1,-1,-1,1,-1,-1,-1,-1,-1,1,-1,1,-1,-1,-1,-1,-1,1,-1,1,-1,1,-1,-1,1,-1,1,-1,-1,1,-1,1,-1,1,1,-1,-1,1,-1,-1,-1,-1,-1,1,1,1,1,-1,-1,-1,1,1,1,-1,1,-1,-1,-1,1,1,-1,1,-1,1,-1,-1,-1,1,1,-1,-1,-1,-1,1,1,-1,1,-1,-1,-1,1,1,1,-1,-1,1,-1,1,-1,-1,-1,-1,-1,-1,-1,-1,1,-1,-1,-1,-1,1,-1,1,-1,1,1,-1,-1,-1,-1,-1,1,1,-1,1,-1,-1,-1,-1,1,1,-1,-1,-1,1,1,-1,1,1,-1,-1,1,-1,1,-1,-1,-301.64679708267977,1
285,1,1,-1,-1,1,-1,-1,1,-1,-1,-1,-1,-1,1,1,-1,1,-1,1,-1,-1,1,1,1,-1,-1,-1,-1,-1,1,1,1,1,-1,1,1,-1,-1,1,1,1,1,-1,-1,-1,-1,1,1,1,-1,-1,1,-1,-1,-1,1,1,1,-1,1,-1,-1,1,-1,-1,1,1,1,1,1,1,-1,-1,-1,-1,1,1,1,-1,-1,-1,1,-1,1,1,1,-1,1,-1,1,-1,1,1,1,1,1,-1,1,-1,1,-1,-1,1,-1,1,-1,1,-1,-1,1,-1,1,-1,-1,1,1,-1,1,1,1,1,1,-1,-1,-1,-1,1,1,1,-1,-1,-1,1,-1,1,1,1,-1,-1,1,-1,1,-1,1,1,1,-1,-1,1,1,1,1,-1,-1,1,-1,1,1,1,-1,-1,1,1,1,-1,1,-1,1,1,1,1,1,1,1,1,-1,1,1,1,1,-1,1,-1,1,-1,1,1,1,-1,1,-1,-1,-1,1,-1,1,1,-1,-1,1,1,1,1,1,1,1,1,-1,-1,1,-1,-1,1,-1,1,-1,-301.6440587681856,1
286,-1,-1,1,1,-1,1,1,-1,1,1,1,1,1,-1,-1,1,-1,1,-1,1,1,-1,-1,-1,1,1,1,1,1,-1,-1,-1,-1,1,-1,-1,1,1,-1,-1,-1,-1,1,1,1,1,-1,-1,-1,1,1,-1,1,1,1,-1,-1,-1,1,-1,1,1,-1,1,1,-1,-1,-1,-1,-1,-1,1,1,1,1,-1,-1,-1,1,1,1,-1,1,-1,-1,-1,1,-1,1,-1,1,-1,-1,-1,-1,-1,1,-1,1,-1,1,1,-1,1,-1,1,-1,1,1,-1,1,-1,1,1,-1,-1,1,-1,-1,-1,-1,-1,1,1,1,1,-1,-1,-1,1,1,1,-1,1,-1,-1,-1,1,1,-1,1,-1,1,-1,-1,-1,1,1,-1,-1,-1,-1,1,1,-1,1,-1,-1,-1,1,1,-1,-1,-1,1,-1,1,-1,-1,-1,-1,-1,-1,-1,-1,1,-1,-1,-1,-1,1,-1,1,-1,1,-1,-1,-1,1,-1,1,1,1,-1,1,-1,-1,1,1,-1,-1,-1,-1,-1,-1,-1,-1,1,1,-1,1,1,-1,1,-1,1,-301.6440587681856,3
287,-1,-1,1,1,-1,1,1,-1,1,1,1,1,1,-1,-1,1,-1,1,-1,1,1,-1,-1,-1,1,1,1,1,1,-1,-1,-1,-1,1,-1,-1,1,1,-1,-1,-1,1,1,1,1,1,-1,-1,-1,1,1,-1,1,1,1,-1,-1,-1,1,-1,1,1,-1,1,1,-1,-1,-1,-1,-1,-1,1,1,1,1,-1,-1,-1,1,1,-1,-1,1,-1,-1,-1,1,-1,1,-1,1,-1,-1,-1,-1,-1,1,-1,1,-1,1,1,-1,1,-1,1,-1,1,1,-1,1,-1,1,1,-1,-1,1,-1,-1,-1,-1,-1,1,1,1,1,-1,-1,-1,1,1,1,-1,1,-1,-1,-1,1,1,-1,1,-1,1,-1,-1,-1,1,1,-1,-1,-1,-1,1,1,-1,1,-1,-1,-1,1,1,1,-1,-1,1,-1,1,-1,-1,-1,-1,-1,-1,-1,-1,1,-1,-1,-1,-1,1,-1,1,-1,1,-1,-1,-1,1,-1,-1,1,1,-1,1,-1,-1,1,-1,1,1,-1,-1,-1,-1,1,-1,1,1,-1,1,1,-1,1,-1,1,-301.64238102768286,2
288,1,1,-1,-1,1,-1,-1,1,-1,-1,-1,-1,-1,1,1,-1,1,-1,1,-1,-1,1,1,1,-1,-1,-1,-1,-1,1,1,1,1,-1,1,1,-1,-1,1,1,1,1,-1,-1,-1,-1,1,1,1,-1,-1,1,-1,-1,-1,1,1,1,-1,1,-1,-1,1,-1,-1,1,1,1,1,1,1,-1,-1,-1,-1,1,1,1,-1,-1,1,1,-1,1,1,1,1,1,-1,1,-1,1,1,1,1,1,-1,1,-1,1,-1,1,1,-1,1,-1,1,1,-1,1,-1,1,-1,-1,1,1,-1,1,1,1,1,1,-1,-1,-1,-1,1,1,1,-1,-1,-1,1,-1,1,1,1,-1,-1,1,-1,1,-1,1,1,1,-1,-1,1,1,1,1,-1,-1,1,-1,1,1,1,-1,-1,1,1,1,-1,1,-1,1,1,1,1,1,1,1,1,-1,1,1,1,1,-1,1,-1,1,-1,-1,1,1,1,1,1,-1,-1,1,-1,1,1,1,1,-1,-1,1,1,1,1,1,1,-1,-1,1,-1,-1,1,-1,1,1,-301.64069636061794,1
289,-1,-1,1,1,-1,1,1,-1,1,1,1,1,1,-1,-1,1,-1,1,-1,1,1,-1,-1,-1,1,1,1,1,1,-1,-1,-1,-1,1,-1,-1,1,1,-1,-1,-1,1,1,1,1,1,-1,-1,-1,1,1,-1,1,1,1,-1,-1,-1,1,-1,1,1,-1,1,1,-1,-1,-1,-1,-1,-1,1,1,1,1,-1,-1,-1,1,1,-1,-1,1,-1,-1,-1,1,-1,1,-1,1,-1,-1,-1,-1,-1,1,-1,1,-1,1,1,-1,1,-1,1,-1,1,1,-1,1,-1,1,1,-1,-1,1,-1,-1,-1,-1,-1,1,1,1,1,-1,-1,-1,1,1,1,-1,1,-1,-1,-1,1,1,-1,1,-1,1,-1,-1,-1,1,1,-1,-1,-1,-1,1,1,-1,1,-1,-1,-1,1,1,-1,-1,-1,1,-1,1,-1,-1,-1,-1,-1,-1,-1,-1,1,-1,-1,-1,-1,1,-1,1,-1,1,-1,-1,-1,1,-1,1,1,1,-1,1,-1,-1,1,-1,1,1,-1,-1,-1,-1,1,-1,1,1,-1,1,1,-1,1,-1,-1,-301.6380982542086,1
290,1,1,-1,-1,1,-1,-1,1,-1,-1,-1,-1,-1,1,1,-1,1,-1,1,-1,-1,1,1,1,-1,-1,-1,-1,-1,1,1,1,1,-1,1,1,-1,-1,1,1,1,-1,-1,-1,-1,-1,1,1,1,-1,-1,1,-1,-1,-1,1,1,1,-1,1,-1,-1,1,-1,-1,1,1,1,1,1,1,-1,-1,-1,-1,1,1,1,-1,-1,1,1,-1,1,1,1,-1,1,-1,1,-1,1,1,1,1,1,-1,1,-1,1,-1,-1,1,-1,1,-1,1,-1,-1,1,-1,1,-1,-1,1,1,-1,1,1,1,1,1,-1,-1,-1,-1,1,1,1,-1,-1,-1,1,-1,1,1,1,-1,-1,1,-1,1,-1,1,1,1,-1,-1,1,1,1,1,-1,-1,1,-1,1,1,1,-1,-1,1,1,1,-1,1,-1,1,1,1,1,1,1,1,1,-1,1,1,1,1,-1,1,-1,1,-1,1,1,1,-1,1,-1,-1,-1,1,-1,1,1,-1,1,-1,-1,1,1,1,1,-1,1,-1,-1,1,-1,-1,1,-1,1,1,-301.6380982542086,2
291,-1,1,-1,1,1,-1,1,1,-1,1,-1,-1,1,-1,-1,1,1,1,-1,1,-1,-1,-1,-1,1,1,-1,1,1,1,-1,-1,1,1,-1,-1,1,1,-1,-1,1,-1,1,1,-1,1,1,-1,-1,1,1,-1,1,1,1,-1,-1,-1,1,-1,1,1,-1,1,1,-1,-1,-1,-1,-1,-1,1,1,1,1,-1,-1,-1,-1,1,-1,1,1,-1,-1,-1,-1,1,1,-1,1,-1,-1,-1,-1,-1,-1,-1,1,1,1,-1,-1,1,-1,-1,1,-1,1,-1,1,-1,1,-1,-1,-1,1,-1,-1,1,-1,-1,-1,1,1,-1,-1,-1,1,1,1,-1,-1,1,-1,-1,-1,1,1,-1,1,-1,1,1,-1,-1,1,1,-1,-1,-1,-1,1,1,-1,1,-1,-1,-1,-1,-1,-1,1,-1,1,1,1,-1,1,-1,-1,1,-1,-1,1,1,-1,1,1,1,1,-1,1,-1,1,1,1,-1,-1,1,-1,1,-1,-1,1,-1,-1,-1,-1,1,1,-1,-1,-1,1,-1,-1,1,1,-1,-1,1,-1,-1,1,1,-301.6350307457395,1
292,1,-1,1,-1,-1,1,-1,-1,1,-1,1,1,-1,1,1,-1,-1,-1,1,-1,1,1,1,1,-1,-1,1,-1,-1,-1,1,1,-1,-1,1,1,-1,-1,1,1,-1,1,-1,-1,1,-1,-1,1,1,-1,-1,1,-1,-1,-1,1,1,1,-1,1,-1,-1,1,-1,-1,1,1,1,1,1,1,-1,-1,-1,-1,1,1,1,1,-1,1,-1,-1,1,1,1,1,-1,-1,1,-1,1,1,1,1,1,1,1,-1,-1,-1,1,1,-1,1,1,-1,1,-1,1,-1,1,-1,1,1,1,-1,1,1,-1,1,1,1,-1,-1,1,1,1,-1,-1,-1,1,1,-1,1,1,1,-1,-1,1,-1,1,-1,-1,1,1,-1,-1,1,1,1,1,-1,-1,1,-1,1,1,1,1,1,1,-1,1,-1,-1,-1,1,-1,1,1,-1,1,1,-1,-1,1,-1,-1,-1,-1,1,-1,1,-1,-1,-1,1,1,-1,1,-1,1,1,-1,1,1,1,1,-1,-1,1,1,1,-1,1,1,-1,-1,1,1,-1,1,1,-1,-1,-301.6350307457395,1
293,1,1,-1,-1,1,-1,-1,1,-1,-1,-1,-1,-1,1,1,-1,1,-1,1,-1,-1,1,1,1,-1,-1,-1,-1,-1,1,1,1,1,-1,1,1,-1,-1,1,1,1,-1,-1,-1,-1,-1,1,1,1,-1,-1,1,-1,-1,-1,1,1,1,-1,1,-1,-1,1,-1,-1,1,1,1,1,1,1,-1,-1,-1,-1,1,1,1,-1,-1,1,1,-1,1,1,1,1,-1,-1,1,1,-1,1,1,-1,1,1,1,-1,-1,-1,1,1,-1,1,1,1,1,-1,1,1,1,-1,1,1,1,-1,1,1,-1,1,1,1,-1,-1,1,1,1,1,-1,-1,-1,1,-1,1,1,1,-1,-1,1,-1,1,-1,1,1,1,-1,-1,1,-1,1,1,-1,-1,1,1,1,1,1,-1,-1,-1,1,1,-1,1,-1,1,1,1,1,1,1,1,1,-1,1,1,1,1,-1,1,-1,1,-1,-1,1,1,1,1,1,-1,-1,1,-1,1,1,1,1,-1,-1,1,1,1,1,-1,1,-1,-1,1,-1,-1,1,-1,1,1,-301.634531890162,1
294,1,-1,1,-1,-1,1,-1,-1,1,-1,1,1,-1,1,1,-1,-1,-1,1,-1,1,1,1,1,-1,-1,1,-1,-1,-1,1,1,-1,-1,1,1,-1,-1,1,1,-1,1,-1,-1,1,-1,-1,1,1,-1,-1,1,-1,-1,-1,1,1,1,-1,1,-1,-1,1,-1,-1,1,-1,-1,1,1,-1,-1,-1,-1,-1,1,1,1,-1,-1,1,1,-1,1,-1,1,1,1,-1,1,-1,1,1,-1,1,1,-1,-1,-1,1,1,1,-1,-1,1,-1,-1,1,-1,1,-1,1,1,-1,1,1,1,1,1,1,1,1,-1,-1,-1,-1,1,1,-1,-1,-1,1,1,-1,-1,1,1,-1,-1,1,-1,1,-1,1,1,1,-1,-1,1,1,1,1,-1,-1,1,1,1,1,1,1,1,1,-1,1,-1,-1,-1,1,-1,1,1,-1,1,1,-1,-1,1,-1,-1,-1,-1,1,-1,1,-1,-1,-1,1,1,-1,1,-1,1,1,-1,1,1,1,1,-1,-1,1,1,1,-1,1,1,-1,-1,1,1,-1,1,1,-1,-1,-301.62519183887804,1
295,-1,1,-1,1,1,-1,1,1,-1,1,-1,-1,1,1,1,1,1,-1,-1,1,1,-1,-1,-1,1,1,-1,1,1,1,-1,-1,1,1,-1,-1,1,1,-1,-1,1,-1,1,1,-1,1,1,-1,-1,1,1,-1,1,1,1,-1,-1,-1,1,-1,1,1,-1,1,1,-1,1,1,-1,-1,1,1,1,1,1,-1,-1,-1,1,1,-1,-1,1,-1,1,-1,-1,1,1,-1,1,-1,-1,1,-1,-1,1,1,1,-1,-1,-1,-1,1,-1,1,1,-1,1,-1,1,-1,1,1,-1,-1,1,-1,-1,-1,-1,-1,1,1,1,1,-1,-1,1,1,1,-1,-1,1,1,-1,-1,1,1,-1,1,-1,1,-1,-1,-1,1,1,-1,-1,-1,-1,1,1,-1,-1,-1,-1,-1,-1,-1,-1,1,-1,1,1,1,-1,1,-1,-1,1,-1,-1,1,1,-1,1,1,1,1,-1,1,-1,1,1,1,-1,-1,1,-1,1,-1,-1,1,1,-1,-1,-1,1,1,-1,-1,-1,1,-1,-1,-1,1,-1,-1,1,-1,-1,1,1,-301.62435579291514,1
296,-1,1,-1,1,1,1,1,1,-1,1,-1,1,1,-1,-1,1,1,1,-1,1,1,-1,-1,-1,1,1,-1,1,1,1,-1,-1,1,1,-1,-1,1,1,-1,-1,1,-1,1,1,-1,1,1,-1,-1,1,1,-1,1,1,1,-1,-1,-1,1,-1,1,1,-1,1,1,-1,1,-1,-1,-1,-1,1,1,1,1,-1,-1,-1,1,1,-1,-1,1,-1,-1,-1,-1,-1,1,-1,1,-1,-1,-1,-1,-1,1,-1,1,-1,1,-1,-1,1,-1,1,-1,-1,1,-1,1,-1,1,1,-1,-1,1,-1,-1,-1,-1,-1,1,1,1,1,-1,-1,-1,1,1,1,-1,1,-1,-1,-1,1,1,-1,1,-1,1,-1,-1,-1,1,1,-1,-1,-1,-1,1,1,-1,1,-1,-1,-1,-1,-1,-1,1,-1,1,1,1,-1,1,-1,-1,1,-1,-1,1,1,-1,1,1,1,1,-1,1,-1,1,1,1,-1,-1,1,-1,1,-1,-1,1,-1,-1,-1,-1,1,1,-1,-1,-1,-1,-1,-1,1,1,-1,-1,1,-1,1,-1,1,-301.6238151009694,1
297,-1,1,-1,1,1,-1,1,1,-1,1,-1,-1,1,-1,-1,1,1,1,-1,1,-1,-1,-1,-1,1,1,-1,1,1,1,-1,-1,1,1,-1,-1,1,1,-1,-1,1,-1,1,1,-1,1,1,-1,-1,1,1,-1,1,1,1,-1,-1,-1,1,-1,1,1,-1,1,1,-1,-1,-1,-1,-1,-1,1,1,1,1,-1,-1,-1,-1,1,-1,1,1,-1,-1,-1,-1,1,1,-1,1,-1,-1,-1,-1,-1,-1,-1,1,1,1,-1,-1,1,-1,-1,1,-1,1,-1,-1,-1,1,-1,-1,-1,1,-1,-1,1,-1,-1,-1,1,1,-1,-1,-1,1,1,1,1,-1,1,-1,-1,-1,1,1,-1,1,-1,1,1,-1,-1,1,1,-1,-1,-1,-1,1,1,-1,-1,-1,-1,-1,-1,-1,-1,1,-1,1,1,1,-1,1,-1,-1,-1,-1,-1,1,1,-1,1,1,1,1,-1,1,-1,1,1,1,-1,-1,1,-1,1,-1,-1,1,-1,-1,-1,-1,1,1,-1,-1,-1,1,-1,-1,1,1,-1,-1,1,-1,-1,1,1,-301.6234838245858,1
298,-1,1,-1,1,1,-1,1,1,-1,1,-1,-1,1,-1,-1,1,1,1,-1,1,1,-1,-1,-1,1,1,-1,1,1,1,-1,-1,1,1,-1,-1,1,1,-1,-1,1,-1,1,1,-1,1,1,-1,-1,1,1,-1,1,1,1,-1,-1,-1,1,-1,1,1,-1,1,1,-1,1,-1,-1,-1,-1,1,1,1,1,-1,-1,-1,1,1,-1,-1,1,-1,-1,-1,-1,-1,1,-1,1,-1,-1,-1,-1,-1,1,-1,1,-1,1,-1,-1,1,-1,1,-1,-1,1,-1,1,-1,1,1,-1,-1,1,-1,-1,-1,-1,-1,1,1,1,1,-1,-1,-1,1,1,1,-1,1,-1,-1,-1,1,1,-1,1,-1,1,-1,-1,-1,1,1,-1,-1,-1,-1,1,1,-1,1,-1,-1,-1,-1,-1,-1,1,-1,1,1,1,-1,1,-1,-1,-1,-1,-1,1,1,-1,1,1,1,1,-1,1,-1,1,1,1,-1,-1,1,-1,1,-1,-1,1,-1,-1,-1,-1,1,1,-1,-1,-1,1,-1,-1,1,1,-1,-1,1,-1,-1,1,1,-301.6179957430958,1
299,-1,1,-1,1,1,1,1,1,1,1,-1,1,1,1,1,1,1,1,-1,1,1,-1,-1,-1,1,1,-1,1,1,1,-1,-1,1,1,-1,1,1,1,-1,-1,1,-1,1,1,-1,1,1,-1,-1,1,1,-1,1,1,1,-1,-1,-1,1,-1,1,1,-1,1,1,-1,-1,1,-1,-1,1,1,1,1,1,-1,-1,-1,1,1,-1,-1,1,-1,1,-1,-1,-1,1,-1,1,-1,-1,1,-1,-1,1,1,1,-1,-1,-1,-1,1,-1,1,1,-1,1,-1,1,-1,-1,1,-1,-1,-1,-1,-1,-1,-1,-1,1,1,1,1,-1,-1,1,1,1,-1,-1,1,1,-1,-1,1,1,-1,1,-1,1,-1,-1,-1,1,1,-1,-1,-1,-1,1,1,-1,-1,-1,-1,-1,-1,-1,-1,1,-1,1,1,1,-1,1,-1,-1,1,-1,-1,1,1,-1,1,1,1,1,-1,1,-1,1,1,1,-1,-1,1,-1,1,1,-1,1,1,-1,-1,-1,1,1,-1,-1,-1,-1,-1,-1,1,1,-1,-1,1,-1,1,-1,1,-301.61620258079364,1
300,1,-1,1,-1,-1,-1,-1,-1,1,-1,1,-1,-1,1,1,-1,-1,-1,1,-1,-1,1,1,1,-1,-1,1,-1,-1,-1,1,1,-1,-1,1,1,-1,-1,1,1,-1,1,-1,-1,1,-1,-1,1,1,-1,-1,1,-1,-1,-1,1,1,1,-1,1,-1,-1,1,-1,-1,1,-1,1,1,-1,1,-1,-1,-1,-1,1,1,1,-1,-1,1,1,-1,1,1,1,1,1,-1,1,-1,1,1,1,1,1,-1,1,-1,1,-1,1,1,-1,1,-1,1,1,-1,1,-1,1,-1,-1,1,-1,-1,1,1,1,1,1,-1,-1,-1,-1,1,1,1,-1,-1,-1,1,-1,1,1,1,-1,-1,1,-1,1,-1,1,1,1,-1,-1,1,1,1,1,-1,-1,1,-1,1,1,1,1,1,1,-1,1,-1,-1,-1,1,-1,1,1,-1,1,1,-1,-1,1,-1,-1,-1,-1,1,-1,1,-1,-1,-1,1,1,-1,1,-1,1,1,-1,1,1,1,1,-1,-1,1,1,1,1,1,1,-1,-1,1,1,-1,1,-1,1,-1,-301.609329941844,1
301,-1,-1,1,1,-1,1,1,-1,1,1,1,1,1,-1,-1,1,-1,1,-1,1,1,-1,-1,-1,1,1,1,1,1,-1,-1,-1,-1,1,-1,1,1,1,1,-1,-1,1,1,1,-1,1,-1,-1,-1,1,1,-1,1,1,1,-1,-1,-1,1,-1,1,1,-1,1,1,-1,-1,-1,-1,-1,-1,1,1,1,1,-1,-1,-1,1,1,-1,-1,1,-1,-1,-1,-1,1,1,-1,-1,1,-1,-1,1,-1,-1,-1,1,1,1,-1,-1,1,-1,-1,-1,-1,1,-1,-1,-1,1,-1,-1,-1,1,-1,-1,1,-1,-1,-1,1,1,-1,-1,-1,-1,1,1,1,-1,1,-1,-1,-1,1,1,-1,1,-1,1,-1,-1,-1,1,1,-1,1,-1,-1,1,1,-1,-1,-1,-1,-1,1,1,1,-1,-1,1,-1,1,-1,-1,-1,-1,-1,-1,-1,-1,1,-1,-1,-1,-1,1,-1,1,-1,1,1,-1,-1,-1,1,-1,1,1,-1,1,-1,-1,-1,-1,1,1,-1,-1,-1,-1,1,-1,1,1,-1,1,-1,-1,1,1,1,-301.6081667149078,1
302,-1,1,-1,1,1,-1,1,1,-1,1,-1,-1,1,-1,-1,1,1,1,-1,1,-1,-1,-1,-1,1,1,-1,1,1,1,-1,-1,1,1,-1,-1,1,1,-1,-1,1,-1,1,1,-1,1,1,-1,-1,1,1,-1,1,1,1,-1,-1,-1,1,-1,1,1,-1,1,1,-1,-1,-1,-1,-1,-1,1,1,1,1,-1,-1,-1,1,1,-1,-1,1,-1,1,-1,-1,-1,1,-1,1,-1,-1,1,-1,-1,1,1,1,-1,-1,-1,-1,1,-1,1,1,-1,1,-1,1,-1,-1,1,-1,-1,-1,-1,-1,-1,-1,-1,1,1,1,1,-1,-1,1,1,1,-1,-1,1,1,-1,-1,1,1,-1,1,-1,1,-1,-1,-1,1,1,-1,-1,-1,-1,1,1,-1,-1,-1,-1,-1,-1,-1,-1,1,-1,1,1,1,-1,1,-1,-1,1,-1,-1,1,1,-1,1,1,1,1,-1,1,-1,1,1,1,-1,-1,1,-1,1,-1,-1,1,-1,-1,-1,-1,1,1,-1,-1,-1,1,-1,-1,1,1,-1,-1,1,-1,-1,1,1,-301.60319245704693,2
303,1,-1,1,-1,-1,1,-1,-1,1,-1,1,1,-1,1,1,-1,-1,-1,1,-1,1,1,1,1,-1,-1,1,-1,-1,-1,1,1,-1,-1,1,1,-1,-1,1,1,-1,1,-1,-1,1,-1,-1,1,1,-1,-1,1,-1,-1,-1,1,1,1,-1,1,-1,-1,1,-1,-1,1,1,1,1,1,1,-1,-1,-1,-1,1,1,1,-1,-1,1,1,-1,1,-1,1,1,1,-1,1,-1,1,1,-1,1,1,-1,-1,-1,1,1,1,1,-1,1,-1,-1,1,-1,1,-1,1,1,-1,1,1,1,1,1,1,1,1,-1,-1,-1,-1,1,1,-1,-1,-1,1,1,-1,-1,1,1,-1,-1,1,-1,1,-1,1,1,1,-1,-1,1,1,1,1,-1,-1,1,1,1,1,1,1,1,1,-1,1,-1,-1,-1,1,-1,1,1,-1,1,1,-1,-1,1,-1,-1,-1,-1,1,-1,1,-1,-1,-1,1,1,-1,1,-1,1,1,-1,1,1,1,1,-1,-1,1,1,1,-1,1,1,-1,-1,1,1,-1,1,1,-1,-1,-301.60319245704693,1
304,-1,1,-1,1,1,-1,1,1,-1,1,-1,-1,1,-1,-1,1,1,1,-1,1,-1,-1,-1,-1,1,1,-1,1,1,1,-1,-1,1,1,-1,-1,1,1,-1,-1,1,-1,1,1,-1,1,1,-1,-1,1,1,-1,1,1,1,-1,-1,-1,1,-1,1,1,-1,1,1,-1,-1,-1,-1,-1,-1,1,1,1,1,-1,-1,-1,1,1,-1,-1,1,-1,1,-1,-1,1,1,-1,1,-1,-1,-1,-1,-1,1,1,1,-1,-1,-1,-1,1,-1,-1,1,-1,1,-1,1,-1,-1,1,-1,-1,1,-1,1,1,-1,-1,1,1,1,1,-1,-1,1,1,1,-1,-1,1,-1,-1,-1,1,1,-1,1,-1,1,-1,-1,-1,1,1,-1,-1,-1,-1,1,1,-1,-1,-1,-1,-1,-1,-1,-1,1,-1,1,1,1,-1,1,-1,-1,1,-1,-1,1,1,-1,1,1,1,1,-1,1,-1,1,1,1,-1,-1,1,-1,1,-1,-1,1,-1,-1,-1,-1,1,1,-1,-1,-1,1,-1,-1,1,1,-1,-1,1,-1,-1,1,1,-301.601166492999,4
305,-1,-1,1,1,-1,1,1,-1,1,1,1,1,1,-1,-1,1,-1,1,-1,1,1,-1,-1,-1,1,1,1,1,1,-1,-1,-1,-1,1,-1,-1,1,1,-1,-1,-1,1,1,1,1,1,-1,-1,-1,1,1,-1,1,1,1,-1,-1,-1,1,-1,1,1,-1,1,1,-1,-1,-1,-1,-1,-1,1,1,1,1,-1,-1,-1,1,1,-1,-1,1,-1,-1,-1,-1,-1,1,-1,1,1,-1,-1,1,-1,1,-1,1,-1,1,-1,-1,1,-1,1,-1,-1,1,-1,1,-1,-1,1,-1,-1,1,-1,-1,-1,-1,-1,1,1,1,1,-1,-1,-1,1,1,1,-1,1,-1,-1,-1,1,1,-1,1,-1,1,-1,-1,-1,1,1,-1,1,-1,-1,1,1,-1,-1,-1,-1,-1,1,1,1,-1,-1,1,-1,1,-1,-1,-1,-1,-1,-1,-1,-1,1,-1,-1,-1,-1,1,-1,1,-1,1,1,-1,-1,-1,-1,-1,1,1,-1,1,-1,-1,-1,-1,1,1,-1,-1,-1,-1,1,-1,1,1,-1,1,1,-1,1,-1,1,-301.5988533884855,1
306,-1,-1,1,1,-1,1,1,-1,1,1,1,1,1,-1,-1,1,-1,1,-1,1,1,-1,-1,-1,1,1,1,1,1,-1,-1,-1,-1,1,-1,-1,1,1,-1,-1,-1,1,1,1,1,1,-1,-1,-1,1,1,-1,1,1,1,-1,-1,-1,1,-1,1,1,-1,1,1,-1,-1,-1,-1,-1,-1,1,1,1,1,-1,-1,-1,1,1,-1,-1,1,-1,-1,-1,-1,-1,1,-1,1,1,-1,-1,1,-1,1,-1,1,-1,1,-1,-1,1,-1,1,-1,-1,1,-1,1,-1,1,1,-1,-1,1,-1,-1,-1,-1,-1,1,1,1,1,-1,-1,-1,1,1,1,-1,1,-1,-1,-1,1,1,-1,1,-1,1,-1,-1,-1,1,1,-1,1,-1,-1,1,1,-1,-1,-1,-1,-1,1,1,1,-1,-1,1,-1,1,-1,-1,-1,-1,-1,-1,-1,-1,1,-1,-1,-1,-1,1,-1,1,-1,1,1,-1,-1,-1,-1,-1,1,1,-1,1,-1,-1,-1,-1,1,1,-1,-1,-1,-1,1,-1,1,1,-1,1,1,-1,1,-1,1,-301.5899548106005,2
307,-1,-1,1,1,-1,1,1,-1,1,1,1,1,1,-1,-1,1,-1,1,-1,1,1,-1,-1,-1,1,1,1,1,1,-1,-1,-1,-1,1,-1,-1,1,1,-1,-1,-1,1,1,1,1,1,-1,-1,-1,1,1,-1,1,1,1,-1,-1,-1,1,-1,1,1,-1,1,1,-1,1,-1,-1,-1,-1,1,1,1,1,-1,-1,-1,1,1,-1,-1,1,-1,-1,-1,-1,-1,1,-1,1,-1,-1,-1,-1,-1,1,-1,1,-1,1,-1,-1,1,-1,1,-1,-1,1,-1,1,-1,1,1,-1,-1,1,-1,-1,-1,-1,-1,1,1,1,1,-1,-1,-1,1,1,1,-1,1,-1,-1,-1,1,1,-1,1,-1,1,-1,-1,-1,1,1,-1,-1,-1,-1,1,1,-1,1,-1,-1,-1,1,1,-1,-1,-1,1,-1,1,-1,-1,-1,-1,-1,-1,-1,-1,1,-1,-1,-1,-1,1,-1,1,-1,1,1,-1,-1,-1,-1,-1,1,1,-1,1,-1,-1,-1,-1,1,1,-1,-1,-1,-1,1,-1,1,1,-1,1,1,-1,1,-1,1,-301.5822392795443,1
308,-1,-1,1,1,-1,1,1,-1,1,1,1,1,1,-1,-1,1,-1,1,-1,1,1,-1,-1,-1,1,1,1,1,1,-1,-1,-1,-1,1,-1,-1,1,1,-1,-1,-1,-1,1,1,1,1,-1,-1,-1,1,1,-1,1,1,1,-1,-1,-1,1,-1,1,1,-1,1,1,-1,-1,-1,-1,-1,-1,1,1,1,1,-1,-1,-1,1,1,1,-1,1,-1,-1,-1,1,-1,1,-1,1,-1,-1,-1,-1,-1,1,-1,1,-1,1,1,-1,1,-1,1,-1,1,1,-1,1,-1,-1,1,-1,-1,1,-1,-1,-1,-1,-1,1,1,1,1,-1,-1,-1,1,1,1,-1,1,-1,-1,-1,1,1,-1,1,-1,1,-1,-1,-1,1,1,-1,-1,-1,-1,1,1,-1,1,-1,-1,-1,1,1,1,-1,-1,1,-1,1,-1,-1,-1,-1,-1,-1,-1,-1,1,-1,-1,-1,-1,1,-1,1,-1,1,-1,-1,-1,1,-1,1,1,1,-1,1,-1,-1,1,1,-1,-1,-1,-1,-1,-1,-1,-1,1,1,-1,1,1,1,1,-1,1,-301.5820369026105,1
309,-1,1,-1,1,1,-1,1,1,-1,1,-1,-1,1,1,-1,1,1,1,-1,1,-1,-1,-1,-1,1,1,-1,1,1,1,-1,-1,1,1,-1,-1,1,1,-1,-1,1,-1,1,1,-1,1,1,-1,-1,1,1,-1,1,1,1,-1,-1,-1,1,-1,1,1,-1,1,1,-1,1,1,-1,-1,1,1,1,1,1,-1,-1,-1,1,1,-1,-1,1,-1,1,-1,-1,1,1,-1,1,-1,-1,1,-1,-1,1,1,1,-1,-1,-1,-1,1,-1,1,1,-1,1,-1,1,-1,1,1,-1,-1,-1,-1,-1,-1,-1,-1,1,1,1,1,-1,-1,1,1,1,-1,-1,1,1,-1,-1,1,1,-1,1,-1,1,-1,-1,-1,1,1,-1,-1,-1,-1,1,1,-1,-1,-1,-1,-1,-1,-1,-1,1,-1,1,1,1,-1,1,-1,-1,1,-1,-1,1,1,-1,1,1,1,1,-1,1,-1,1,1,1,-1,-1,1,-1,1,-1,-1,1,-1,-1,-1,-1,1,1,-1,-1,-1,1,-1,-1,1,1,-1,-1,1,-1,-1,1,-1,-301.57701037093295,1
310,1,1,1,-1,1,-1,-1,1,-1,-1,-1,-1,-1,1,1,-1,1,-1,1,-1,-1,1,1,1,-1,-1,-1,-1,-1,1,1,1,1,-1,1,1,-1,-1,1,1,1,-1,-1,-1,-1,-1,1,1,1,-1,-1,1,-1,-1,-1,1,1,1,-1,1,-1,-1,1,-1,-1,1,1,1,1,1,1,-1,-1,-1,-1,1,1,1,-1,-1,1,1,-1,1,1,1,1,1,-1,1,-1,1,1,1,1,1,-1,1,-1,1,-1,1,1,-1,1,-1,1,1,-1,1,-1,1,1,-1,1,1,-1,1,1,1,1,1,-1,-1,-1,-1,1,1,1,-1,-1,-1,1,-1,1,1,1,-1,-1,1,-1,1,-1,1,1,1,-1,-1,1,1,1,1,-1,-1,1,-1,1,1,1,-1,-1,1,1,1,-1,1,-1,1,1,1,1,1,1,1,1,-1,1,1,1,1,-1,1,-1,1,-1,-1,1,1,1,1,1,-1,-1,1,-1,1,1,1,1,-1,-1,1,1,1,-1,-1,1,-1,-1,1,1,-1,1,-1,1,1,-301.57571419126793,2
311,-1,-1,1,1,-1,1,1,-1,1,1,1,1,1,-1,-1,1,-1,1,-1,1,1,-1,-1,-1,1,1,1,1,1,-1,-1,-1,-1,1,-1,-1,1,1,-1,-1,-1,1,1,1,1,1,-1,-1,-1,1,1,-1,1,1,1,-1,-1,-1,1,-1,1,1,-1,1,1,-1,-1,-1,-1,-1,-1,1,1,1,1,-1,-1,-1,1,1,-1,1,1,-1,-1,-1,-1,1,1,-1,-1,1,-1,-1,1,-1,-1,-1,1,1,1,-1,-1,1,-1,-1,1,-1,1,-1,-1,-1,1,-1,-1,-1,1,-1,-1,1,-1,-1,-1,1,1,-1,-1,-1,-1,1,1,1,-1,1,-1,-1,-1,1,1,-1,1,-1,1,-1,-1,-1,-1,1,-1,1,-1,-1,1,1,-1,-1,-1,-1,-1,1,1,1,-1,-1,1,-1,1,-1,-1,-1,-1,-1,-1,-1,-1,1,-1,-1,-1,-1,1,-1,1,-1,1,1,-1,-1,-1,-1,-1,1,1,-1,1,-1,-1,-1,-1,1,1,-1,-1,-1,-1,1,-1,1,1,-1,1,1,-1,1,-1,1,-301.5751664883111,1
312,1,1,-1,-1,1,-1,-1,1,-1,-1,-1,-1,-1,1,1,-1,1,-1,1,-1,-1,1,1,1,-1,-1,-1,-1,-1,1,1,1,1,-1,1,1,-1,-1,1,1,1,-1,-1,-1,-1,-1,1,1,1,-1,-1,1,-1,-1,-1,1,1,1,-1,1,-1,-1,1,-1,-1,1,1,1,1,1,1,-1,-1,-1,-1,1,1,1,-1,-1,1,1,-1,1,1,1,-1,1,-1,1,-1,1,1,1,1,1,-1,1,-1,1,-1,-1,1,-1,1,-1,1,-1,-1,1,-1,1,1,-1,1,1,-1,1,1,1,1,1,-1,-1,-1,-1,1,1,1,-1,-1,-1,1,-1,1,1,1,-1,-1,1,-1,1,-1,1,1,1,-1,-1,1,1,1,1,-1,-1,1,-1,1,1,1,-1,-1,1,1,1,-1,1,-1,1,1,1,1,1,1,1,1,-1,1,1,1,1,-1,1,-1,1,-1,1,1,1,-1,1,1,-1,-1,1,-1,1,1,-1,1,-1,-1,1,1,1,1,-1,1,-1,-1,1,-1,-1,1,-1,1,-1,-301.57129813627097,2
313,-1,-1,1,1,-1,1,1,-1,1,1,1,1,1,-1,-1,1,-1,1,-1,1,1,-1,-1,-1,1,1,1,1,1,-1,-1,-1,-1,1,-1,-1,1,1,-1,-1,-1,1,1,1,1,1,-1,-1,-1,1,1,-1,1,1,1,-1,-1,-1,1,-1,1,1,-1,1,1,-1,-1,-1,-1,-1,-1,1,1,1,1,-1,-1,-1,1,1,-1,-1,1,-1,-1,-1,1,-1,1,-1,1,-1,-1,-1,-1,-1,1,-1,1,-1,1,1,-1,1,-1,1,-1,1,1,-1,1,-1,-1,1,-1,-1,1,-1,-1,-1,-1,-1,1,1,1,1,-1,-1,-1,1,1,1,-1,1,-1,-1,-1,1,1,-1,1,-1,1,-1,-1,-1,1,1,-1,-1,-1,-1,1,1,-1,1,-1,-1,-1,1,1,-1,-1,-1,1,-1,1,-1,-1,-1,-1,-1,-1,-1,-1,1,-1,-1,-1,-1,1,-1,1,-1,1,-1,-1,-1,1,-1,-1,1,1,-1,1,-1,-1,1,-1,1,1,-1,-1,-1,-1,1,-1,1,1,-1,1,1,-1,1,-1,1,-301.57129813627097,3
314,-1,-1,1,1,-1,1,1,-1,1,1,1,1,1,-1,-1,1,-1,1,-1,1,1,-1,-1,-1,1,1,1,1,1,-1,-1,-1,-1,1,-1,-1,1,1,-1,-1,-1,1,1,1,1,1,-1,-1,-1,1,1,-1,1,1,1,-1,-1,-1,1,-1,1,1,-1,1,1,-1,-1,-1,-1,-1,-1,1,1,1,1,-1,-1,-1,1,1,-1,-1,1,-1,-1,-1,1,-1,1,-1,1,-1,-1,-1,-1,-1,1,-1,1,-1,1,1,-1,1,-1,1,-1,1,1,-1,1,-1,-1,1,-1,-1,1,-1,-1,-1,-1,-1,1,1,1,1,-1,-1,-1,1,1,1,-1,1,-1,-1,-1,1,1,-1,1,-1,1,-1,-1,-1,1,1,-1,-1,-1,-1,1,1,-1,1,-1,-1,-1,1,1,1,-1,-1,1,-1,1,-1,-1,-1,-1,-1,-1,-1,-1,1,-1,-1,-1,-1,1,-1,1,-1,1,-1,-1,-1,1,-1,-1,1,1,-1,1,-1,-1,1,-1,1,1,-1,-1,-1,-1,1,-1,1,1,-1,1,1,-1,1,-1,-1,-301.5712340464681,2
315,1,-1,1,-1,-1,-1,-1,-1,1,-1,1,-1,-1,1,1,-1,-1,-1,1,-1,-1,1,1,1,-1,-1,1,-1,-1,-1,1,1,-1,-1,1,1,-1,-1,1,1,-1,1,-1,-1,1,-1,-1,1,1,-1,-1,1,-1,-1,-1,1,1,1,-1,1,-1,-1,1,-1,-1,1,-1,-1,1,1,-1,-1,-1,-1,-1,1,1,1,-1,-1,1,1,-1,1,-1,1,1,-1,-1,1,-1,1,1,-1,1,1,-1,-1,-1,1,1,1,1,-1,1,-1,-1,1,-1,1,-1,1,-1,-1,1,1,1,1,1,1,1,1,-1,-1,-1,-1,1,1,-1,-1,-1,1,1,-1,-1,1,1,-1,-1,1,-1,1,-1,1,1,1,-1,-1,1,1,1,1,-1,-1,1,1,1,1,1,1,1,1,-1,1,-1,-1,-1,1,-1,1,1,1,1,1,-1,-1,1,-1,-1,-1,-1,1,-1,1,-1,-1,-1,1,1,-1,1,-1,1,1,-1,1,1,1,1,-1,-1,1,1,1,1,1,1,-1,-1,1,1,-1,1,-1,1,1,-301.56886611453217,2
316,1,1,-1,-1,1,-1,-1,1,-1,-1,-1,-1,-1,1,1,-1,1,-1,1,-1,-1,1,1,1,-1,-1,-1,-1,-1,1,1,1,1,-1,1,-1,-1,-1,-1,1,1,-1,-1,-1,-1,-1,1,1,1,-1,-1,1,-1,-1,-1,1,1,1,-1,1,-1,-1,1,-1,-1,1,1,1,1,1,1,-1,-1,-1,-1,1,1,1,-1,-1,1,1,-1,1,1,1,1,-1,-1,1,-1,1,1,1,1,1,-1,1,-1,1,-1,1,1,-1,1,-1,1,1,-1,1,-1,1,-1,-1,1,1,-1,1,1,1,1,1,-1,-1,-1,-1,1,1,1,-1,-1,-1,1,-1,1,1,1,-1,-1,1,-1,1,-1,1,1,1,-1,-1,1,1,1,1,-1,-1,1,-1,1,1,1,-1,-1,1,1,1,-1,1,-1,1,1,1,1,1,1,1,1,-1,1,1,1,1,-1,1,-1,1,-1,-1,1,1,1,-1,1,-1,-1,1,-1,1,1,1,1,-1,-1,1,1,1,1,-1,1,-1,-1,1,-1,1,1,-1,1,-1,-301.5687187981957,2
317,1,1,-1,-1,1,-1,-1,1,-1,-1,-1,-1,-1,1,1,-1,1,-1,1,-1,-1,1,1,1,-1,-1,-1,-1,-1,1,1,1,1,-1,1,-1,-1,-1,-1,1,1,-1,-1,-1,-1,-1,1,1,1,-1,-1,1,-1,-1,-1,1,1,1,-1,1,-1,-1,1,-1,-1,1,1,1,1,1,1,-1,-1,-1,-1,1,1,1,-1,-1,1,1,-1,1,1,1,1,-1,-1,1,-1,1,1,1,1,1,-1,1,-1,1,-1,1,1,-1,1,-1,1,1,-1,1,-1,1,-1,-1,1,1,-1,1,1,1,1,1,-1,-1,-1,-1,1,1,1,-1,-1,-1,1,-1,1,1,1,-1,-1,1,-1,1,-1,1,1,1,-1,-1,1,1,1,1,-1,-1,1,-1,1,1,1,-1,-1,-1,1,1,-1,1,-1,1,1,1,1,1,1,1,1,-1,1,1,1,1,-1,1,-1,1,-1,-1,1,1,1,-1,1,-1,-1,1,-1,1,1,1,1,-1,-1,1,1,1,1,-1,1,-1,-1,1,-1,1,1,-1,1,1,-301.5686547083928,1
318,1,-1,1,-1,-1,1,-1,-1,1,-1,1,1,-1,1,1,-1,-1,-1,1,-1,-1,1,1,1,-1,-1,1,-1,-1,-1,1,1,-1,-1,1,1,-1,-1,1,1,-1,1,-1,-1,1,-1,-1,1,1,-1,-1,1,-1,-1,-1,1,1,1,-1,1,-1,-1,1,-1,-1,1,1,1,1,1,1,-1,-1,-1,-1,1,1,1,1,-1,1,-1,-1,1,1,1,1,-1,-1,1,-1,1,1,1,1,1,1,1,-1,-1,-1,1,1,-1,1,1,-1,1,-1,1,1,1,-1,1,1,1,-1,1,1,-1,1,1,1,-1,-1,1,1,1,-1,-1,-1,1,1,-1,1,1,1,-1,-1,1,-1,1,-1,-1,1,1,-1,-1,1,1,1,1,-1,-1,1,1,1,1,1,1,1,1,-1,1,-1,-1,-1,1,-1,1,1,-1,1,1,-1,-1,1,-1,-1,-1,-1,1,-1,1,-1,-1,-1,1,1,-1,1,-1,1,1,-1,1,1,1,1,-1,-1,1,1,1,-1,1,1,-1,-1,1,1,-1,1,1,-1,1,-301.5683513348508,2
319,1,1,-1,-1,1,-1,-1,1,-1,-1,-1,-1,-1,1,1,-1,1,-1,1,-1,-1,1,1,1,-1,-1,-1,-1,-1,1,1,1,1,-1,1,1,-1,-1,1,1,1,-1,-1,-1,-1,-1,1,1,1,-1,-1,1,-1,-1,-1,1,1,1,-1,1,-1,-1,1,-1,-1,1,-1,1,1,-1,1,-1,-1,-1,-1,1,1,1,-1,-1,1,1,-1,1,1,1,1,1,-1,1,-1,1,1,1,1,1,-1,1,-1,1,-1,1,1,-1,1,-1,1,1,-1,1,-1,1,-1,-1,1,-1,-1,1,1,1,1,1,-1,-1,-1,-1,1,1,1,-1,-1,-1,1,-1,1,1,1,-1,-1,1,-1,1,-1,1,1,1,-1,-1,1,1,1,1,-1,-1,1,-1,1,1,1,-1,-1,1,1,1,-1,1,-1,1,1,1,1,1,1,1,1,-1,1,1,1,1,-1,1,-1,1,-1,-1,1,1,1,1,1,-1,-1,1,-1,1,1,1,1,-1,-1,1,1,1,1,-1,1,-1,-1,1,-1,-1,1,-1,1,-1,-301.56775412041895,1
320,-1,-1,1,1,-1,1,1,-1,1,1,1,1,1,-1,-1,1,-1,1,-1,1,1,-1,-1,-1,1,1,1,1,1,-1,-1,-1,-1,1,-1,-1,1,1,-1,-1,-1,1,1,1,1,1,-1,-1,-1,1,1,-1,1,1,1,-1,-1,-1,1,-1,1,1,-1,1,1,-1,-1,-1,-1,-1,-1,1,1,1,1,-1,-1,-1,1,1,-1,-1,1,-1,-1,-1,1,-1,1,-1,1,-1,-1,-1,-1,-1,1,-1,1,-1,1,1,-1,1,-1,1,-1,1,1,-1,1,-1,1,1,-1,-1,1,-1,-1,-1,-1,-1,1,1,1,1,-1,-1,-1,1,1,1,-1,1,-1,-1,-1,1,1,-1,1,-1,1,-1,-1,-1,1,1,-1,-1,-1,-1,1,1,-1,1,-1,-1,-1,1,1,1,-1,-1,1,-1,1,-1,-1,-1,-1,-1,-1,-1,-1,1,-1,-1,-1,-1,1,-1,1,-1,1,-1,-1,-1,1,-1,-1,1,1,-1,1,-1,-1,1,-1,1,1,-1,-1,-1,-1,1,-1,1,1,-1,1,1,-1,1,-1,-1,-301.56233546858306,2
321,1,1,-1,-1,1,-1,-1,1,-1,-1,-1,-1,-1,1,1,-1,1,-1,1,-1,-1,1,1,1,-1,-1,-1,-1,-1,1,1,1,1,-1,1,1,-1,-1,1,1,1,-1,-1,-1,-1,-1,1,1,1,-1,-1,1,-1,-1,-1,1,1,1,-1,1,-1,-1,1,-1,-1,1,1,1,1,1,1,-1,-1,-1,-1,1,1,1,-1,-1,1,1,-1,1,1,1,-1,1,-1,1,-1,1,1,1,1,1,-1,1,-1,1,-1,-1,1,-1,1,-1,1,-1,-1,1,-1,1,-1,-1,1,1,-1,1,1,1,1,1,-1,-1,-1,-1,1,1,1,-1,-1,-1,1,-1,1,1,1,-1,-1,1,-1,1,-1,1,1,1,-1,-1,1,1,1,1,-1,-1,1,-1,1,1,1,-1,-1,-1,1,1,-1,1,-1,1,1,1,1,1,1,1,1,-1,1,1,1,1,-1,1,-1,1,-1,1,1,1,-1,1,1,-1,-1,1,-1,1,1,-1,1,-1,-1,1,1,1,1,-1,1,-1,-1,1,-1,-1,1,-1,1,1,-301.56233546858306,1
322,1,1,-1,-1,1,-1,-1,1,-1,-1,-1,-1,-1,1,1,-1,1,-1,1,-1,-1,1,1,1,-1,-1,-1,-1,-1,1,1,1,1,-1,1,-1,-1,-1,-1,1,1,-1,-1,-1,1,-1,1,1,1,-1,-1,1,-1,-1,-1,1,1,1,-1,1,-1,-1,1,-1,-1,1,-1,1,1,1,1,-1,-1,-1,-1,1,1,1,-1,-1,1,1,-1,1,1,1,1,1,-1,1,-1,1,1,1,1,1,-1,1,-1,1,-1,1,1,-1,1,-1,1,1,-1,1,-1,1,-1,-1,1,1,-1,1,1,1,1,1,-1,-1,-1,-1,1,1,1,-1,-1,-1,1,-1,1,1,1,-1,-1,1,-1,1,-1,1,1,1,-1,-1,1,1,1,1,-1,-1,1,-1,1,1,1,-1,-1,-1,1,1,-1,1,-1,1,1,1,1,1,1,1,1,-1,1,1,1,1,-1,1,-1,1,-1,-1,1,1,1,-1,1,-1,-1,1,-1,1,1,1,1,-1,-1,1,1,1,1,-1,1,-1,-1,1,-1,1,1,-1,-1,-1,-301.55581001448724,1
323,-1,-1,1,1,-1,1,1,-1,1,1,1,1,1,-1,-1,1,-1,1,-1,1,1,-1,-1,-1,1,1,1,1,1,-1,-1,-1,-1,1,-1,1,1,1,1,-1,-1,1,1,1,-1,1,-1,-1,-1,1,1,-1,1,1,1,-1,-1,-1,1,-1,1,1,-1,1,1,-1,-1,-1,-1,-1,-1,1,1,1,1,-1,-1,-1,1,1,-1,-1,1,-1,1,-1,-1,1,1,-1,1,1,-1,-1,1,-1,1,1,1,-1,-1,-1,-1,1,-1,-1,1,-1,1,-1,1,-1,-1,1,-1,-1,1,-1,1,1,-1,-1,1,1,1,1,-1,-1,1,1,1,-1,-1,1,-1,-1,-1,1,1,-1,1,-1,1,-1,-1,-1,-1,1,-1,1,-1,-1,-1,1,-1,-1,-1,-1,-1,1,1,1,-1,-1,1,-1,1,-1,-1,-1,-1,-1,-1,-1,-1,1,-1,-1,-1,-1,1,-1,1,-1,1,1,-1,-1,-1,1,-1,1,1,-1,1,-1,-1,-1,-1,1,1,-1,-1,-1,-1,1,-1,1,1,-1,1,-1,-1,1,1,1,-301.5547684753422,1
324,-1,1,-1,1,1,-1,1,1,-1,1,-1,-1,1,-1,-1,1,1,1,-1,1,1,-1,-1,-1,-1,1,-1,1,1,1,-1,-1,1,1,-1,-1,1,1,-1,-1,1,-1,1,1,-1,1,1,-1,-1,1,1,-1,1,1,1,-1,-1,-1,1,-1,1,1,-1,1,1,-1,-1,-1,-1,-1,-1,1,1,1,1,-1,-1,-1,1,1,-1,-1,1,-1,-1,-1,-1,-1,1,-1,1,-1,-1,-1,-1,-1,1,-1,1,-1,1,-1,-1,1,-1,1,-1,-1,1,-1,1,-1,1,1,-1,-1,1,-1,-1,-1,-1,-1,1,1,1,1,-1,-1,-1,1,1,1,-1,1,-1,-1,-1,1,1,-1,1,-1,1,-1,-1,-1,1,1,-1,-1,-1,-1,1,1,-1,1,-1,-1,-1,-1,-1,-1,1,-1,1,1,1,-1,1,-1,-1,1,-1,-1,1,1,-1,1,1,1,1,-1,1,-1,1,1,1,-1,-1,1,-1,1,-1,-1,1,-1,-1,-1,-1,1,1,-1,-1,-1,1,-1,-1,1,1,-1,-1,1,-1,-1,1,1,-301.55394821819107,1
325,-1,-1,-1,1,-1,1,1,-1,1,1,1,1,1,-1,-1,1,-1,1,-1,1,1,-1,-1,-1,1,1,1,1,1,-1,-1,-1,-1,1,-1,-1,1,1,-1,-1,-1,1,1,1,1,1,-1,-1,-1,1,1,-1,1,1,1,-1,-1,-1,1,-1,1,1,-1,1,1,-1,-1,-1,-1,-1,-1,1,1,1,1,-1,-1,-1,1,1,-1,-1,1,-1,-1,-1,-1,-1,1,-1,1,-1,-1,-1,-1,-1,1,-1,1,-1,1,-1,-1,1,-1,1,-1,-1,1,-1,1,-1,-1,1,-1,-1,1,-1,-1,-1,-1,-1,1,1,1,1,-1,-1,-1,1,1,1,-1,1,-1,-1,-1,1,1,-1,1,-1,1,-1,-1,-1,1,1,-1,-1,-1,-1,1,1,-1,1,-1,-1,-1,1,1,1,-1,-1,1,-1,1,-1,-1,-1,-1,-1,-1,-1,-1,1,-1,-1,-1,-1,1,-1,1,-1,1,1,-1,-1,-1,-1,-1,1,1,-1,1,-1,-1,-1,-1,1,1,-1,-1,-1,-1,1,-1,1,1,-1,-1,1,-1,1,-1,1,-301.55093558427336,1
326,-1,-1,1,1,-1,1,1,-1,1,1,1,1,1,-1,-1,1,-1,1,-1,1,1,-1,-1,-1,1,1,1,1,1,-1,-1,-1,-1,1,-1,-1,1,1,-1,-1,-1,1,1,1,1,1,-1,-1,-1,1,1,-1,1,1,1,-1,-1,-1,1,-1,1,1,-1,1,1,-1,-1,-1,-1,-1,-1,1,1,1,1,-1,-1,-1,1,1,1,-1,1,-1,-1,-1,1,1,1,-1,1,-1,-1,-1,-1,-1,1,-1,1,-1,1,1,-1,1,-1,1,-1,1,1,-1,1,-1,1,1,-1,-1,1,-1,-1,-1,-1,-1,1,1,1,1,-1,-1,-1,1,1,1,-1,1,-1,-1,-1,1,1,-1,1,-1,1,-1,-1,-1,1,1,-1,-1,-1,-1,1,1,-1,1,-1,-1,-1,1,1,1,-1,-1,1,-1,1,-1,-1,-1,-1,-1,-1,-1,-1,1,-1,-1,-1,-1,1,-1,1,-1,1,-1,-1,-1,1,-1,1,1,1,-1,1,-1,-1,1,-1,1,1,-1,-1,-1,-1,1,-1,1,1,-1,1,1,-1,1,-1,1,-301.54689655425955,1
327,-1,-1,1,1,-1,1,1,-1,1,1,1,1,1,-1,-1,1,-1,1,-1,1,1,-1,-1,-1,1,1,1,1,1,-1,-1,-1,-1,1,-1,1,1,1,1,-1,-1,1,1,1,-1,1,-1,-1,-1,1,1,-1,1,1,1,-1,-1,-1,1,-1,1,1,-1,1,1,-1,-1,-1,-1,-1,-1,1,1,1,1,-1,-1,-1,1,1,-1,-1,1,-1,-1,-1,1,-1,1,-1,1,-1,-1,-1,-1,-1,1,-1,1,-1,1,1,-1,1,-1,1,-1,1,1,-1,1,-1,-1,1,-1,-1,1,-1,-1,-1,-1,-1,1,1,1,1,-1,-1,-1,1,1,1,-1,1,-1,-1,-1,1,1,-1,1,-1,1,-1,-1,-1,1,1,-1,-1,-1,-1,1,1,-1,1,-1,-1,-1,1,1,1,-1,-1,1,-1,1,-1,-1,-1,-1,-1,-1,-1,-1,1,-1,-1,-1,-1,1,-1,1,-1,1,-1,-1,-1,1,1,-1,1,1,-1,1,-1,-1,1,-1,1,1,-1,-1,-1,-1,1,-1,1,1,-1,1,-1,-1,1,1,1,-301.5448688712138,4
328,1,1,-1,-1,1,-1,-1,1,-1,-1,-1,-1,-1,1,1,-1,1,-1,1,-1,-1,1,1,1,-1,-1,-1,-1,-1,1,1,1,1,-1,1,-1,-1,-1,-1,1,1,-1,-1,-1,1,-1,1,1,1,-1,-1,1,-1,-1,-1,1,1,1,-1,1,-1,-1,1,-1,-1,1,1,1,1,1,1,-1,-1,-1,-1,1,1,1,-1,-1,1,1,-1,1,1,1,-1,1,-1,1,-1,1,1,1,1,1,-1,1,-1,1,-1,-1,1,-1,1,-1,1,-1,-1,1,-1,1,1,-1,1,1,-1,1,1,1,1,1,-1,-1,-1,-1,1,1,1,-1,-1,-1,1,-1,1,1,1,-1,-1,1,-1,1,-1,1,1,1,-1,-1,1,1,1,1,-1,-1,1,-1,1,1,1,-1,-1,-1,1,1,-1,1,-1,1,1,1,1,1,1,1,1,-1,1,1,1,1,-1,1,-1,1,-1,1,1,1,-1,-1,1,-1,-1,1,-1,1,1,-1,1,-1,-1,1,1,1,1,-1,1,-1,-1,1,-1,1,1,-1,-1,-1,-301.5448688712138,2
329,-1,-1,1,1,-1,1,1,-1,1,1,1,1,1,-1,-1,1,-1,1,-1,1,1,-1,-1,-1,1,1,1,1,1,-1,-1,-1,-1,1,-1,1,1,1,1,-1,-1,1,1,1,-1,1,-1,-1,-1,1,1,-1,1,1,1,-1,-1,-1,1,-1,1,1,-1,1,1,-1,1,-1,-1,1,-1,1,1,1,1,-1,-1,-1,1,1,-1,-1,1,-1,-1,-1,-1,-1,1,-1,1,-1,-1,-1,-1,-1,1,-1,1,-1,1,-1,-1,1,-1,1,-1,-1,1,-1,1,-1,1,1,-1,1,1,-1,-1,-1,-1,-1,1,1,1,1,-1,-1,-1,1,1,1,-1,1,-1,-1,-1,1,1,-1,1,-1,1,-1,-1,-1,1,1,-1,-1,-1,-1,1,1,-1,1,-1,-1,-1,1,1,1,-1,-1,1,-1,1,-1,-1,-1,-1,-1,-1,-1,-1,1,-1,-1,-1,-1,1,-1,1,-1,1,1,-1,-1,-1,1,-1,1,1,-1,1,-1,-1,-1,-1,1,1,-1,-1,-1,-1,1,-1,1,1,-1,1,-1,-1,1,1,1,-301.5413248553618,1
330,1,1,-1,-1,1,-1,-1,1,-1,-1,-1,-1,-1,1,1,-1,1,-1,1,-1,-1,1,1,1,-1,-1,-1,-1,-1,1,1,1,1,-1,1,-1,-1,-1,-1,1,1,-1,-1,-1,1,-1,1,1,1,-1,-1,1,-1,-1,-1,1,1,1,-1,1,-1,-1,1,-1,-1,1,-1,1,1,-1,1,-1,-1,-1,-1,1,1,1,-1,-1,1,1,-1,1,1,1,1,1,-1,1,-1,1,1,1,1,1,-1,1,-1,1,-1,1,1,-1,1,-1,1,1,-1,1,-1,1,-1,-1,1,-1,-1,1,1,1,1,1,-1,-1,-1,-1,1,1,1,-1,-1,-1,1,-1,1,1,1,-1,-1,1,-1,1,-1,1,1,1,-1,-1,1,1,1,1,-1,-1,1,-1,1,1,1,-1,-1,-1,1,1,-1,1,-1,1,1,1,1,1,1,1,1,-1,1,1,1,1,-1,1,-1,1,-1,-1,1,1,1,-1,1,-1,-1,1,-1,1,1,1,1,-1,-1,1,1,1,1,-1,1,-1,-1,1,-1,1,1,-1,-1,-1,-301.5413248553618,1
331,-1,1,-1,1,1,1,1,1,1,1,-1,1,1,1,1,1,1,1,-1,1,1,-1,-1,-1,1,1,-1,1,1,1,-1,-1,1,1,-1,1,1,1,-1,-1,1,-1,1,1,-1,1,1,-1,-1,1,1,-1,1,1,1,-1,-1,-1,1,-1,1,1,-1,1,1,-1,1,-1,-1,-1,-1,1,1,1,1,-1,-1,-1,-1,1,-1,1,1,-1,-1,-1,-1,1,1,-1,1,-1,-1,-1,-1,-1,-1,-1,1,1,1,-1,-1,1,-1,-1,1,-1,1,-1,-1,-1,1,-1,-1,-1,1,-1,-1,1,-1,-1,-1,1,1,-1,-1,-1,1,1,1,-1,-1,1,-1,-1,-1,1,1,-1,1,-1,1,1,-1,-1,1,1,-1,-1,-1,-1,1,1,-1,-1,-1,-1,-1,-1,-1,-1,1,-1,1,1,1,-1,1,-1,-1,1,-1,-1,1,1,-1,1,1,1,1,-1,1,-1,1,1,1,-1,-1,1,-1,1,1,-1,1,1,-1,-1,-1,1,1,-1,-1,-1,-1,-1,-1,1,1,-1,-1,1,-1,1,-1,-1,-301.54075943022974,1
332,1,-1,1,-1,-1,1,-1,-1,1,-1,1,1,-1,1,1,-1,-1,-1,1,-1,-1,1,1,1,-1,-1,1,-1,-1,-1,1,1,-1,-1,1,1,-1,-1,1,1,-1,1,-1,-1,1,-1,-1,1,1,-1,-1,1,-1,-1,-1,1,1,1,-1,1,-1,-1,1,-1,-1,1,-1,-1,1,1,-1,-1,-1,-1,-1,1,1,1,-1,-1,1,1,-1,1,-1,1,1,1,-1,1,-1,1,1,-1,1,1,-1,-1,-1,1,1,1,1,-1,1,-1,-1,1,-1,1,-1,1,1,-1,1,1,1,1,1,1,1,1,-1,-1,-1,-1,1,1,-1,-1,-1,1,1,-1,-1,1,1,-1,-1,1,-1,1,-1,1,1,1,-1,-1,1,1,1,1,-1,-1,1,1,1,1,1,1,1,1,-1,1,-1,-1,-1,1,-1,1,1,-1,1,1,-1,-1,1,-1,-1,-1,-1,1,-1,1,-1,-1,-1,1,1,-1,1,-1,1,1,-1,1,1,1,1,-1,-1,1,1,1,-1,1,1,-1,-1,1,1,-1,1,1,-1,-1,-301.53898892836025,1
333,1,1,-1,-1,1,-1,-1,1,-1,-1,-1,-1,-1,1,1,-1,1,-1,1,-1,-1,1,1,1,-1,-1,-1,-1,-1,1,1,1,1,-1,1,-1,-1,-1,-1,1,1,-1,-1,-1,1,-1,1,1,1,-1,-1,1,-1,-1,-1,1,1,1,-1,1,-1,-1,1,-1,-1,1,1,1,1,1,1,-1,-1,-1,-1,1,1,1,-1,-1,1,1,-1,1,1,1,-1,1,-1,1,-1,1,1,1,1,1,-1,1,-1,1,-1,-1,1,-1,1,-1,1,-1,-1,1,-1,1,-1,-1,1,1,-1,1,1,1,1,1,-1,-1,-1,-1,1,1,1,-1,-1,-1,1,-1,1,1,1,-1,-1,1,-1,1,-1,1,1,1,-1,-1,1,1,1,1,-1,-1,1,-1,1,1,1,-1,-1,-1,1,1,-1,1,-1,1,1,1,1,1,1,1,1,-1,1,1,1,1,-1,1,-1,1,-1,1,1,1,-1,-1,1,-1,-1,1,-1,1,1,-1,1,-1,-1,1,1,1,1,-1,1,-1,-1,1,-1,1,1,-1,-1,-1,-301.5359702933288,1
334,-1,-1,1,1,-1,1,1,-1,1,1,1,1,1,-1,-1,1,-1,1,-1,1,1,-1,-1,-1,1,1,1,1,1,-1,-1,-1,-1,1,-1,1,1,1,1,-1,-1,1,1,1,-1,1,-1,-1,-1,1,1,-1,1,1,1,-1,-1,-1,1,-1,1,1,-1,1,1,-1,-1,-1,-1,-1,-1,1,1,1,1,-1,-1,-1,1,1,-1,-1,1,-1,-1,-1,1,-1,1,-1,1,-1,-1,-1,-1,-1,1,-1,1,-1,1,1,-1,1,-1,1,-1,1,1,-1,1,-1,1,1,-1,-1,1,-1,-1,-1,-1,-1,1,1,1,1,-1,-1,-1,1,1,1,-1,1,-1,-1,-1,1,1,-1,1,-1,1,-1,-1,-1,1,1,-1,-1,-1,-1,1,1,-1,1,-1,-1,-1,1,1,1,-1,-1,1,-1,1,-1,-1,-1,-1,-1,-1,-1,-1,1,-1,-1,-1,-1,1,-1,1,-1,1,-1,-1,-1,1,1,-1,1,1,-1,1,-1,-1,1,-1,1,1,-1,-1,-1,-1,1,-1,1,1,-1,1,-1,-1,1,1,1,-301.5359702933288,1
335,-1,1,-1,1,1,-1,1,1,-1,1,-1,-1,1,-1,-1,1,1,1,-1,1,-1,-1,-1,-1,1,1,-1,1,1,1,-1,-1,1,1,-1,-1,1,1,-1,-1,1,-1,1,1,-1,1,1,-1,-1,1,1,-1,1,1,1,-1,-1,-1,1,-1,1,1,-1,1,1,-1,-1,-1,-1,-1,-1,1,1,1,1,-1,-1,-1,1,1,-1,-1,1,-1,-1,-1,-1,1,1,-1,1,-1,-1,1,-1,-1,-1,-1,1,1,1,-1,-1,1,-1,1,-1,-1,1,-1,-1,-1,1,-1,-1,-1,-1,-1,-1,-1,-1,-1,1,1,1,-1,-1,-1,-1,1,1,1,-1,1,-1,-1,-1,1,1,-1,1,-1,1,-1,-1,-1,1,1,-1,-1,-1,-1,1,1,-1,1,-1,-1,-1,-1,-1,-1,1,-1,1,1,1,-1,1,-1,-1,1,-1,-1,1,1,-1,1,1,1,1,-1,1,-1,1,1,1,-1,-1,1,-1,1,-1,-1,1,-1,-1,-1,-1,1,1,-1,-1,-1,1,-1,-1,1,1,-1,-1,1,-1,-1,1,1,-301.5344065883322,1
336,1,-1,1,-1,-1,1,-1,-1,1,-1,1,1,-1,1,1,-1,-1,-1,1,-1,1,1,1,1,-1,-1,1,-1,-1,-1,1,1,-1,-1,1,1,-1,-1,1,1,-1,1,-1,-1,1,-1,-1,1,1,-1,-1,1,-1,-1,-1,1,1,1,-1,1,-1,-1,1,-1,-1,1,1,1,1,1,1,-1,-1,-1,-1,1,1,1,-1,-1,1,1,-1,1,1,1,1,-1,-1,1,-1,1,1,-1,1,1,1,1,-1,-1,-1,1,1,-1,1,-1,1,1,-1,1,1,1,-1,1,1,1,1,1,1,1,1,1,-1,-1,-1,1,1,1,1,-1,-1,-1,1,-1,1,1,1,-1,-1,1,-1,1,-1,1,1,1,-1,-1,1,1,1,1,-1,-1,1,-1,1,1,1,1,1,1,-1,1,-1,-1,-1,1,-1,1,1,-1,1,1,-1,-1,1,-1,-1,-1,-1,1,-1,1,-1,-1,-1,1,1,-1,1,-1,1,1,-1,1,1,1,1,-1,-1,1,1,1,-1,1,1,-1,-1,1,1,-1,1,1,-1,-1,-301.5344065883322,2
337,-1,1,-1,1,1,-1,1,1,-1,1,-1,-1,1,-1,-1,1,1,1,-1,1,-1,-1,-1,-1,1,1,-1,1,1,1,-1,-1,1,1,-1,-1,1,1,-1,-1,1,-1,1,1,-1,1,1,-1,-1,1,1,-1,1,1,1,-1,-1,-1,1,-1,1,1,-1,1,1,-1,1,1,-1,-1,1,1,1,1,1,-1,-1,-1,1,1,-1,-1,1,-1,1,-1,-1,1,1,-1,1,-1,-1,1,-1,-1,1,1,1,-1,-1,-1,-1,1,-1,1,1,-1,1,-1,1,-1,1,1,-1,-1,-1,-1,-1,-1,-1,-1,1,1,1,1,-1,-1,1,1,1,-1,-1,1,1,-1,-1,1,1,-1,1,-1,1,-1,-1,-1,-1,1,-1,-1,-1,-1,1,1,-1,-1,-1,-1,-1,-1,-1,-1,1,-1,1,1,1,-1,1,-1,-1,1,-1,-1,1,1,-1,1,1,1,1,-1,1,-1,1,1,1,-1,-1,1,-1,1,-1,-1,1,-1,-1,-1,-1,1,1,-1,-1,-1,1,-1,-1,1,1,-1,-1,1,-1,-1,1,-1,-301.5309996275906,1
338,-1,1,-1,1,1,-1,1,1,-1,1,-1,-1,1,-1,-1,1,1,1,-1,1,1,-1,-1,-1,1,1,-1,1,1,1,-1,-1,1,1,-1,-1,1,1,-1,-1,1,-1,1,1,-1,1,1,-1,-1,1,1,-1,1,1,1,-1,-1,-1,1,-1,1,1,-1,1,1,-1,-1,-1,-1,-1,-1,1,1,1,1,-1,-1,-1,-1,1,-1,1,1,-1,-1,-1,-1,1,1,-1,1,-1,-1,-1,-1,-1,-1,-1,1,1,1,-1,-1,1,-1,-1,1,-1,1,-1,1,-1,1,-1,-1,-1,1,-1,-1,1,-1,-1,-1,1,1,-1,-1,-1,1,1,1,1,-1,1,-1,-1,-1,1,1,-1,1,-1,1,1,-1,-1,1,1,-1,-1,-1,-1,1,1,-1,-1,-1,-1,-1,-1,-1,-1,1,-1,1,1,1,-1,1,-1,-1,1,-1,-1,1,1,-1,1,1,1,1,-1,1,-1,1,1,1,-1,-1,1,-1,1,-1,-1,1,-1,-1,-1,-1,1,1,-1,-1,-1,1,-1,-1,1,1,-1,-1,1,-1,-1,1,1,-301.5213329037966,1
339,-1,1,-1,1,1,-1,1,1,-1,1,-1,-1,1,-1,-1,1,1,1,-1,1,-1,-1,-1,-1,1,1,-1,1,1,1,-1,-1,1,1,-1,-1,1,1,-1,-1,1,-1,1,1,-1,1,1,-1,-1,1,1,-1,1,1,1,-1,-1,-1,1,-1,1,1,-1,1,1,-1,-1,-1,-1,-1,-1,1,1,1,1,-1,-1,-1,-1,1,-1,1,1,-1,-1,-1,-1,1,1,-1,1,-1,-1,-1,-1,-1,-1,-1,1,1,1,-1,-1,1,-1,-1,1,-1,1,-1,1,-1,1,-1,-1,-1,1,-1,-1,1,-1,-1,-1,1,1,-1,-1,-1,1,1,1,1,-1,1,-1,-1,-1,1,1,-1,1,-1,1,1,-1,-1,1,1,-1,-1,-1,-1,1,1,-1,-1,-1,-1,-1,-1,-1,-1,1,-1,1,1,1,-1,1,-1,-1,-1,-1,-1,1,1,-1,1,1,1,1,-1,1,-1,1,1,1,-1,-1,1,-1,1,-1,-1,1,-1,-1,-1,-1,1,1,-1,-1,-1,1,-1,-1,1,1,-1,-1,1,-1,-1,1,1,-301.520106784083,1
340,1,1,-1,-1,1,-1,-1,1,-1,-1,-1,-1,-1,1,1,-1,1,-1,1,-1,-1,1,1,1,-1,-1,-1,-1,-1,1,1,1,1,-1,1,1,-1,-1,1,1,1,-1,-1,-1,-1,-1,1,1,1,-1,-1,1,-1,-1,-1,1,1,1,-1,1,-1,-1,1,-1,-1,1,1,1,1,1,1,-1,-1,-1,-1,1,1,1,-1,-1,1,1,-1,1,1,1,1,1,-1,1,-1,-1,1,1,-1,1,-1,1,-1,1,-1,1,1,-1,1,-1,1,1,-1,1,-1,1,-1,-1,1,1,-1,1,1,1,1,1,-1,-1,-1,-1,1,1,1,-1,-1,-1,1,-1,1,1,1,-1,-1,1,-1,1,-1,1,1,1,-1,-1,1,-1,1,1,-1,-1,1,1,1,1,1,-1,-1,-1,1,1,-1,1,-1,1,1,1,1,1,1,1,1,-1,1,1,1,1,-1,1,-1,1,-1,-1,1,1,1,1,1,-1,-1,1,-1,1,1,1,1,-1,-1,1,1,1,1,-1,1,-1,-1,1,-1,-1,1,-1,1,1,-301.5099092515008,1
341,1,1,-1,-1,1,-1,-1,1,-1,-1,-1,-1,-1,1,1,-1,1,-1,1,-1,-1,1,1,1,-1,-1,-1,-1,-1,1,1,1,1,-1,1,1,-1,-1,1,1,1,1,-1,-1,1,-1,1,1,1,-1,-1,1,-1,-1,-1,1,1,1,-1,1,-1,-1,1,-1,-1,1,1,1,1,1,1,-1,-1,-1,-1,1,1,1,-1,-1,1,1,-1,1,1,1,1,-1,-1,1,-1,1,1,1,1,1,-1,1,-1,1,-1,1,1,-1,1,-1,1,1,-1,1,-1,1,-1,-1,1,1,-1,1,1,1,1,1,-1,-1,-1,-1,1,1,1,-1,-1,-1,1,-1,1,1,1,-1,-1,1,-1,1,-1,1,1,1,-1,-1,1,1,1,1,-1,-1,1,-1,1,1,1,-1,-1,1,1,1,-1,1,-1,1,1,1,1,1,1,1,1,-1,1,1,1,1,-1,1,-1,1,-1,-1,-1,1,1,-1,1,-1,-1,1,-1,1,1,1,1,-1,-1,1,1,1,1,1,1,-1,-1,1,-1,-1,1,-1,1,-1,-301.5055633276971,1
342,-1,-1,1,1,-1,1,1,-1,1,1,1,1,1,-1,-1,1,-1,1,-1,1,1,-1,-1,-1,1,1,1,1,1,-1,-1,-1,-1,1,-1,-1,1,1,-1,-1,-1,-1,1,1,1,1,-1,-1,-1,1,1,-1,1,1,1,-1,-1,-1,1,-1,1,1,-1,1,1,-1,-1,-1,-1,-1,-1,1,1,1,1,-1,-1,-1,1,1,1,-1,1,-1,-1,-1,1,-1,1,-1,1,-1,-1,-1,-1,-1,1,-1,1,-1,1,1,-1,1,-1,1,-1,1,1,-1,1,-1,-1,1,-1,-1,1,-1,-1,-1,-1,-1,1,1,1,1,-1,-1,-1,1,1,1,-1,1,-1,-1,-1,1,1,-1,1,-1,1,-1,-1,-1,1,1,-1,-1,-1,-1,1,1,-1,1,-1,-1,-1,1,1,-1,-1,-1,1,-1,1,-1,-1,-1,-1,-1,-1,-1,-1,1,-1,-1,-1,-1,1,-1,1,-1,1,-1,-1,-1,1,-1,1,1,1,-1,1,-1,-1,1,1,-1,-1,-1,-1,-1,-1,-1,-1,1,1,-1,1,1,1,1,-1,1,-301.50205543331367,2
343,1,1,-1,-1,1,-1,-1,1,-1,-1,-1,-1,-1,1,1,-1,1,-1,1,-1,-1,1,1,1,-1,-1,-1,-1,-1,1,1,1,1,-1,1,1,-1,-1,1,1,1,1,-1,-1,-1,-1,1,1,1,-1,-1,1,-1,-1,-1,1,1,1,-1,1,-1,-1,1,-1,-1,1,1,1,1,1,1,-1,-1,-1,-1,1,1,1,-1,-1,-1,1,-1,1,1,1,-1,1,-1,1,-1,1,1,1,1,1,-1,1,-1,1,-1,-1,1,-1,1,-1,1,-1,-1,1,-1,1,1,-1,1,1,-1,1,1,1,1,1,-1,-1,-1,-1,1,1,1,-1,-1,-1,1,-1,1,1,1,-1,-1,1,-1,1,-1,1,1,1,-1,-1,1,1,1,1,-1,-1,1,-1,1,1,1,-1,-1,1,1,1,-1,1,-1,1,1,1,1,1,1,1,1,-1,1,1,1,1,-1,1,-1,1,-1,1,1,1,-1,1,-1,-1,-1,1,-1,1,1,-1,-1,1,1,1,1,1,1,1,1,-1,-1,1,-1,-1,-1,-1,1,-1,-301.50205543331367,2
344,-1,1,-1,1,1,-1,1,1,-1,1,-1,-1,1,-1,-1,1,1,1,-1,1,1,-1,-1,-1,1,1,-1,1,1,1,-1,-1,1,1,-1,-1,1,1,-1,-1,1,-1,1,1,-1,1,1,-1,-1,1,1,-1,1,1,1,-1,-1,-1,1,-1,1,1,-1,1,1,-1,-1,-1,-1,-1,-1,1,1,1,1,-1,-1,-1,-1,1,-1,1,1,-1,-1,-1,-1,1,1,-1,1,-1,-1,-1,-1,-1,1,1,1,-1,-1,-1,-1,1,-1,-1,1,-1,1,-1,1,-1,1,1,-1,-1,1,-1,-1,1,-1,-1,1,1,1,-1,-1,-1,1,1,1,-1,-1,1,-1,-1,-1,1,1,-1,1,-1,1,1,-1,-1,1,1,-1,-1,-1,-1,1,1,-1,-1,-1,-1,-1,-1,-1,-1,1,-1,1,1,1,-1,1,-1,-1,1,-1,-1,1,1,-1,1,1,1,1,-1,1,-1,1,1,1,-1,-1,1,-1,1,-1,-1,1,-1,-1,-1,-1,1,1,-1,-1,-1,1,-1,-1,-1,1,-1,-1,1,-1,-1,1,1,-301.5014702325042,1
345,1,1,-1,-1,1,-1,-1,1,-1,-1,-1,-1,-1,1,1,-1,1,-1,1,-1,-1,1,1,1,-1,-1,-1,-1,-1,1,1,1,1,-1,1,1,-1,-1,1,1,1,-1,-1,-1,-1,-1,1,1,1,-1,-1,1,-1,-1,-1,1,1,1,-1,1,-1,-1,1,-1,-1,1,1,1,1,1,1,-1,-1,-1,-1,1,1,1,-1,-1,1,1,-1,1,1,1,1,1,-1,1,-1,1,1,1,1,1,-1,1,-1,1,-1,1,1,-1,1,-1,1,1,-1,1,-1,1,1,-1,1,1,-1,1,1,1,1,1,-1,-1,-1,-1,1,1,1,-1,-1,-1,1,-1,1,1,1,-1,-1,1,-1,1,-1,1,1,1,-1,-1,1,1,1,1,-1,-1,1,-1,1,1,1,-1,-1,-1,1,1,-1,1,-1,1,1,1,1,1,1,1,1,-1,1,1,1,1,-1,1,-1,1,-1,-1,1,1,1,1,1,-1,-1,1,-1,1,1,1,1,-1,-1,1,1,1,1,-1,1,-1,-1,1,1,-1,1,-1,1,-1,-301.4985608303608,1
346,-1,-1,1,1,-1,1,1,-1,1,1,1,1,1,-1,-1,1,-1,1,-1,1,1,-1,-1,-1,1,1,1,1,1,-1,-1,-1,-1,1,-1,-1,1,1,-1,-1,-1,1,1,1,1,1,-1,-1,-1,1,1,-1,1,1,1,-1,-1,-1,1,-1,1,1,-1,1,1,-1,-1,-1,-1,-1,-1,1,1,1,1,-1,-1,-1,1,1,-1,-1,1,-1,-1,-1,-1,-1,1,-1,1,-1,-1,-1,-1,-1,1,-1,1,-1,1,-1,-1,1,-1,1,-1,-1,1,-1,1,-1,-1,1,-1,-1,1,-1,-1,-1,-1,-1,1,1,1,1,-1,-1,-1,1,1,1,-1,1,-1,-1,-1,1,1,-1,1,-1,1,-1,-1,-1,1,1,-1,-1,-1,-1,1,1,-1,1,-1,-1,-1,1,1,1,-1,-1,1,-1,1,-1,-1,-1,-1,-1,-1,-1,-1,1,-1,-1,-1,-1,1,-1,1,-1,1,1,-1,-1,-1,-1,-1,1,1,-1,1,-1,-1,-1,-1,1,1,-1,-1,-1,-1,1,-1,1,1,-1,-1,1,-1,1,-1,1,-301.4985608303608,1
347,1,1,-1,-1,1,-1,-1,1,-1,-1,-1,-1,-1,1,1,-1,1,-1,1,-1,-1,1,1,1,-1,-1,-1,-1,-1,1,1,1,1,-1,1,1,-1,-1,1,1,1,1,-1,-1,-1,-1,1,1,1,-1,-1,1,-1,-1,-1,1,1,1,-1,1,-1,-1,1,-1,-1,1,1,1,1,1,1,-1,-1,-1,-1,1,1,1,-1,-1,-1,1,-1,1,1,1,-1,1,-1,1,-1,1,1,1,1,1,-1,1,-1,1,-1,-1,1,-1,1,-1,1,-1,-1,1,-1,1,-1,-1,1,1,-1,1,1,1,1,1,-1,-1,-1,-1,1,1,1,-1,-1,-1,1,-1,1,1,1,-1,-1,1,-1,1,-1,1,1,1,-1,-1,1,1,1,1,-1,-1,1,-1,1,1,1,-1,-1,1,1,1,-1,1,-1,1,1,1,1,1,1,1,1,-1,1,1,1,1,-1,1,-1,1,-1,1,1,1,-1,1,-1,-1,-1,1,-1,1,1,-1,-1,1,1,1,1,1,1,1,1,-1,-1,1,-1,-1,-1,-1,1,-1,-301.49315685542865,3
348,1,1,-1,-1,1,-1,-1,1,-1,-1,-1,-1,-1,1,1,-1,1,-1,1,-1,-1,1,1,1,-1,-1,-1,-1,-1,1,1,1,1,-1,1,-1,-1,-1,-1,1,1,-1,-1,-1,1,-1,1,1,1,-1,-1,1,-1,-1,-1,1,1,1,-1,1,-1,-1,1,-1,-1,1,1,1,1,1,1,-1,-1,-1,-1,1,1,1,-1,-1,1,1,-1,1,1,1,1,1,-1,1,-1,-1,1,1,-1,1,-1,1,-1,1,-1,1,1,-1,1,-1,1,1,-1,1,-1,1,1,-1,1,1,-1,1,1,1,1,1,-1,-1,-1,-1,1,1,1,-1,-1,-1,1,-1,1,1,1,-1,-1,1,-1,1,-1,1,1,1,-1,-1,1,-1,1,1,-1,-1,1,1,1,1,1,-1,-1,-1,1,1,-1,1,-1,1,1,1,1,1,1,1,1,-1,1,1,1,1,-1,1,-1,1,-1,-1,1,1,1,-1,1,-1,-1,1,-1,1,1,1,1,-1,-1,1,1,1,1,-1,1,-1,-1,1,-1,1,1,-1,-1,-1,-301.49244265413154,1
349,1,1,-1,-1,1,-1,-1,1,-1,-1,-1,-1,-1,1,1,-1,1,-1,1,-1,-1,1,1,1,-1,-1,-1,-1,-1,1,1,1,1,-1,1,1,-1,-1,1,1,1,-1,-1,-1,-1,-1,1,1,1,-1,-1,1,-1,-1,-1,1,1,1,-1,1,-1,-1,1,-1,-1,1,1,1,1,1,1,-1,-1,-1,-1,1,1,1,-1,-1,1,1,-1,1,1,1,-1,1,-1,1,-1,1,1,1,1,1,-1,1,-1,1,-1,-1,1,-1,1,-1,1,-1,-1,1,-1,1,1,-1,1,1,-1,1,1,1,1,1,-1,-1,-1,-1,1,1,1,-1,-1,-1,1,-1,1,1,1,-1,-1,1,-1,1,-1,1,1,1,-1,-1,1,1,1,1,-1,-1,1,-1,1,1,1,-1,-1,1,1,1,-1,1,-1,1,1,1,1,1,1,1,1,-1,1,1,1,1,-1,1,-1,1,-1,1,1,1,-1,1,1,-1,-1,1,-1,1,1,-1,1,-1,-1,1,1,1,1,-1,1,-1,-1,1,-1,-1,1,-1,1,1,-301.4912525771712,1
350,-1,1,-1,1,1,-1,1,1,-1,1,-1,-1,1,-1,-1,1,1,1,-1,1,1,-1,-1,-1,1,1,-1,1,1,1,-1,-1,1,1,-1,-1,1,1,-1,-1,1,-1,1,1,-1,1,1,-1,-1,1,1,-1,1,1,1,-1,-1,-1,1,-1,1,1,-1,1,1,-1,-1,-1,-1,-1,-1,1,1,1,1,-1,-1,-1,-1,1,-1,1,1,-1,1,-1,-1,1,1,-1,1,-1,-1,-1,-1,-1,1,1,1,-1,-1,-1,-1,1,-1,-1,1,-1,1,-1,1,-1,-1,1,-1,-1,1,-1,1,1,-1,-1,1,1,1,1,-1,-1,1,1,1,-1,-1,1,-1,-1,-1,1,1,-1,1,-1,1,1,-1,-1,1,1,-1,-1,-1,-1,1,1,-1,-1,-1,-1,-1,-1,-1,-1,1,-1,1,1,1,-1,1,-1,-1,1,-1,-1,1,1,-1,1,1,1,1,-1,1,-1,1,1,1,-1,-1,1,-1,1,-1,-1,1,-1,-1,-1,-1,1,1,-1,-1,-1,1,-1,-1,-1,1,-1,-1,1,-1,-1,1,1,-301.4883159663146,1
351,1,1,-1,-1,1,-1,-1,1,-1,-1,-1,-1,-1,1,1,-1,1,-1,1,-1,-1,1,1,1,-1,-1,-1,-1,-1,1,1,1,1,-1,1,1,-1,-1,1,1,1,-1,-1,-1,-1,-1,1,1,1,-1,-1,1,-1,-1,-1,1,1,1,-1,1,-1,-1,1,-1,-1,1,1,1,1,1,1,-1,-1,-1,-1,1,1,1,-1,-1,1,1,-1,1,1,1,-1,1,-1,1,-1,1,1,1,1,1,-1,1,-1,1,-1,-1,1,-1,1,-1,1,-1,-1,1,-1,1,-1,-1,1,1,-1,1,1,1,1,1,-1,-1,-1,-1,1,1,1,-1,-1,-1,1,-1,1,1,1,-1,-1,1,-1,1,-1,1,1,1,-1,-1,1,1,1,1,-1,-1,1,-1,1,1,1,-1,-1,1,1,1,-1,1,-1,1,1,1,1,1,1,1,1,-1,1,1,1,1,-1,1,-1,1,-1,1,1,1,-1,1,1,-1,-1,1,-1,1,1,-1,1,-1,-1,1,1,1,1,-1,1,-1,-1,1,-1,-1,1,-1,1,1,-301.4823539992862,1
352,-1,-1,1,1,-1,1,1,-1,1,1,1,1,1,-1,-1,1,-1,1,-1,1,1,-1,-1,-1,1,1,1,1,1,-1,-1,-1,-1,1,-1,-1,1,1,-1,-1,-1,1,1,1,1,1,-1,-1,-1,1,1,-1,1,1,1,-1,-1,-1,1,-1,1,1,-1,1,1,-1,-1,-1,-1,-1,-1,1,1,1,1,-1,-1,-1,1,1,-1,-1,1,-1,-1,-1,1,-1,1,-1,1,-1,-1,-1,-1,-1,1,-1,1,-1,1,1,-1,1,-1,1,-1,1,1,-1,1,-1,1,1,-1,-1,1,-1,-1,-1,-1,-1,1,1,1,1,-1,-1,-1,1,1,1,-1,1,-1,-1,-1,1,1,-1,1,-1,1,-1,-1,-1,1,1,-1,-1,-1,-1,1,1,-1,1,-1,-1,-1,1,1,-1,-1,-1,1,-1,1,-1,-1,-1,-1,-1,-1,-1,-1,1,-1,-1,-1,-1,1,-1,1,-1,1,-1,-1,-1,1,-1,-1,1,1,-1,1,-1,-1,1,-1,1,1,-1,-1,-1,-1,1,-1,1,1,-1,1,1,-1,1,-1,-1,-301.4823539992862,1
353,1,1,1,-1,1,-1,-1,1,-1,-1,-1,-1,-1,1,1,-1,1,-1,1,-1,-1,1,1,1,-1,-1,-1,-1,-1,1,1,1,1,-1,1,1,-1,-1,1,1,1,-1,-1,-1,-1,-1,1,1,1,-1,-1,1,-1,-1,-1,1,1,1,-1,1,-1,-1,1,-1,-1,1,1,1,1,1,1,-1,-1,-1,-1,1,1,1,-1,-1,1,1,-1,1,1,1,1,1,-1,1,-1,1,1,1,1,1,-1,1,-1,1,-1,1,1,-1,1,-1,1,1,-1,1,-1,1,1,-1,1,1,-1,1,1,1,1,1,-1,-1,-1,-1,1,1,1,-1,-1,-1,1,-1,1,1,1,-1,-1,1,-1,1,-1,1,1,1,-1,-1,1,1,1,1,-1,-1,1,-1,1,1,1,-1,-1,1,1,1,-1,1,-1,1,1,1,1,1,1,1,1,-1,1,1,1,1,-1,1,-1,1,-1,-1,1,1,1,1,1,-1,-1,1,-1,1,1,1,1,-1,-1,1,1,1,1,-1,1,-1,-1,1,1,-1,1,-1,1,-1,-301.4709541149764,2
354,1,1,1,-1,1,-1,-1,1,-1,-1,-1,-1,-1,1,1,-1,1,-1,1,-1,-1,1,1,1,-1,-1,-1,-1,-1,1,1,1,1,-1,1,1,-1,-1,1,1,1,-1,-1,-1,-1,-1,1,1,1,-1,-1,1,-1,-1,-1,1,1,1,-1,1,-1,-1,1,-1,-1,1,1,1,1,1,1,-1,-1,-1,-1,1,1,1,-1,-1,1,1,-1,1,1,1,1,1,-1,1,-1,1,1,1,1,1,-1,1,-1,1,-1,1,1,-1,1,-1,1,1,-1,1,-1,1,1,-1,1,1,-1,1,1,1,1,1,-1,-1,-1,-1,1,1,1,-1,-1,-1,1,-1,1,1,1,-1,-1,1,-1,1,-1,1,1,1,-1,-1,1,1,1,1,-1,-1,1,-1,1,1,1,-1,-1,-1,1,1,-1,1,-1,1,1,1,1,1,1,1,1,-1,1,1,1,1,-1,1,-1,1,-1,-1,1,1,1,1,1,-1,-1,1,-1,1,1,1,1,-1,-1,1,1,1,1,-1,1,-1,-1,1,1,-1,1,-1,1,1,-301.47089002517356,2
355,1,1,-1,-1,1,-1,-1,1,-1,-1,-1,-1,-1,1,1,-1,1,-1,1,-1,-1,1,1,1,-1,-1,-1,-1,-1,1,1,1,1,-1,1,1,-1,-1,1,1,1,1,-1,-1,-1,-1,1,1,1,-1,-1,1,-1,-1,-1,1,1,1,-1,1,-1,-1,1,-1,-1,1,1,1,1,1,1,-1,-1,-1,-1,1,1,1,-1,-1,1,1,-1,1,1,1,1,-1,-1,1,-1,1,1,1,1,1,-1,1,-1,1,-1,1,1,-1,1,-1,1,1,-1,1,-1,1,-1,-1,1,1,-1,1,1,1,1,1,-1,-1,-1,-1,1,1,1,-1,-1,-1,1,-1,1,1,1,-1,-1,1,-1,1,-1,1,1,1,-1,-1,1,1,1,1,-1,-1,1,-1,1,1,1,-1,-1,-1,1,1,-1,1,-1,1,1,1,1,1,1,1,1,-1,1,1,1,1,-1,1,-1,1,-1,-1,1,1,1,1,1,-1,-1,1,-1,1,1,1,1,-1,-1,1,1,1,1,1,1,-1,-1,1,-1,-1,1,-1,1,-1,-301.4696967491454,1
356,1,1,-1,-1,1,-1,-1,1,-1,-1,-1,-1,-1,1,1,-1,1,-1,1,-1,-1,1,1,1,-1,-1,-1,-1,-1,1,1,1,1,-1,1,1,-1,-1,1,1,1,1,-1,-1,-1,-1,1,1,1,-1,-1,1,-1,-1,-1,1,1,1,-1,1,-1,-1,1,-1,-1,1,1,1,1,1,1,-1,-1,-1,-1,1,1,1,-1,-1,-1,1,-1,1,1,1,-1,1,-1,1,-1,1,1,1,1,1,-1,1,-1,1,-1,-1,1,-1,1,-1,1,-1,-1,1,-1,1,-1,-1,1,1,-1,1,1,1,1,1,-1,-1,-1,-1,1,1,1,-1,-1,-1,1,-1,1,1,1,-1,-1,1,-1,1,-1,1,1,1,-1,-1,1,1,1,1,-1,-1,1,-1,1,1,1,-1,-1,-1,1,1,-1,1,-1,1,1,1,1,1,1,1,1,-1,1,1,1,1,-1,1,-1,1,-1,1,1,1,-1,1,-1,-1,-1,1,-1,1,1,-1,1,-1,-1,1,1,1,1,1,1,-1,-1,1,-1,-1,1,-1,1,-1,-301.46772982816276,1
357,-1,-1,1,1,-1,1,1,-1,1,1,1,1,1,-1,-1,1,-1,1,-1,1,1,-1,-1,-1,1,1,1,1,1,-1,-1,-1,-1,1,-1,-1,1,1,-1,-1,-1,-1,1,1,1,1,-1,-1,-1,1,1,-1,1,1,1,-1,-1,-1,1,-1,1,1,-1,1,1,-1,-1,-1,-1,-1,-1,1,1,1,1,-1,-1,-1,1,1,1,-1,1,-1,-1,-1,1,-1,1,-1,1,-1,-1,-1,-1,-1,1,-1,1,-1,1,1,-1,1,-1,1,-1,1,1,-1,1,-1,1,1,-1,-1,1,-1,-1,-1,-1,-1,1,1,1,1,-1,-1,-1,1,1,1,-1,1,-1,-1,-1,1,1,-1,1,-1,1,-1,-1,-1,1,1,-1,-1,-1,-1,1,1,-1,1,-1,-1,-1,1,1,1,-1,-1,1,-1,1,-1,-1,-1,-1,-1,-1,-1,-1,1,-1,-1,-1,-1,1,-1,1,-1,1,-1,-1,-1,1,-1,1,1,1,-1,1,-1,-1,1,-1,1,1,-1,-1,-1,-1,-1,-1,1,1,-1,1,1,-1,1,-1,1,-301.46772982816276,1
358,-1,-1,1,1,-1,1,1,-1,1,1,1,1,1,-1,-1,1,-1,1,-1,1,1,-1,-1,-1,1,1,1,1,1,-1,-1,-1,-1,1,-1,-1,1,1,-1,-1,-1,1,1,1,1,1,-1,-1,-1,1,1,-1,1,1,1,-1,-1,-1,1,-1,1,1,-1,1,1,-1,-1,-1,-1,-1,-1,1,1,1,1,-1,-1,-1,1,1,-1,-1,1,-1,-1,-1,1,1,1,-1,1,-1,-1,-1,-1,-1,1,-1,1,-1,1,1,-1,1,-1,1,-1,1,1,-1,1,-1,1,1,-1,-1,1,-1,-1,-1,-1,-1,1,1,1,1,-1,-1,-1,1,1,1,-1,1,-1,-1,-1,1,1,-1,1,-1,1,-1,-1,-1,1,1,-1,-1,-1,-1,1,1,-1,1,-1,-1,-1,1,1,1,-1,-1,1,-1,1,-1,-1,-1,-1,-1,-1,-1,-1,1,-1,-1,-1,-1,1,-1,1,-1,1,-1,-1,-1,1,-1,1,1,1,-1,1,-1,-1,1,-1,1,1,-1,-1,-1,-1,1,-1,1,1,-1,1,1,-1,1,-1,1,-301.467098642736,1
359,-1,-1,1,1,-1,1,1,-1,1,1,1,1,1,-1,-1,1,-1,1,-1,1,1,-1,-1,-1,1,1,1,1,1,-1,-1,-1,-1,1,-1,-1,1,1,-1,-1,-1,1,1,1,1,1,-1,-1,-1,1,1,-1,1,1,1,-1,-1,-1,1,-1,1,1,-1,1,1,-1,-1,-1,-1,-1,-1,1,1,1,1,-1,-1,-1,1,1,1,-1,1,-1,-1,-1,1,1,1,-1,1,-1,-1,-1,-1,-1,1,-1,1,-1,1,1,-1,1,-1,1,-1,1,1,-1,1,-1,1,1,-1,-1,1,-1,-1,-1,-1,-1,1,1,1,1,-1,-1,-1,1,1,1,-1,1,-1,-1,-1,1,1,-1,1,-1,1,-1,-1,-1,1,1,-1,-1,-1,-1,1,1,-1,1,-1,-1,-1,1,1,-1,-1,-1,1,-1,1,-1,-1,-1,-1,-1,-1,-1,-1,1,-1,-1,-1,-1,1,-1,1,-1,1,-1,-1,-1,1,-1,1,1,1,-1,1,-1,-1,1,-1,1,1,-1,-1,-1,-1,1,-1,1,1,-1,1,1,-1,1,-1,1,-301.4669150849627,2
360,1,1,-1,-1,1,-1,-1,1,-1,-1,-1,-1,-1,1,1,-1,1,-1,1,-1,-1,1,1,1,-1,-1,-1,-1,-1,1,1,1,1,-1,1,1,-1,-1,1,1,1,-1,-1,-1,-1,-1,1,1,1,-1,-1,1,-1,-1,-1,1,1,1,-1,1,-1,-1,1,-1,-1,1,1,1,1,1,1,-1,-1,-1,-1,1,1,1,-1,-1,-1,1,-1,1,1,1,-1,-1,-1,1,-1,1,1,1,1,1,-1,1,-1,1,-1,-1,1,-1,1,-1,1,-1,-1,1,-1,1,-1,-1,1,1,-1,1,1,1,1,1,-1,-1,-1,-1,1,1,1,-1,-1,-1,1,-1,1,1,1,-1,-1,1,-1,1,-1,1,1,1,-1,-1,1,1,1,1,-1,-1,1,-1,1,1,1,-1,-1,1,1,1,-1,1,-1,1,1,1,1,1,1,1,1,-1,1,1,1,1,-1,1,-1,1,-1,1,1,1,-1,1,-1,-1,-1,1,-1,1,1,-1,1,-1,-1,1,1,1,1,-1,1,-1,-1,1,-1,-1,1,-1,1,-1,-301.4669150849627,1
361,1,1,-1,-1,1,-1,-1,1,-1,-1,-1,-1,-1,1,1,-1,1,-1,1,-1,-1,1,1,1,-1,-1,-1,-1,-1,1,1,1,1,-1,1,-1,-1,-1,-1,1,1,-1,-1,-1,1,-1,1,1,1,-1,-1,1,-1,-1,-1,1,1,1,-1,1,-1,-1,1,-1,-1,1,1,1,1,1,1,-1,-1,-1,-1,1,1,1,-1,-1,1,1,-1,1,1,1,-1,1,-1,1,-1,1,1,1,1,1,-1,1,-1,1,-1,-1,1,-1,1,-1,1,-1,-1,1,-1,1,1,-1,1,1,-1,1,1,1,1,1,-1,-1,-1,-1,1,1,1,-1,-1,-1,1,-1,1,1,1,-1,-1,1,-1,1,-1,1,1,1,-1,-1,1,1,1,1,-1,-1,1,-1,1,1,1,-1,-1,1,1,1,-1,1,-1,1,1,1,1,1,1,1,1,-1,1,1,1,1,-1,1,-1,1,-1,1,1,1,-1,-1,1,-1,-1,1,-1,1,1,-1,1,-1,-1,1,1,1,1,-1,1,-1,-1,1,-1,1,1,-1,-1,-1,-301.4648874019169,2
362,-1,-1,1,1,-1,1,1,-1,1,1,1,1,1,-1,-1,1,-1,1,-1,1,1,-1,-1,-1,1,1,1,1,1,-1,-1,-1,-1,1,-1,1,1,1,1,-1,-1,1,1,1,-1,1,-1,-1,-1,1,1,-1,1,1,1,-1,-1,-1,1,-1,1,1,-1,1,1,-1,-1,-1,-1,-1,-1,1,1,1,1,-1,-1,-1,1,1,-1,-1,1,-1,-1,-1,1,-1,1,-1,1,-1,-1,-1,-1,-1,1,-1,1,-1,1,1,-1,1,-1,1,-1,1,1,-1,1,-1,-1,1,-1,-1,1,-1,-1,-1,-1,-1,1,1,1,1,-1,-1,-1,1,1,1,-1,1,-1,-1,-1,1,1,-1,1,-1,1,-1,-1,-1,1,1,-1,-1,-1,-1,1,1,-1,1,-1,-1,-1,1,1,-1,-1,-1,1,-1,1,-1,-1,-1,-1,-1,-1,-1,-1,1,-1,-1,-1,-1,1,-1,1,-1,1,-1,-1,-1,1,1,-1,1,1,-1,1,-1,-1,1,-1,1,1,-1,-1,-1,-1,1,-1,1,1,-1,1,-1,-1,1,1,1,-301.4648874019169,2
363,1,-1,1,-1,-1,1,-1,-1,1,-1,1,1,-1,1,1,-1,-1,-1,1,-1,1,1,1,1,-1,-1,1,-1,-1,-1,1,1,-1,-1,1,1,-1,-1,1,1,-1,1,-1,-1,1,-1,-1,1,1,-1,-1,1,-1,-1,-1,1,1,1,-1,1,-1,-1,1,-1,-1,1,1,1,1,1,1,-1,-1,-1,-1,1,1,1,-1,-1,1,1,-1,1,1,1,1,1,-1,1,-1,1,1,1,1,1,-1,1,-1,1,-1,1,1,-1,1,-1,1,-1,-1,1,-1,1,1,-1,1,1,-1,1,1,1,1,1,-1,-1,-1,-1,1,1,1,-1,-1,-1,1,-1,1,1,1,-1,-1,1,-1,1,-1,1,1,1,-1,-1,1,1,1,1,-1,-1,1,-1,1,1,1,1,1,1,-1,1,-1,-1,-1,1,-1,1,1,-1,1,1,-1,-1,1,-1,-1,-1,-1,1,-1,1,-1,1,-1,1,1,-1,1,-1,1,1,-1,1,1,1,1,-1,-1,1,1,1,-1,1,1,-1,-1,1,1,-1,1,1,-1,1,-301.46332363969606,1
364,-1,1,-1,1,1,-1,1,1,-1,1,-1,-1,1,-1,-1,1,1,1,-1,1,-1,-1,-1,-1,1,1,-1,1,1,1,-1,-1,1,1,-1,-1,1,1,-1,-1,1,-1,1,1,-1,1,1,-1,-1,1,1,-1,1,1,1,-1,-1,-1,1,-1,1,1,-1,1,1,-1,1,-1,-1,-1,-1,1,1,1,1,-1,-1,-1,1,1,-1,-1,1,-1,-1,-1,-1,-1,1,-1,1,-1,-1,-1,-1,-1,1,-1,1,-1,1,-1,-1,1,-1,1,-1,-1,1,-1,1,-1,1,1,-1,-1,1,-1,-1,-1,-1,-1,1,1,1,1,-1,-1,-1,1,1,1,-1,1,-1,-1,-1,1,1,-1,1,-1,1,-1,-1,-1,1,1,-1,-1,-1,-1,1,1,-1,1,-1,-1,-1,-1,-1,-1,1,-1,1,1,1,-1,1,-1,-1,1,-1,-1,1,1,-1,1,1,1,1,-1,1,-1,1,-1,1,-1,-1,1,-1,1,-1,-1,1,-1,-1,-1,-1,1,1,-1,-1,-1,1,-1,-1,1,1,-1,-1,1,-1,-1,1,1,-301.4621758067361,1
365,-1,-1,-1,1,-1,1,1,-1,1,1,1,1,1,-1,-1,1,-1,1,-1,1,1,-1,-1,-1,1,1,1,1,1,-1,-1,-1,-1,1,-1,-1,1,1,-1,-1,-1,1,1,1,1,1,-1,-1,-1,1,1,-1,1,1,1,-1,-1,-1,1,-1,1,1,-1,1,1,-1,-1,-1,-1,-1,-1,1,1,1,1,-1,-1,-1,1,1,-1,-1,1,-1,-1,-1,-1,-1,1,-1,1,-1,-1,-1,-1,-1,1,-1,1,-1,1,-1,-1,1,-1,1,-1,-1,1,-1,1,-1,1,1,-1,-1,1,-1,-1,-1,-1,-1,1,1,1,1,-1,-1,-1,1,1,1,-1,1,-1,-1,-1,1,1,-1,1,-1,1,-1,-1,-1,1,1,-1,-1,-1,-1,1,1,-1,1,-1,-1,-1,1,1,-1,-1,-1,1,-1,1,-1,-1,-1,-1,-1,-1,-1,-1,1,-1,-1,-1,-1,1,-1,1,-1,1,1,-1,-1,-1,-1,-1,1,1,-1,1,-1,-1,-1,-1,1,1,-1,-1,-1,-1,1,-1,1,1,-1,-1,1,-1,1,-1,1,-301.4620555370914,1
366,1,1,1,-1,1,-1,-1,1,-1,-1,-1,-1,-1,1,1,-1,1,-1,1,-1,-1,1,1,1,-1,-1,-1,-1,-1,1,1,1,1,-1,1,1,-1,-1,1,1,1,-1,-1,-1,-1,-1,1,1,1,-1,-1,1,-1,-1,-1,1,1,1,-1,1,-1,-1,1,-1,-1,1,1,1,1,1,1,-1,-1,-1,-1,1,1,1,-1,-1,1,1,-1,1,1,1,1,1,-1,1,-1,1,1,1,1,1,-1,1,-1,1,-1,1,1,-1,1,-1,1,1,-1,1,-1,1,-1,-1,1,1,-1,1,1,1,1,1,-1,-1,-1,-1,1,1,1,-1,-1,-1,1,-1,1,1,1,-1,-1,1,-1,1,-1,1,1,1,-1,-1,1,1,1,1,-1,-1,1,-1,1,1,1,-1,-1,1,1,1,-1,1,-1,1,1,1,1,1,1,1,1,-1,1,1,1,1,-1,1,-1,1,-1,-1,1,1,1,1,1,-1,-1,1,-1,1,1,1,1,-1,-1,1,1,1,1,-1,1,-1,-1,1,1,-1,1,-1,1,-1,-301.4620555370914,1
367,1,1,1,-1,1,-1,-1,1,-1,-1,-1,-1,-1,1,1,-1,1,-1,1,-1,-1,1,1,1,-1,-1,-1,-1,-1,1,1,1,1,-1,1,1,-1,-1,1,1,1,-1,-1,-1,-1,-1,1,1,1,-1,-1,1,-1,-1,-1,1,1,1,-1,1,-1,-1,1,-1,-1,1,1,1,1,1,1,-1,-1,-1,-1,1,1,1,-1,-1,1,1,-1,1,1,1,1,1,-1,1,-1,1,1,1,1,1,-1,1,-1,1,-1,1,1,-1,1,-1,1,1,-1,1,-1,1,-1,-1,1,1,-1,1,1,1,1,1,-1,-1,-1,-1,1,1,1,-1,-1,-1,1,-1,1,1,1,-1,-1,1,-1,1,-1,1,1,1,-1,-1,1,1,1,1,-1,-1,1,-1,1,1,1,-1,-1,-1,1,1,-1,1,-1,1,1,1,1,1,1,1,1,-1,1,1,1,1,-1,1,-1,1,-1,-1,1,1,1,1,1,-1,-1,1,-1,1,1,1,1,-1,-1,1,1,1,1,-1,1,-1,-1,1,1,-1,1,-1,1,1,-301.46199144728854,1
368,1,1,-1,-1,1,-1,-1,1,-1,-1,-1,-1,-1,1,1,-1,1,-1,1,-1,-1,1,1,1,-1,-1,-1,-1,-1,1,1,1,1,-1,1,-1,-1,-1,-1,1,1,-1,-1,-1,1,-1,1,1,1,-1,-1,1,-1,-1,-1,1,1,1,-1,1,-1,-1,1,-1,-1,1,1,1,1,1,1,-1,-1,-1,-1,1,1,1,-1,-1,1,1,-1,1,1,1,-1,1,-1,1,-1,1,1,1,1,1,-1,1,-1,1,-1,-1,1,-1,1,-1,1,-1,-1,1,-1,1,-1,-1,1,1,-1,1,1,1,1,1,-1,-1,-1,-1,1,1,1,-1,-1,-1,1,-1,1,1,1,-1,-1,1,-1,1,-1,1,1,1,-1,-1,1,1,1,1,-1,-1,1,-1,1,1,1,-1,-1,1,1,1,-1,1,-1,1,1,1,1,1,1,1,1,-1,1,1,1,1,-1,1,-1,1,-1,1,1,1,-1,-1,1,-1,-1,1,-1,1,1,-1,1,-1,-1,1,1,1,1,-1,1,-1,-1,1,-1,1,1,-1,-1,-1,-301.4559888240319,2
369,-1,-1,1,1,-1,1,1,-1,1,1,1,1,1,-1,-1,1,-1,1,-1,1,1,-1,-1,-1,1,1,1,1,1,-1,-1,-1,-1,1,-1,1,1,1,1,-1,-1,1,1,1,-1,1,-1,-1,-1,1,1,-1,1,1,1,-1,-1,-1,1,-1,1,1,-1,1,1,-1,-1,-1,-1,-1,-1,1,1,1,1,-1,-1,-1,1,1,-1,-1,1,-1,-1,-1,1,-1,1,-1,1,-1,-1,-1,-1,-1,1,-1,1,-1,1,1,-1,1,-1,1,-1,1,1,-1,1,-1,1,1,-1,-1,1,-1,-1,-1,-1,-1,1,1,1,1,-1,-1,-1,1,1,1,-1,1,-1,-1,-1,1,1,-1,1,-1,1,-1,-1,-1,1,1,-1,-1,-1,-1,1,1,-1,1,-1,-1,-1,1,1,-1,-1,-1,1,-1,1,-1,-1,-1,-1,-1,-1,-1,-1,1,-1,-1,-1,-1,1,-1,1,-1,1,-1,-1,-1,1,1,-1,1,1,-1,1,-1,-1,1,-1,1,1,-1,-1,-1,-1,1,-1,1,1,-1,1,-1,-1,1,1,1,-301.4559888240319,2
370,-1,1,-1,1,1,-1,1,1,-1,1,-1,-1,1,-1,-1,1,1,1,-1,1,1,-1,-1,-1,1,1,-1,1,1,1,-1,-1,1,1,-1,-1,1,1,-1,-1,1,-1,1,1,-1,1,1,-1,-1,1,1,-1,1,1,1,-1,-1,-1,1,-1,1,1,-1,1,1,-1,-1,-1,-1,-1,-1,1,1,1,1,-1,-1,-1,-1,1,-1,1,1,-1,1,-1,-1,1,1,-1,1,-1,-1,-1,-1,-1,1,1,1,-1,-1,-1,-1,1,-1,-1,1,-1,1,-1,1,-1,-1,1,-1,-1,1,-1,1,1,-1,-1,1,1,1,1,-1,-1,1,1,1,-1,-1,1,-1,-1,-1,1,1,-1,1,-1,1,1,-1,-1,1,1,-1,-1,-1,-1,1,1,-1,-1,-1,-1,-1,-1,-1,-1,1,-1,1,1,1,-1,1,-1,-1,1,-1,-1,1,1,-1,1,1,1,1,-1,1,-1,1,1,1,-1,-1,1,-1,1,-1,-1,1,-1,-1,-1,-1,1,1,-1,-1,-1,1,-1,-1,1,1,-1,-1,1,-1,-1,1,-1,-301.4464592637256,1
371,1,1,-1,-1,1,-1,-1,1,-1,-1,-1,-1,-1,1,1,-1,1,-1,1,-1,-1,1,1,1,-1,-1,-1,-1,-1,1,1,1,1,-1,1,1,-1,-1,1,1,1,1,-1,-1,-1,-1,1,1,1,-1,-1,1,-1,-1,-1,1,1,1,-1,1,-1,-1,1,-1,-1,1,1,1,1,1,1,-1,-1,-1,-1,1,1,1,-1,-1,-1,1,-1,1,1,1,-1,1,-1,1,-1,1,1,1,1,1,-1,1,-1,1,-1,-1,1,-1,1,-1,1,-1,-1,1,-1,1,1,-1,1,1,-1,1,1,1,1,1,-1,-1,-1,-1,1,1,1,-1,-1,-1,1,-1,1,1,1,-1,-1,1,-1,1,-1,1,1,1,-1,-1,1,1,1,1,-1,-1,1,-1,1,1,1,-1,-1,-1,1,1,-1,1,-1,1,1,1,1,1,1,1,1,-1,1,1,1,1,-1,1,-1,1,-1,1,1,1,-1,1,-1,-1,-1,1,-1,1,1,-1,-1,1,1,1,1,1,1,-1,1,-1,-1,1,-1,-1,1,-1,1,-1,-301.4368109592446,1
372,-1,-1,1,1,-1,1,1,-1,1,1,1,1,1,-1,-1,1,-1,1,-1,1,1,-1,-1,-1,1,1,1,1,1,-1,-1,-1,-1,1,-1,-1,1,1,-1,-1,-1,-1,1,1,1,1,-1,-1,-1,1,1,-1,1,1,1,-1,-1,-1,1,-1,1,1,-1,1,1,-1,-1,-1,-1,-1,-1,1,1,1,1,-1,-1,-1,1,1,-1,-1,1,-1,-1,-1,-1,-1,1,-1,1,-1,-1,-1,-1,-1,1,-1,1,-1,1,-1,-1,1,-1,1,-1,-1,1,-1,1,-1,-1,1,-1,-1,1,-1,-1,-1,-1,-1,1,1,1,1,-1,-1,-1,1,1,1,-1,1,-1,-1,-1,1,1,-1,1,-1,1,-1,-1,-1,1,1,-1,-1,-1,-1,1,1,-1,1,-1,-1,-1,1,1,-1,-1,-1,1,-1,1,-1,-1,-1,-1,-1,-1,-1,-1,1,-1,-1,-1,-1,1,-1,1,-1,1,1,-1,-1,-1,-1,-1,1,1,-1,1,-1,-1,-1,-1,1,1,-1,-1,-1,-1,1,-1,1,1,-1,1,1,-1,1,-1,1,-301.4335126414799,2
373,-1,-1,1,1,-1,1,1,-1,1,1,1,1,1,-1,-1,1,-1,1,-1,1,1,-1,-1,-1,1,1,1,1,1,-1,-1,-1,-1,1,-1,1,1,1,1,-1,-1,1,1,1,1,1,-1,-1,-1,1,1,-1,1,1,1,-1,-1,-1,1,-1,1,1,-1,1,1,-1,-1,-1,-1,-1,-1,1,1,1,1,-1,-1,-1,1,1,-1,-1,1,-1,1,-1,-1,1,1,-1,1,1,-1,-1,1,-1,1,1,1,-1,-1,-1,-1,1,-1,-1,1,-1,1,-1,1,-1,-1,1,-1,-1,1,-1,1,1,-1,-1,1,1,1,1,-1,-1,1,1,1,-1,-1,1,-1,-1,-1,1,1,-1,1,-1,1,-1,-1,-1,-1,1,-1,1,-1,-1,-1,1,-1,-1,-1,-1,-1,1,1,1,-1,-1,1,-1,1,-1,-1,-1,-1,-1,-1,-1,-1,1,-1,-1,-1,-1,1,-1,1,-1,1,1,-1,-1,-1,1,-1,1,1,-1,1,-1,-1,-1,-1,1,1,-1,-1,-1,-1,1,-1,1,1,-1,1,-1,-1,1,-1,1,-301.4299893620774,1
374,1,1,-1,-1,1,-1,-1,1,-1,-1,-1,-1,-1,1,1,-1,1,-1,1,-1,-1,1,1,1,-1,-1,-1,-1,-1,1,1,1,1,-1,1,1,-1,-1,1,1,1,1,-1,-1,-1,-1,1,1,1,-1,-1,1,-1,-1,-1,1,1,1,-1,1,-1,-1,1,-1,-1,1,1,1,1,1,1,-1,-1,-1,-1,1,1,1,-1,-1,-1,1,-1,1,1,1,-1,1,-1,1,-1,1,1,1,1,1,-1,1,-1,1,-1,-1,1,-1,1,-1,1,-1,-1,1,-1,1,-1,-1,1,1,-1,1,1,1,1,1,-1,-1,-1,-1,1,1,1,-1,-1,-1,1,-1,1,1,1,-1,-1,1,-1,1,-1,1,1,1,-1,-1,1,1,1,1,-1,-1,1,-1,1,1,1,-1,-1,-1,1,1,-1,1,-1,1,1,1,1,1,1,1,1,-1,1,1,1,1,-1,1,-1,1,-1,1,1,1,-1,1,-1,-1,-1,1,-1,1,1,-1,-1,1,1,1,1,1,1,-1,1,-1,-1,1,-1,-1,1,-1,1,-1,-301.42791238135965,2
375,1,-1,1,-1,-1,1,-1,-1,1,-1,1,1,-1,-1,-1,-1,-1,1,1,-1,-1,1,1,1,-1,-1,1,-1,-1,-1,1,1,-1,-1,1,-1,-1,-1,1,1,-1,1,-1,-1,1,-1,-1,1,1,-1,-1,1,-1,-1,-1,1,1,1,-1,1,-1,-1,1,-1,-1,1,1,1,1,1,-1,-1,-1,-1,-1,1,1,1,-1,-1,1,1,-1,1,-1,1,1,1,-1,1,-1,1,1,-1,1,1,-1,-1,-1,1,1,1,-1,-1,1,-1,-1,1,-1,1,-1,1,1,-1,1,1,1,1,1,1,1,1,-1,-1,-1,-1,1,1,-1,-1,-1,1,1,-1,-1,1,1,-1,-1,1,-1,1,-1,1,1,1,-1,-1,1,1,1,1,-1,-1,1,1,1,1,1,1,1,1,-1,1,-1,-1,-1,1,-1,1,1,-1,1,1,-1,-1,1,-1,-1,-1,-1,1,-1,1,-1,-1,-1,1,1,-1,1,-1,1,1,-1,-1,1,1,1,-1,-1,1,1,1,-1,1,1,1,-1,1,1,-1,1,1,-1,-1,-301.4271676718385,1
376,1,-1,1,-1,-1,1,-1,-1,1,-1,1,1,-1,1,1,-1,-1,-1,1,-1,1,1,1,1,-1,-1,1,-1,-1,-1,1,1,-1,-1,1,1,-1,-1,1,1,-1,1,-1,-1,1,-1,-1,1,1,-1,-1,1,-1,-1,-1,1,1,1,-1,1,-1,-1,1,-1,-1,1,-1,1,1,-1,1,-1,-1,-1,-1,1,1,1,-1,-1,1,1,-1,1,1,1,1,1,-1,1,-1,1,1,-1,1,1,-1,1,-1,1,-1,1,-1,-1,1,-1,1,1,-1,1,-1,1,-1,-1,1,-1,1,1,1,1,1,1,-1,-1,-1,-1,1,1,1,-1,-1,-1,1,-1,1,1,1,-1,-1,1,-1,1,-1,1,1,1,-1,-1,1,1,1,1,-1,-1,1,-1,1,1,1,1,1,1,-1,1,-1,-1,-1,1,-1,1,1,-1,1,1,-1,-1,1,-1,-1,-1,-1,1,-1,1,-1,-1,-1,1,1,-1,1,-1,1,1,-1,1,1,1,1,-1,-1,1,1,1,-1,1,1,-1,-1,1,1,-1,1,1,-1,-1,-301.42514809069445,1
377,-1,-1,1,1,-1,1,1,-1,1,1,1,1,1,-1,-1,1,-1,1,-1,1,1,-1,-1,-1,1,1,1,1,1,-1,-1,-1,-1,1,-1,-1,1,1,-1,-1,-1,-1,1,1,1,1,-1,-1,-1,1,1,-1,1,1,1,-1,-1,-1,1,-1,1,1,-1,1,1,-1,-1,-1,-1,-1,-1,1,1,1,1,-1,-1,-1,1,1,-1,-1,1,-1,-1,-1,-1,-1,1,-1,1,-1,-1,-1,-1,-1,1,-1,1,-1,1,-1,-1,1,-1,1,-1,-1,1,-1,1,-1,1,1,-1,-1,1,-1,-1,-1,-1,-1,1,1,1,1,-1,-1,-1,1,1,1,-1,1,-1,-1,-1,1,1,-1,1,-1,1,-1,-1,-1,1,1,-1,-1,-1,-1,1,1,-1,1,-1,-1,-1,1,1,-1,-1,-1,1,-1,1,-1,-1,-1,-1,-1,-1,-1,-1,1,-1,-1,-1,-1,1,-1,1,-1,1,1,-1,-1,-1,-1,-1,1,1,-1,1,-1,-1,-1,-1,1,1,-1,-1,-1,-1,1,-1,1,1,-1,1,1,-1,1,-1,1,-301.4246140635949,1
378,1,1,-1,-1,1,-1,-1,1,-1,-1,-1,-1,-1,1,1,-1,1,-1,1,-1,-1,1,1,1,-1,-1,-1,-1,-1,1,1,1,1,-1,1,-1,-1,-1,-1,1,1,-1,-1,-1,-1,-1,1,1,1,-1,-1,1,-1,-1,-1,1,1,1,-1,1,-1,-1,1,-1,-1,1,1,1,1,1,1,-1,-1,-1,-1,1,1,1,-1,-1,1,1,-1,1,1,1,-1,1,-1,1,-1,1,1,1,1,1,-1,1,-1,1,-1,-1,1,-1,1,-1,1,-1,-1,1,-1,1,1,-1,1,1,-1,1,1,1,1,1,-1,-1,-1,-1,1,1,1,-1,-1,-1,1,-1,1,1,1,-1,-1,1,-1,1,-1,1,1,1,-1,-1,1,1,1,1,-1,-1,1,-1,1,1,1,-1,-1,-1,1,1,-1,1,-1,1,1,1,1,1,1,1,1,-1,1,1,1,1,-1,1,-1,1,-1,1,1,1,-1,-1,1,-1,-1,1,-1,1,1,-1,1,-1,-1,1,1,1,1,-1,1,-1,-1,1,-1,1,1,-1,1,-1,-301.420089757949,2
379,-1,-1,1,1,-1,1,1,-1,1,1,1,1,1,-1,-1,1,-1,1,-1,1,1,-1,-1,-1,1,1,1,1,1,-1,-1,-1,-1,1,-1,-1,1,1,-1,-1,-1,1,1,1,1,1,-1,-1,-1,1,1,-1,1,1,1,-1,-1,-1,1,-1,1,1,-1,1,1,-1,-1,-1,-1,-1,-1,1,1,1,1,-1,-1,-1,1,1,-1,-1,1,-1,-1,-1,-1,-1,1,-1,1,-1,-1,-1,-1,-1,1,-1,1,-1,1,-1,-1,1,-1,1,-1,-1,1,-1,1,-1,-1,1,-1,-1,1,-1,-1,-1,-1,-1,1,1,1,1,-1,-1,-1,1,1,1,-1,1,-1,-1,-1,1,1,-1,1,-1,1,-1,-1,-1,1,1,-1,-1,-1,-1,1,1,-1,1,-1,-1,-1,1,1,1,-1,-1,1,-1,1,-1,-1,-1,-1,-1,-1,-1,-1,1,-1,-1,-1,-1,1,-1,1,-1,1,1,-1,-1,-1,-1,-1,1,1,-1,1,-1,-1,-1,-1,1,1,-1,-1,-1,-1,1,-1,1,1,-1,-1,1,-1,1,-1,-1,-301.418515271261,2
380,1,-1,1,-1,-1,1,-1,-1,1,-1,1,1,-1,1,1,-1,-1,-1,1,-1,1,1,1,1,-1,-1,1,-1,-1,-1,1,1,-1,-1,1,1,-1,-1,1,1,-1,1,-1,-1,1,-1,-1,1,1,-1,-1,1,-1,-1,-1,1,1,1,-1,1,-1,-1,1,-1,-1,1,1,1,1,1,1,-1,-1,-1,-1,1,1,1,-1,-1,1,-1,-1,1,1,1,1,-1,-1,1,-1,1,1,-1,1,1,1,1,-1,-1,-1,1,1,-1,1,-1,1,1,-1,1,1,1,-1,1,1,1,1,1,1,1,1,1,-1,-1,-1,1,1,1,1,-1,-1,-1,1,-1,1,1,1,-1,-1,1,-1,1,-1,-1,1,1,-1,-1,1,1,1,1,-1,-1,1,-1,1,1,1,1,1,1,-1,1,-1,-1,-1,1,-1,1,1,-1,1,1,-1,-1,1,-1,-1,-1,-1,1,-1,1,-1,-1,-1,1,1,-1,1,-1,1,1,-1,1,1,1,1,-1,-1,1,1,1,-1,1,1,-1,-1,1,1,-1,1,1,-1,-1,-301.41841483021926,1
381,1,-1,1,-1,-1,1,-1,-1,1,-1,1,1,-1,1,1,-1,-1,-1,1,-1,1,1,1,1,-1,-1,1,-1,-1,-1,1,1,-1,-1,1,1,-1,-1,1,1,-1,1,-1,-1,1,-1,-1,1,1,-1,-1,1,-1,-1,-1,1,1,1,-1,1,-1,-1,1,-1,-1,1,-1,-1,1,1,-1,-1,-1,-1,-1,1,1,1,-1,-1,1,1,-1,1,-1,1,1,1,-1,1,-1,1,1,-1,1,1,-1,-1,-1,1,1,1,-1,-1,1,-1,-1,1,-1,1,-1,1,1,-1,1,1,1,1,1,1,1,1,-1,-1,-1,-1,1,1,-1,-1,-1,1,1,-1,-1,1,1,-1,-1,1,-1,1,-1,1,1,1,-1,-1,1,1,1,1,-1,-1,1,1,1,1,1,1,1,1,-1,1,-1,-1,-1,1,-1,1,1,-1,1,1,-1,-1,1,-1,-1,-1,-1,1,-1,1,-1,-1,-1,1,1,-1,1,-1,1,1,-1,1,1,1,1,-1,-1,1,1,1,-1,1,1,-1,-1,1,1,-1,1,1,-1,1,-301.4121447020614,1
382,1,-1,1,-1,-1,1,-1,-1,1,-1,1,1,-1,1,1,-1,-1,1,1,-1,1,1,1,1,-1,-1,1,-1,-1,-1,1,1,-1,-1,1,1,-1,-1,1,1,-1,1,-1,-1,1,-1,-1,1,1,-1,-1,1,-1,-1,-1,1,1,1,-1,1,-1,-1,1,-1,-1,1,-1,-1,1,1,-1,-1,-1,-1,-1,1,1,1,-1,-1,1,1,-1,1,-1,1,1,-1,-1,1,-1,1,1,-1,1,1,-1,-1,-1,1,1,1,-1,-1,1,-1,-1,1,-1,1,-1,1,-1,-1,1,1,1,1,1,1,1,1,-1,-1,-1,-1,1,1,-1,-1,-1,1,1,-1,-1,1,1,-1,-1,1,-1,1,-1,1,1,1,-1,-1,1,1,1,1,-1,-1,1,1,1,1,1,1,1,1,-1,1,-1,-1,-1,1,-1,1,1,-1,1,1,-1,-1,1,-1,-1,-1,-1,1,-1,1,-1,-1,-1,1,1,-1,1,-1,1,1,-1,1,1,1,1,-1,-1,1,1,1,-1,1,1,-1,-1,1,1,-1,1,1,-1,1,-301.41129484540227,1
383,-1,1,-1,1,1,-1,1,1,-1,1,-1,-1,1,-1,-1,1,1,1,-1,1,1,-1,-1,-1,1,1,-1,1,1,1,-1,-1,1,1,-1,-1,1,1,-1,-1,1,-1,1,1,-1,1,1,-1,-1,1,1,-1,1,1,1,-1,-1,-1,1,-1,1,1,-1,1,1,-1,-1,-1,-1,-1,-1,1,1,1,1,-1,-1,-1,-1,1,-1,1,1,-1,-1,-1,-1,1,1,-1,1,-1,-1,-1,-1,-1,-1,1,1,-1,-1,-1,-1,1,-1,-1,1,-1,1,-1,1,-1,1,-1,-1,-1,1,-1,-1,1,-1,-1,-1,1,1,-1,-1,-1,1,1,1,-1,-1,1,-1,-1,-1,1,1,-1,1,-1,1,1,-1,-1,1,1,-1,-1,-1,-1,1,1,-1,-1,-1,-1,-1,-1,-1,-1,1,-1,1,1,1,-1,1,-1,-1,1,-1,-1,1,1,-1,1,1,1,1,-1,1,-1,1,1,1,-1,-1,1,-1,1,-1,-1,1,-1,-1,-1,-1,1,1,-1,-1,-1,1,-1,-1,1,1,-1,-1,1,-1,-1,1,1,-301.4112814057328,1
384,1,1,-1,-1,1,-1,-1,1,-1,-1,-1,-1,-1,1,1,-1,1,-1,1,-1,-1,1,1,1,-1,-1,-1,-1,-1,1,1,1,1,-1,1,-1,-1,-1,-1,1,1,-1,-1,-1,-1,-1,1,1,1,-1,-1,1,-1,-1,-1,1,1,1,-1,1,-1,-1,1,-1,-1,1,1,1,1,1,1,-1,-1,-1,-1,1,1,1,-1,-1,1,1,-1,1,1,1,-1,1,-1,1,-1,1,1,1,1,1,-1,1,-1,1,-1,-1,1,-1,1,-1,1,-1,-1,1,-1,1,-1,-1,1,1,-1,1,1,1,1,1,-1,-1,-1,-1,1,1,1,-1,-1,-1,1,-1,1,1,1,-1,-1,1,-1,1,-1,1,1,1,-1,-1,1,1,1,1,-1,-1,1,-1,1,1,1,-1,-1,-1,1,1,-1,1,-1,1,1,1,1,1,1,1,1,-1,1,1,1,1,-1,1,-1,1,-1,1,1,1,-1,-1,1,-1,-1,1,-1,1,1,-1,1,-1,-1,1,1,1,1,-1,1,-1,-1,1,-1,1,1,-1,1,-1,-301.41119118006395,2
385,-1,1,-1,1,1,-1,1,1,-1,1,-1,-1,1,-1,-1,1,1,1,-1,1,-1,-1,-1,-1,1,1,-1,1,1,1,-1,-1,1,1,-1,-1,1,1,-1,-1,1,-1,1,1,-1,1,1,-1,-1,1,1,-1,1,1,1,-1,-1,-1,1,-1,1,1,-1,1,1,-1,-1,-1,-1,-1,-1,1,1,1,1,-1,-1,-1,-1,1,-1,1,1,-1,-1,-1,-1,1,1,-1,1,-1,-1,-1,-1,-1,-1,-1,1,1,1,-1,-1,1,-1,-1,1,-1,1,-1,-1,-1,1,-1,-1,-1,1,-1,-1,1,-1,-1,-1,1,1,-1,-1,-1,1,1,1,1,-1,1,-1,-1,-1,1,1,-1,1,-1,1,1,-1,-1,1,1,-1,-1,-1,-1,1,1,-1,-1,-1,-1,-1,-1,-1,-1,1,-1,1,1,1,-1,1,-1,-1,-1,-1,-1,1,1,-1,1,1,1,1,-1,1,-1,1,1,1,-1,-1,1,-1,1,-1,-1,1,-1,-1,-1,-1,1,1,-1,-1,-1,1,-1,-1,1,1,-1,-1,1,-1,-1,1,-1,-301.4104366877691,1
386,-1,1,-1,1,1,-1,1,1,-1,1,-1,-1,1,-1,-1,1,1,1,-1,1,-1,-1,-1,-1,1,1,-1,1,1,1,-1,-1,1,1,-1,-1,1,1,-1,-1,1,-1,1,1,-1,1,1,-1,-1,1,1,-1,1,1,1,-1,-1,-1,1,-1,1,1,-1,1,1,-1,-1,-1,-1,-1,-1,1,1,1,1,-1,-1,-1,-1,1,-1,1,1,-1,1,-1,-1,1,1,-1,1,-1,-1,-1,-1,-1,1,1,1,-1,-1,-1,-1,1,-1,-1,1,-1,1,-1,1,-1,-1,1,-1,-1,1,-1,1,1,-1,-1,1,1,1,-1,-1,-1,1,1,1,-1,-1,1,-1,-1,-1,1,1,-1,1,-1,1,1,-1,-1,1,1,-1,-1,-1,-1,1,1,-1,-1,-1,-1,-1,-1,-1,-1,1,-1,1,1,1,-1,1,-1,-1,1,-1,-1,1,1,-1,1,1,1,1,-1,1,-1,1,1,1,-1,-1,1,-1,1,-1,-1,1,-1,-1,-1,-1,1,1,-1,-1,-1,1,-1,-1,1,1,-1,-1,1,-1,-1,1,1,-301.4089601385327,2
387,-1,-1,1,1,-1,1,1,-1,1,1,1,1,1,-1,-1,1,-1,1,-1,1,1,-1,-1,-1,1,1,1,1,1,-1,-1,-1,-1,1,-1,1,1,1,1,-1,-1,1,1,1,1,1,-1,-1,-1,1,1,-1,1,1,1,-1,-1,-1,1,-1,1,1,-1,1,1,-1,1,-1,-1,-1,-1,1,1,1,1,-1,-1,-1,1,1,-1,-1,1,-1,-1,-1,-1,1,1,-1,-1,1,-1,-1,1,-1,-1,-1,1,1,1,-1,-1,1,-1,-1,1,-1,1,-1,-1,-1,1,-1,-1,-1,1,-1,-1,1,-1,-1,-1,1,1,-1,-1,-1,-1,1,1,1,-1,1,-1,-1,-1,1,1,-1,1,-1,1,-1,-1,-1,-1,1,-1,1,-1,-1,1,1,-1,-1,-1,-1,-1,1,1,1,-1,-1,1,-1,1,-1,-1,-1,-1,-1,-1,-1,-1,1,-1,-1,-1,-1,1,-1,1,-1,1,1,-1,-1,-1,1,-1,1,1,-1,1,-1,-1,-1,-1,1,1,-1,-1,-1,-1,1,-1,1,1,-1,1,-1,-1,1,-1,1,-301.40612705186146,1
388,-1,-1,-1,1,-1,1,1,-1,1,1,1,1,1,-1,-1,1,-1,1,-1,1,1,-1,-1,-1,1,1,1,1,1,-1,-1,-1,-1,1,-1,-1,1,1,-1,-1,-1,1,1,1,1,1,-1,-1,-1,1,1,-1,1,1,1,-1,-1,-1,1,-1,1,1,-1,1,1,-1,-1,-1,-1,-1,-1,1,1,1,1,-1,-1,-1,1,1,1,-1,1,-1,-1,-1,1,-1,1,-1,1,-1,-1,-1,-1,-1,1,-1,1,-1,1,1,-1,1,-1,1,-1,1,1,-1,1,-1,-1,1,-1,-1,1,-1,-1,-1,-1,-1,1,1,1,1,-1,-1,-1,1,1,1,-1,1,-1,-1,-1,1,1,-1,1,-1,1,-1,-1,-1,1,1,-1,-1,-1,-1,1,1,-1,1,-1,-1,-1,1,1,1,-1,-1,1,-1,1,-1,-1,-1,-1,-1,-1,-1,-1,1,-1,-1,-1,-1,1,-1,1,-1,1,-1,-1,-1,1,-1,1,1,1,-1,1,-1,-1,1,-1,1,1,-1,-1,-1,1,1,-1,1,1,-1,-1,1,-1,1,-1,1,-301.4027476588127,2
389,-1,1,-1,1,1,-1,1,1,-1,1,-1,-1,1,-1,-1,1,1,1,-1,1,1,-1,-1,-1,1,1,-1,1,1,1,-1,-1,1,1,-1,-1,1,1,-1,-1,1,-1,1,1,-1,1,1,-1,-1,1,1,-1,1,1,1,-1,-1,-1,1,-1,1,1,-1,1,1,-1,-1,-1,-1,-1,1,1,1,1,1,-1,-1,-1,1,1,-1,-1,1,-1,1,-1,-1,-1,1,-1,1,-1,-1,1,-1,-1,1,1,1,-1,-1,-1,1,1,-1,1,1,-1,1,-1,1,-1,-1,1,-1,-1,-1,-1,-1,-1,-1,-1,1,1,1,1,-1,-1,1,1,1,-1,-1,1,1,-1,-1,1,1,-1,1,-1,1,-1,-1,-1,1,1,-1,-1,-1,-1,1,1,-1,-1,-1,-1,-1,-1,-1,-1,1,-1,1,1,1,-1,1,-1,-1,1,-1,-1,1,1,-1,1,1,1,1,-1,1,-1,1,1,1,-1,-1,1,-1,1,-1,-1,1,-1,-1,-1,-1,1,1,-1,-1,-1,1,-1,-1,1,1,-1,-1,1,-1,-1,1,1,-301.4013543220608,1
390,-1,1,-1,1,1,-1,1,1,-1,1,-1,-1,1,-1,-1,1,1,-1,-1,1,1,-1,-1,-1,1,1,-1,1,1,1,-1,-1,1,1,-1,-1,1,1,-1,-1,1,-1,1,1,-1,1,1,-1,-1,1,1,-1,1,1,1,-1,-1,-1,1,-1,1,1,-1,1,1,-1,-1,-1,-1,-1,-1,1,1,1,1,-1,-1,-1,-1,1,-1,1,1,-1,1,-1,-1,1,1,-1,1,-1,-1,-1,-1,-1,1,1,1,-1,-1,-1,-1,1,-1,-1,1,-1,1,-1,1,-1,-1,1,-1,-1,1,-1,1,1,-1,-1,1,1,1,1,-1,-1,1,1,1,-1,-1,1,-1,-1,-1,1,1,-1,1,-1,1,1,-1,-1,1,1,-1,-1,-1,-1,1,1,-1,-1,-1,-1,-1,-1,-1,-1,1,-1,1,1,1,-1,1,-1,-1,1,-1,-1,1,1,-1,1,1,1,1,-1,1,-1,1,1,1,-1,-1,1,-1,1,-1,-1,1,-1,-1,-1,-1,1,1,-1,-1,-1,1,-1,-1,-1,1,-1,-1,1,-1,-1,1,1,-301.40068716126376,1
391,-1,-1,1,1,-1,1,1,-1,1,1,1,1,1,-1,-1,1,-1,1,-1,1,1,-1,-1,-1,1,1,1,1,1,-1,-1,-1,-1,1,-1,-1,1,1,-1,-1,-1,-1,1,1,1,1,-1,-1,-1,1,1,-1,1,1,1,-1,-1,-1,1,-1,1,1,-1,1,1,-1,-1,-1,-1,-1,-1,1,1,1,1,-1,-1,-1,1,1,-1,-1,1,-1,-1,-1,-1,1,1,-1,-1,1,-1,-1,1,-1,-1,-1,1,1,1,-1,-1,1,-1,-1,1,-1,1,-1,-1,-1,1,-1,-1,-1,1,-1,-1,1,-1,-1,-1,1,1,-1,-1,-1,-1,1,1,1,-1,1,-1,-1,-1,1,1,-1,1,-1,1,-1,-1,-1,-1,1,-1,1,-1,-1,1,1,-1,-1,-1,-1,-1,1,1,1,-1,-1,1,-1,1,-1,-1,-1,-1,-1,-1,-1,-1,1,-1,-1,-1,-1,1,-1,1,-1,1,1,-1,-1,-1,-1,-1,1,1,-1,1,-1,-1,-1,-1,1,1,-1,-1,-1,-1,1,-1,1,1,-1,1,1,-1,1,-1,-1,-301.39964612443106,1
392,-1,-1,1,1,-1,1,1,-1,1,1,1,1,1,-1,-1,1,-1,1,-1,1,1,-1,-1,-1,1,1,1,1,1,-1,-1,-1,-1,1,-1,-1,1,1,-1,-1,-1,1,1,1,1,1,-1,-1,-1,1,1,-1,1,1,1,-1,-1,-1,1,-1,1,1,-1,1,1,-1,-1,-1,-1,-1,-1,1,1,1,1,-1,-1,-1,-1,1,-1,1,1,-1,-1,-1,-1,1,1,-1,1,-1,-1,-1,-1,-1,-1,-1,1,1,1,-1,-1,1,-1,-1,1,-1,1,-1,-1,-1,1,-1,-1,-1,1,-1,-1,1,-1,-1,-1,1,1,-1,-1,-1,1,1,1,-1,-1,1,-1,-1,-1,1,1,-1,1,-1,1,1,-1,-1,1,1,-1,-1,-1,-1,1,1,-1,-1,-1,-1,-1,1,1,-1,-1,-1,1,-1,1,-1,-1,-1,-1,-1,-1,-1,-1,1,-1,-1,-1,-1,1,-1,1,-1,1,1,-1,-1,-1,-1,-1,1,1,-1,1,-1,-1,-1,-1,1,1,-1,-1,-1,-1,1,-1,1,1,-1,1,1,-1,1,-1,1,-301.39858056130447,2
393,-1,1,-1,1,1,-1,1,1,-1,1,-1,-1,1,-1,-1,1,1,1,-1,1,-1,-1,-1,-1,1,1,-1,1,1,1,-1,-1,1,1,-1,-1,1,1,-1,-1,1,-1,1,1,-1,1,1,-1,-1,1,1,-1,1,1,1,-1,-1,-1,1,-1,1,1,-1,1,1,-1,-1,-1,-1,-1,-1,1,1,1,1,-1,-1,-1,-1,1,-1,1,1,-1,1,-1,-1,1,1,-1,1,-1,-1,-1,-1,-1,1,1,1,-1,-1,-1,-1,1,-1,-1,1,-1,1,-1,1,-1,1,1,-1,-1,1,-1,1,1,-1,-1,1,1,1,1,-1,-1,1,1,1,-1,-1,1,-1,-1,-1,1,1,-1,1,-1,1,1,-1,-1,1,1,-1,-1,-1,-1,1,1,-1,-1,-1,-1,-1,-1,-1,-1,1,-1,1,1,1,-1,1,-1,-1,1,-1,-1,1,1,-1,1,1,1,1,-1,1,-1,1,1,1,-1,-1,1,-1,1,-1,-1,1,-1,-1,-1,-1,1,1,-1,-1,-1,1,-1,-1,1,1,-1,-1,1,-1,-1,1,1,-301.3970697898483,1
394,1,1,1,-1,1,-1,-1,1,-1,-1,-1,-1,-1,1,1,-1,1,-1,1,-1,-1,1,1,1,-1,-1,-1,-1,-1,1,1,1,1,-1,1,1,-1,-1,1,1,1,-1,-1,-1,-1,-1,1,1,1,-1,-1,1,-1,-1,-1,1,1,1,-1,1,-1,-1,1,-1,-1,1,1,1,1,1,1,-1,-1,-1,-1,1,1,1,-1,-1,-1,1,-1,1,1,1,-1,1,-1,1,-1,1,1,1,1,1,-1,1,-1,1,-1,-1,1,-1,1,-1,1,-1,-1,1,-1,1,-1,-1,1,1,-1,1,1,1,1,1,-1,-1,-1,-1,1,1,1,-1,-1,-1,1,-1,1,1,1,-1,-1,1,-1,1,-1,1,1,1,-1,-1,1,1,1,1,-1,-1,1,-1,1,1,1,-1,-1,-1,1,1,-1,1,-1,1,1,1,1,1,1,1,1,-1,1,1,1,1,-1,1,-1,1,-1,1,1,1,-1,1,-1,-1,-1,1,-1,1,1,-1,1,-1,-1,1,1,1,-1,-1,1,-1,-1,1,1,-1,1,-1,1,-1,-301.3938490809277,3
395,-1,1,-1,1,1,-1,1,1,-1,1,-1,-1,1,-1,-1,1,1,1,-1,1,-1,-1,-1,-1,1,1,-1,1,1,1,-1,-1,1,1,-1,-1,1,1,-1,-1,1,-1,1,1,-1,1,1,-1,-1,1,1,-1,1,1,1,-1,-1,-1,1,-1,1,1,-1,1,1,-1,1,1,-1,-1,-1,1,1,1,1,-1,-1,-1,1,1,-1,-1,1,-1,1,-1,-1,1,1,-1,1,-1,-1,1,-1,-1,1,1,1,-1,-1,-1,1,1,-1,1,1,-1,1,-1,1,-1,1,1,-1,-1,-1,-1,-1,-1,-1,-1,1,1,1,1,-1,-1,1,1,1,-1,-1,1,1,-1,-1,1,1,-1,1,-1,1,-1,-1,-1,1,1,-1,-1,-1,-1,1,1,-1,-1,-1,-1,-1,-1,-1,-1,1,-1,1,1,1,-1,1,-1,-1,1,-1,-1,1,1,-1,1,1,1,1,-1,1,-1,1,1,1,-1,-1,1,-1,1,-1,-1,1,-1,-1,-1,-1,1,1,-1,-1,-1,1,-1,-1,1,1,-1,-1,1,-1,-1,1,1,-301.3932731458214,1
396,-1,-1,1,1,-1,1,1,-1,1,1,1,1,1,-1,-1,1,-1,1,-1,1,1,-1,-1,-1,1,1,1,1,1,-1,-1,-1,-1,1,-1,-1,1,1,-1,-1,-1,-1,1,1,1,1,-1,-1,-1,1,1,-1,1,1,1,-1,-1,-1,1,-1,1,1,-1,1,1,-1,-1,-1,-1,-1,-1,1,1,1,1,-1,-1,-1,1,1,-1,-1,1,-1,-1,-1,-1,1,1,-1,1,-1,-1,-1,-1,-1,1,-1,1,-1,1,-1,-1,1,-1,1,-1,-1,1,-1,1,-1,1,1,-1,-1,1,-1,-1,-1,-1,-1,1,1,1,1,-1,-1,-1,1,1,1,-1,1,-1,-1,-1,1,1,-1,1,-1,1,-1,-1,-1,1,1,-1,-1,-1,-1,1,1,-1,1,-1,-1,-1,1,1,-1,-1,-1,1,-1,1,-1,-1,-1,-1,-1,-1,-1,-1,1,-1,-1,-1,-1,1,-1,1,-1,1,1,-1,-1,-1,-1,-1,1,1,-1,1,-1,-1,-1,-1,1,1,-1,-1,-1,-1,-1,-1,1,1,-1,1,1,-1,1,-1,1,-301.38971527984853,1
397,-1,1,-1,1,1,-1,1,1,-1,1,-1,-1,1,-1,-1,1,1,1,-1,1,-1,-1,-1,-1,1,1,-1,1,1,1,-1,-1,1,1,-1,-1,1,1,-1,-1,1,-1,1,1,-1,1,1,-1,-1,1,1,-1,1,1,1,-1,-1,-1,1,-1,1,1,-1,1,1,-1,-1,-1,-1,-1,-1,1,1,1,1,-1,-1,-1,1,1,-1,-1,1,-1,1,-1,-1,1,1,-1,1,-1,-1,-1,-1,-1,1,1,1,-1,-1,-1,-1,1,-1,-1,1,-1,1,-1,1,-1,-1,1,-1,-1,1,-1,1,1,-1,-1,1,1,1,1,-1,-1,1,1,1,-1,-1,1,-1,-1,-1,1,1,-1,1,-1,1,-1,-1,-1,1,1,-1,-1,-1,-1,1,1,-1,-1,-1,-1,-1,-1,-1,-1,1,-1,1,1,1,-1,1,-1,-1,1,-1,-1,1,1,-1,1,1,1,1,-1,1,-1,1,1,1,-1,-1,1,-1,1,-1,-1,1,-1,-1,-1,-1,1,1,-1,-1,-1,1,-1,-1,1,1,-1,-1,1,-1,-1,1,-1,-301.3881193561824,1
398,-1,-1,1,1,-1,1,1,-1,1,1,1,1,1,-1,-1,1,-1,1,-1,1,1,-1,-1,-1,1,1,1,1,1,-1,-1,-1,-1,1,-1,-1,1,1,-1,-1,-1,-1,1,1,1,1,-1,-1,-1,1,1,-1,1,1,1,-1,-1,-1,1,-1,1,1,-1,1,1,-1,-1,-1,-1,-1,-1,1,1,1,1,-1,-1,-1,1,1,-1,-1,1,-1,-1,-1,1,-1,1,-1,1,-1,-1,-1,-1,-1,1,-1,1,-1,1,1,-1,1,-1,1,-1,1,1,-1,1,-1,1,1,-1,-1,1,-1,-1,-1,-1,-1,1,1,1,1,-1,-1,-1,1,1,1,-1,1,-1,-1,-1,1,1,-1,1,-1,1,-1,-1,-1,1,1,-1,-1,-1,-1,1,1,-1,1,-1,-1,-1,1,1,1,-1,-1,1,-1,1,-1,-1,-1,-1,-1,-1,-1,-1,1,-1,-1,-1,-1,1,-1,1,-1,1,-1,-1,-1,1,-1,1,1,1,-1,1,-1,-1,1,-1,1,1,-1,-1,-1,-1,-1,-1,1,1,-1,1,1,-1,1,-1,1,-301.3879319166392,1
399,1,1,-1,1,1,-1,1,1,-1,1,-1,-1,1,-1,-1,1,1,1,-1,1,1,-1,-1,-1,1,1,-1,1,1,1,-1,-1,1,1,-1,-1,1,1,-1,-1,1,-1,1,1,-1,1,1,-1,-1,1,1,-1,1,1,1,-1,-1,-1,1,-1,1,1,-1,1,1,-1,-1,-1,-1,-1,-1,1,1,1,1,-1,-1,-1,1,1,-1,-1,1,-1,-1,-1,-1,-1,1,-1,1,-1,-1,-1,-1,-1,1,-1,1,-1,1,-1,-1,1,-1,1,-1,-1,1,-1,1,-1,1,1,-1,-1,1,-1,-1,-1,-1,-1,1,1,1,1,-1,-1,-1,1,1,1,-1,1,-1,-1,-1,1,1,-1,1,-1,1,-1,-1,-1,1,1,-1,-1,-1,-1,1,1,-1,1,-1,-1,-1,-1,-1,-1,1,-1,1,1,1,-1,1,-1,-1,-1,-1,-1,1,1,-1,1,1,1,1,-1,1,-1,1,1,1,-1,-1,1,-1,1,-1,-1,1,-1,-1,-1,-1,1,1,-1,-1,-1,1,-1,-1,1,1,-1,-1,1,-1,-1,1,1,-301.3856676170249,1
400,-1,-1,1,1,-1,1,1,-1,1,1,1,1,1,-1,-1,1,-1,1,-1,1,1,-1,-1,-1,1,1,1,1,1,-1,-1,-1,-1,1,-1,-1,1,1,-1,-1,-1,1,1,1,1,1,-1,-1,-1,1,1,-1,1,1,1,-1,-1,-1,1,-1,1,1,-1,1,1,-1,-1,-1,-1,-1,-1,1,1,1,1,-1,-1,-1,1,1,1,-1,1,-1,-1,-1,1,1,1,-1,-1,1,-1,-1,1,-1,-1,-1,1,1,1,1,-1,1,-1,-1,-1,1,1,-1,-1,-1,1,-1,-1,-1,1,-1,-1,1,-1,-1,-1,1,1,-1,-1,-1,-1,1,1,1,-1,1,-1,-1,-1,1,1,-1,1,-1,1,-1,-1,-1,1,1,-1,1,-1,-1,1,1,-1,-1,-1,-1,-1,1,1,1,-1,-1,1,-1,1,-1,-1,-1,-1,-1,-1,-1,-1,1,-1,-1,-1,-1,1,-1,1,-1,1,-1,-1,-1,1,-1,1,1,1,-1,1,-1,-1,1,-1,1,1,-1,-1,-1,-1,1,-1,1,1,-1,1,1,-1,1,-1,1,-301.38158388840986,2
401,1,1,-1,-1,1,-1,-1,1,-1,-1,-1,-1,-1,1,1,-1,1,-1,1,-1,-1,1,1,1,-1,-1,-1,-1,-1,1,1,1,1,-1,1,1,-1,-1,1,1,1,-1,-1,-1,-1,-1,1,1,1,-1,-1,1,-1,-1,-1,1,1,1,-1,1,-1,-1,1,-1,-1,1,1,1,1,1,1,-1,-1,-1,-1,1,1,1,-1,-1,-1,1,-1,1,1,1,-1,-1,-1,1,1,-1,1,1,-1,1,1,1,-1,-1,-1,-1,1,-1,1,1,1,-1,-1,1,1,1,-1,1,1,1,-1,1,1,-1,1,1,1,-1,-1,1,1,1,1,-1,-1,-1,1,-1,1,1,1,-1,-1,1,-1,1,-1,1,1,1,-1,-1,1,-1,1,1,-1,-1,1,1,1,1,1,-1,-1,-1,1,1,-1,1,-1,1,1,1,1,1,1,1,1,-1,1,1,1,1,-1,1,-1,1,-1,1,1,1,-1,1,-1,-1,-1,1,-1,1,1,-1,1,-1,-1,1,1,1,1,-1,1,-1,-1,1,-1,-1,1,-1,1,-1,-301.38158388840986,1
402,1,-1,1,-1,-1,-1,-1,-1,-1,-1,1,-1,-1,-1,-1,-1,-1,-1,1,-1,-1,1,1,1,-1,-1,1,-1,-1,-1,1,1,-1,-1,1,-1,-1,-1,1,1,-1,1,-1,-1,1,-1,-1,1,1,-1,-1,1,-1,-1,-1,1,1,1,-1,1,-1,-1,1,-1,-1,1,1,1,1,1,1,-1,-1,-1,-1,1,1,1,-1,-1,1,-1,-1,1,1,1,1,-1,-1,1,-1,1,1,-1,1,1,1,1,-1,-1,-1,1,1,-1,1,-1,1,1,-1,1,1,1,-1,1,1,1,1,1,1,1,1,1,-1,-1,-1,1,1,1,1,-1,-1,-1,1,-1,1,1,1,-1,-1,1,-1,1,-1,-1,1,1,-1,-1,1,1,1,1,-1,-1,1,-1,1,1,1,1,1,1,-1,1,-1,-1,-1,1,-1,1,1,-1,1,1,-1,-1,1,-1,-1,-1,-1,1,-1,1,-1,-1,-1,1,1,-1,1,-1,-1,1,-1,-1,1,1,1,-1,-1,1,1,1,1,1,1,-1,-1,1,1,-1,1,-1,1,1,-301.38063646782314,1
403,-1,-1,1,1,-1,1,1,-1,1,1,1,1,1,-1,-1,1,-1,1,-1,1,1,-1,-1,-1,1,1,1,1,1,-1,-1,-1,-1,1,-1,1,1,1,1,-1,-1,1,1,1,1,1,-1,-1,-1,1,1,-1,1,1,1,-1,-1,-1,1,-1,1,1,-1,1,1,-1,-1,-1,-1,-1,-1,1,1,1,1,-1,-1,-1,1,1,-1,-1,1,-1,-1,-1,-1,-1,1,-1,1,1,-1,-1,1,-1,1,-1,1,-1,1,-1,-1,1,-1,1,-1,-1,1,-1,1,-1,-1,1,-1,-1,1,-1,-1,-1,-1,-1,1,1,1,1,-1,-1,-1,1,1,1,-1,1,-1,-1,-1,1,1,-1,1,-1,1,-1,-1,-1,1,1,-1,1,-1,-1,1,1,-1,-1,-1,-1,-1,1,1,1,-1,-1,1,-1,1,-1,-1,-1,-1,-1,-1,-1,-1,1,-1,-1,-1,-1,1,-1,1,-1,1,1,-1,-1,-1,1,-1,1,1,-1,1,-1,-1,-1,-1,1,1,-1,-1,-1,-1,1,-1,1,1,-1,1,-1,-1,1,-1,1,-301.36766354086666,1
404,-1,-1,1,1,-1,1,1,-1,1,1,1,1,1,-1,-1,1,-1,1,-1,1,1,-1,-1,-1,1,1,1,1,1,-1,-1,-1,-1,1,-1,-1,1,1,-1,-1,-1,1,1,1,1,1,-1,-1,-1,1,1,-1,1,1,1,-1,-1,-1,1,-1,1,1,-1,1,1,-1,-1,-1,-1,-1,-1,1,1,1,1,-1,-1,-1,1,1,-1,-1,1,-1,-1,-1,-1,-1,1,-1,1,-1,-1,-1,-1,-1,1,-1,1,-1,1,-1,-1,1,-1,1,-1,-1,1,-1,1,-1,1,1,-1,-1,1,-1,-1,-1,-1,-1,1,1,1,1,-1,-1,-1,1,1,1,-1,1,-1,-1,-1,1,1,-1,1,-1,1,-1,-1,-1,1,1,-1,-1,-1,-1,1,1,-1,1,-1,-1,-1,1,1,1,-1,-1,1,-1,1,-1,-1,-1,-1,-1,-1,-1,-1,1,-1,-1,-1,-1,1,-1,1,-1,1,-1,-1,-1,-1,-1,-1,1,1,-1,1,-1,-1,-1,-1,1,1,-1,-1,-1,-1,1,-1,1,1,-1,1,1,-1,1,-1,1,-301.36220004471147,1
405,1,1,-1,-1,1,-1,-1,1,-1,-1,-1,-1,-1,1,1,-1,1,-1,1,-1,-1,1,1,1,-1,-1,-1,-1,-1,1,1,1,1,-1,1,-1,-1,-1,-1,1,1,-1,-1,-1,-1,-1,1,1,1,-1,-1,1,-1,-1,-1,1,1,1,-1,1,-1,-1,1,-1,-1,1,1,1,1,1,1,-1,-1,-1,-1,1,1,1,-1,-1,1,1,-1,1,1,1,1,1,-1,1,-1,-1,1,1,-1,1,-1,1,-1,1,-1,1,1,-1,1,-1,1,1,-1,1,-1,1,-1,-1,1,1,-1,1,1,1,1,1,-1,-1,-1,-1,1,1,1,-1,-1,-1,1,-1,1,1,1,-1,-1,1,-1,1,-1,1,1,1,-1,-1,1,-1,1,1,-1,-1,1,1,1,1,1,-1,-1,-1,1,1,-1,1,-1,1,1,1,1,1,1,1,1,-1,1,1,1,1,-1,1,-1,1,-1,-1,1,1,1,-1,1,-1,-1,1,-1,1,1,1,1,-1,-1,1,1,1,1,-1,1,-1,-1,1,-1,1,1,-1,1,-1,-301.35876496298164,2
406,-1,-1,1,1,-1,1,1,-1,1,1,1,1,1,-1,-1,1,-1,1,-1,1,1,-1,-1,-1,1,1,1,1,1,-1,-1,-1,-1,1,-1,1,1,1,1,-1,-1,1,1,1,1,1,-1,-1,-1,1,1,-1,1,1,1,-1,-1,-1,1,-1,1,1,-1,1,1,-1,-1,-1,-1,-1,-1,1,1,1,1,-1,-1,-1,1,1,-1,-1,1,-1,-1,-1,1,-1,1,-1,1,-1,-1,-1,-1,-1,1,-1,1,-1,1,1,-1,1,-1,1,-1,1,1,-1,1,-1,-1,1,-1,-1,1,-1,-1,-1,-1,-1,1,1,1,1,-1,-1,-1,1,1,1,-1,1,-1,-1,-1,1,1,-1,1,-1,1,-1,-1,-1,1,1,-1,-1,-1,-1,1,1,-1,1,-1,-1,-1,1,1,1,-1,-1,1,-1,1,-1,-1,-1,-1,-1,-1,-1,-1,1,-1,-1,-1,-1,1,-1,1,-1,1,-1,-1,-1,1,1,-1,1,1,-1,1,-1,-1,1,-1,1,1,-1,-1,-1,-1,1,-1,1,1,-1,1,-1,-1,1,-1,-1,-301.34004419884917,1
407,1,1,-1,-1,1,-1,-1,1,-1,-1,-1,-1,-1,1,1,-1,1,-1,1,-1,-1,1,1,1,-1,-1,-1,-1,-1,1,1,1,1,-1,1,-1,-1,-1,-1,1,1,-1,-1,-1,-1,-1,1,1,1,-1,-1,1,-1,-1,-1,1,1,1,-1,1,-1,-1,1,-1,-1,1,1,1,1,1,1,-1,-1,-1,-1,1,1,1,-1,-1,1,1,-1,1,1,1,-1,1,-1,1,-1,1,1,1,1,1,-1,1,-1,1,-1,-1,1,-1,1,-1,1,-1,-1,1,-1,1,1,-1,1,1,-1,1,1,1,1,1,-1,-1,-1,-1,1,1,1,-1,-1,-1,1,-1,1,1,1,-1,-1,1,-1,1,-1,1,1,1,-1,-1,1,1,1,1,-1,-1,1,-1,1,1,1,-1,-1,-1,1,1,-1,1,-1,1,1,1,1,1,1,1,1,-1,1,1,1,1,-1,1,-1,1,-1,1,1,1,-1,-1,1,-1,-1,1,-1,1,1,-1,1,-1,-1,1,1,1,1,-1,1,-1,-1,1,-1,1,1,-1,1,1,-301.34004419884917,2
408,-1,1,-1,1,1,1,1,1,-1,1,-1,1,1,-1,-1,1,1,1,-1,1,1,-1,-1,-1,1,1,-1,1,1,1,-1,-1,1,1,-1,-1,1,1,-1,-1,1,-1,1,1,-1,1,1,-1,-1,1,1,-1,1,1,1,-1,-1,-1,1,-1,1,1,-1,1,1,-1,-1,-1,-1,-1,-1,1,1,1,1,-1,-1,-1,-1,1,-1,1,1,-1,-1,-1,-1,1,1,-1,1,-1,-1,-1,-1,-1,-1,-1,1,1,1,-1,-1,1,-1,-1,1,-1,1,-1,1,-1,1,-1,-1,-1,1,-1,-1,1,-1,-1,-1,1,1,-1,-1,-1,1,1,1,-1,-1,1,-1,-1,-1,1,1,-1,1,-1,1,1,-1,-1,1,1,-1,-1,-1,-1,1,1,-1,-1,-1,-1,-1,-1,-1,-1,1,-1,1,1,1,-1,1,-1,-1,1,-1,-1,1,1,-1,1,1,1,1,-1,1,-1,1,1,1,-1,-1,1,-1,1,-1,-1,1,-1,-1,-1,-1,1,1,-1,-1,-1,-1,-1,-1,1,1,-1,-1,1,-1,1,-1,1,-301.33677934222675,1
409,1,1,-1,-1,1,-1,-1,1,-1,-1,-1,-1,-1,1,1,-1,1,-1,1,-1,-1,1,1,1,-1,-1,-1,-1,-1,1,1,1,1,-1,1,-1,-1,-1,-1,1,1,-1,-1,-1,1,-1,1,1,1,-1,-1,1,-1,-1,-1,1,1,1,-1,1,-1,-1,1,-1,-1,1,1,1,1,1,1,-1,-1,-1,-1,1,1,1,-1,-1,1,1,-1,1,1,1,-1,1,-1,1,-1,1,1,1,1,1,-1,1,-1,1,-1,-1,1,-1,1,-1,1,-1,-1,1,-1,1,1,-1,1,1,-1,1,1,1,1,1,-1,-1,-1,-1,1,1,1,-1,-1,-1,1,-1,1,1,1,-1,-1,1,-1,1,-1,1,1,1,-1,-1,1,1,1,1,-1,-1,1,-1,1,1,1,-1,-1,-1,1,1,-1,1,-1,1,1,1,1,1,1,1,1,-1,1,1,1,1,-1,1,-1,1,-1,1,1,1,-1,-1,1,-1,-1,1,-1,1,1,-1,1,-1,-1,1,1,1,1,-1,1,-1,-1,1,-1,1,1,-1,-1,1,-301.3318217343971,1
410,-1,-1,1,1,-1,1,1,-1,1,1,1,1,1,-1,-1,1,-1,1,-1,1,1,-1,-1,-1,1,1,1,1,1,-1,-1,-1,-1,1,-1,-1,1,1,-1,-1,-1,1,1,1,1,1,-1,-1,-1,1,1,-1,1,1,1,-1,-1,-1,1,-1,1,1,-1,1,1,-1,1,-1,-1,-1,-1,1,1,1,1,-1,-1,-1,1,1,1,-1,1,-1,-1,-1,1,-1,1,-1,1,-1,-1,-1,-1,-1,1,-1,1,-1,1,1,-1,1,-1,1,-1,1,1,-1,1,-1,1,1,-1,-1,1,-1,-1,-1,-1,-1,1,1,1,1,-1,-1,-1,1,1,1,-1,1,-1,-1,-1,1,1,-1,1,-1,1,-1,-1,-1,1,1,-1,-1,-1,-1,1,1,-1,1,-1,-1,-1,1,1,1,-1,-1,1,-1,1,-1,-1,-1,-1,-1,-1,-1,-1,1,-1,-1,-1,-1,1,-1,1,-1,1,-1,-1,-1,1,-1,1,1,1,-1,1,-1,-1,1,-1,1,1,-1,-1,-1,-1,1,-1,1,1,-1,1,1,-1,1,-1,1,-301.3292271879893,3
411,1,1,1,-1,1,-1,-1,1,-1,-1,-1,-1,-1,1,1,-1,1,-1,1,-1,-1,1,1,1,-1,-1,-1,-1,-1,1,1,1,1,-1,1,1,-1,-1,1,1,1,-1,-1,-1,-1,-1,1,1,1,-1,-1,1,-1,-1,-1,1,1,1,-1,1,-1,-1,1,-1,-1,1,1,1,1,1,1,-1,-1,-1,-1,1,1,1,-1,-1,1,1,-1,1,1,1,-1,1,-1,1,-1,1,1,1,1,1,-1,1,-1,1,-1,-1,1,-1,1,-1,1,-1,-1,1,-1,1,1,-1,1,1,-1,1,1,1,1,1,-1,-1,-1,-1,1,1,1,-1,-1,-1,1,-1,1,1,1,-1,-1,1,-1,1,-1,1,1,1,-1,-1,1,1,1,1,-1,-1,1,-1,1,1,1,-1,-1,-1,1,1,-1,1,-1,1,1,1,1,1,1,1,1,-1,1,1,1,1,-1,1,-1,1,-1,1,1,1,-1,1,-1,-1,-1,1,-1,1,1,-1,1,-1,-1,1,1,1,-1,-1,1,-1,-1,1,1,-1,1,-1,1,-1,-301.3229497472891,2
412,-1,-1,-1,1,-1,1,1,-1,1,1,1,1,1,-1,-1,1,-1,1,-1,1,1,-1,-1,-1,1,1,1,1,1,-1,-1,-1,-1,1,-1,-1,1,1,-1,-1,-1,1,1,1,1,1,-1,-1,-1,1,1,-1,1,1,1,-1,-1,-1,1,-1,1,1,-1,1,1,-1,-1,-1,-1,-1,-1,1,1,1,1,-1,-1,-1,1,1,-1,-1,1,-1,-1,-1,1,-1,1,-1,1,-1,-1,-1,-1,-1,1,-1,1,-1,1,1,-1,1,-1,1,-1,1,1,-1,1,-1,-1,1,-1,-1,1,-1,-1,-1,-1,-1,1,1,1,1,-1,-1,-1,1,1,1,-1,1,-1,-1,-1,1,1,-1,1,-1,1,-1,-1,-1,1,1,-1,-1,-1,-1,1,1,-1,1,-1,-1,-1,1,1,1,-1,-1,1,-1,1,-1,-1,-1,-1,-1,-1,-1,-1,1,-1,-1,-1,-1,1,-1,1,-1,1,-1,-1,-1,1,-1,1,1,1,-1,1,-1,-1,1,-1,1,1,-1,-1,-1,1,1,-1,1,1,-1,-1,1,-1,1,-1,1,-301.3229497472891,1
413,1,1,1,-1,1,-1,-1,1,-1,-1,-1,-1,-1,1,1,-1,1,-1,1,-1,-1,1,1,1,-1,-1,-1,-1,-1,1,1,1,1,-1,1,1,-1,-1,1,1,1,-1,-1,-1,-1,-1,1,1,1,-1,-1,1,-1,-1,-1,1,1,1,-1,1,-1,-1,1,-1,-1,1,1,1,1,1,1,-1,-1,-1,-1,1,1,1,-1,-1,-1,1,-1,1,1,1,-1,1,-1,1,-1,1,1,1,1,1,-1,1,-1,1,-1,-1,1,-1,1,-1,1,-1,-1,1,-1,1,1,-1,1,1,-1,1,1,1,1,1,-1,-1,-1,-1,1,1,1,-1,-1,-1,1,-1,1,1,1,-1,-1,1,-1,1,-1,1,1,1,-1,-1,1,1,1,1,-1,-1,1,-1,1,1,1,-1,-1,1,1,1,-1,1,-1,1,1,1,1,1,1,1,1,-1,1,1,1,1,-1,1,-1,1,-1,1,1,1,-1,1,-1,-1,-1,1,-1,1,1,-1,1,-1,-1,1,1,1,-1,-1,1,-1,-1,1,1,-1,1,-1,1,-1,-301.3227661895158,3
414,-1,-1,-1,1,-1,1,1,-1,1,1,1,1,1,-1,-1,1,-1,1,-1,1,1,-1,-1,-1,1,1,1,1,1,-1,-1,-1,-1,1,-1,-1,1,1,-1,-1,-1,1,1,1,1,1,-1,-1,-1,1,1,-1,1,1,1,-1,-1,-1,1,-1,1,1,-1,1,1,-1,-1,-1,-1,-1,-1,1,1,1,1,-1,-1,-1,1,1,1,-1,1,-1,-1,-1,1,-1,1,-1,1,-1,-1,-1,-1,-1,1,-1,1,-1,1,1,-1,1,-1,1,-1,1,1,-1,1,-1,-1,1,-1,-1,1,-1,-1,-1,-1,-1,1,1,1,1,-1,-1,-1,1,1,1,-1,1,-1,-1,-1,1,1,-1,1,-1,1,-1,-1,-1,1,1,-1,-1,-1,-1,1,1,-1,1,-1,-1,-1,1,1,-1,-1,-1,1,-1,1,-1,-1,-1,-1,-1,-1,-1,-1,1,-1,-1,-1,-1,1,-1,1,-1,1,-1,-1,-1,1,-1,1,1,1,-1,1,-1,-1,1,-1,1,1,-1,-1,-1,1,1,-1,1,1,-1,-1,1,-1,1,-1,1,-301.3227661895158,1
415,1,1,-1,-1,1,-1,-1,1,-1,-1,-1,-1,-1,1,1,-1,1,-1,1,-1,-1,1,1,1,-1,-1,-1,-1,-1,1,1,1,1,-1,1,1,-1,-1,1,1,1,1,-1,-1,-1,-1,1,1,1,-1,-1,1,-1,-1,-1,1,1,1,-1,1,-1,-1,1,-1,-1,1,1,1,1,1,1,-1,-1,-1,-1,1,1,1,-1,-1,-1,1,-1,1,1,1,-1,1,-1,1,-1,1,1,1,1,1,-1,1,-1,1,-1,-1,1,-1,1,-1,1,-1,-1,1,-1,1,-1,-1,1,1,-1,1,1,1,1,1,-1,-1,-1,-1,1,1,1,-1,-1,-1,1,-1,1,1,1,-1,-1,1,-1,1,-1,1,1,1,-1,-1,1,1,1,1,-1,-1,1,-1,1,1,1,-1,-1,-1,1,1,-1,1,-1,1,1,1,1,1,1,1,1,-1,1,1,1,1,-1,1,-1,1,-1,1,1,1,-1,1,-1,-1,-1,1,-1,1,1,-1,1,-1,-1,1,1,1,1,1,1,-1,-1,1,-1,-1,-1,-1,1,-1,-301.31682791540584,1
416,1,1,1,-1,1,-1,-1,1,-1,-1,-1,-1,-1,1,1,-1,1,-1,1,-1,-1,1,1,1,-1,-1,-1,-1,-1,1,1,1,1,-1,1,1,-1,-1,1,1,1,-1,-1,-1,-1,-1,1,1,1,-1,-1,1,-1,-1,-1,1,1,1,-1,1,-1,-1,1,-1,-1,1,1,1,1,1,1,-1,-1,-1,-1,1,1,1,-1,-1,1,1,-1,1,1,1,-1,1,-1,1,-1,1,1,1,1,1,-1,1,-1,1,-1,-1,1,-1,1,-1,1,-1,-1,1,-1,1,-1,-1,1,1,-1,1,1,1,1,1,-1,-1,-1,-1,1,1,1,-1,-1,-1,1,-1,1,1,1,-1,-1,1,-1,1,-1,1,1,1,-1,-1,1,1,1,1,-1,-1,1,-1,1,1,1,-1,-1,-1,1,1,-1,1,-1,1,1,1,1,1,1,1,1,-1,1,1,1,1,-1,1,-1,1,-1,1,1,1,-1,1,-1,-1,-1,1,-1,1,1,-1,1,-1,-1,1,1,1,-1,-1,1,-1,-1,1,1,-1,1,-1,1,-1,-301.3140511694041,1
417,-1,-1,-1,1,-1,1,1,-1,1,1,1,1,1,-1,-1,1,-1,1,-1,1,1,-1,-1,-1,1,1,1,1,1,-1,-1,-1,-1,1,-1,-1,1,1,-1,-1,-1,1,1,1,1,1,-1,-1,-1,1,1,-1,1,1,1,-1,-1,-1,1,-1,1,1,-1,1,1,-1,-1,-1,-1,-1,-1,1,1,1,1,-1,-1,-1,1,1,1,-1,1,-1,-1,-1,1,-1,1,-1,1,-1,-1,-1,-1,-1,1,-1,1,-1,1,1,-1,1,-1,1,-1,1,1,-1,1,-1,1,1,-1,-1,1,-1,-1,-1,-1,-1,1,1,1,1,-1,-1,-1,1,1,1,-1,1,-1,-1,-1,1,1,-1,1,-1,1,-1,-1,-1,1,1,-1,-1,-1,-1,1,1,-1,1,-1,-1,-1,1,1,-1,-1,-1,1,-1,1,-1,-1,-1,-1,-1,-1,-1,-1,1,-1,-1,-1,-1,1,-1,1,-1,1,-1,-1,-1,1,-1,1,1,1,-1,1,-1,-1,1,-1,1,1,-1,-1,-1,1,1,-1,1,1,-1,-1,1,-1,1,-1,1,-301.31386761163077,1
418,1,1,-1,-1,1,-1,-1,1,-1,-1,-1,-1,-1,1,1,-1,1,-1,1,-1,-1,1,1,1,-1,-1,-1,-1,-1,1,1,1,1,-1,1,1,-1,-1,1,1,1,1,-1,-1,-1,-1,1,1,1,-1,-1,1,-1,-1,-1,1,1,1,-1,1,-1,-1,1,-1,-1,1,1,1,1,1,1,-1,-1,-1,-1,1,1,1,-1,-1,-1,1,-1,1,1,1,-1,-1,-1,1,-1,1,1,1,1,1,-1,1,-1,1,-1,-1,1,-1,1,-1,1,-1,-1,1,-1,1,-1,-1,1,1,-1,1,1,1,1,1,-1,-1,-1,-1,1,1,1,-1,-1,-1,1,-1,1,1,1,-1,-1,1,-1,1,-1,1,1,1,-1,-1,1,1,1,1,-1,-1,1,-1,1,1,1,-1,-1,1,1,1,-1,1,-1,1,1,1,1,1,1,1,1,-1,1,1,1,1,-1,1,-1,1,-1,1,1,1,-1,1,-1,-1,-1,1,-1,1,1,-1,-1,1,1,1,1,1,1,1,1,-1,-1,1,-1,-1,1,-1,1,-1,-301.3130321283163,1
419,1,1,-1,-1,1,-1,-1,1,-1,-1,-1,-1,-1,1,1,-1,1,-1,1,-1,-1,1,1,1,-1,-1,-1,-1,-1,1,1,1,1,-1,1,1,-1,-1,1,1,1,-1,-1,-1,-1,-1,1,1,1,-1,-1,1,-1,-1,-1,1,1,1,-1,1,-1,-1,1,-1,-1,1,1,1,1,1,1,-1,-1,-1,-1,1,1,1,-1,-1,1,1,-1,1,1,1,1,1,-1,1,-1,1,1,1,1,1,-1,1,-1,1,-1,1,1,-1,1,-1,1,1,-1,1,-1,1,1,-1,1,1,-1,1,1,-1,1,1,-1,-1,-1,-1,1,1,1,-1,-1,-1,1,-1,1,1,1,-1,-1,1,-1,1,-1,1,1,1,-1,-1,1,1,1,1,-1,-1,1,-1,1,1,1,-1,-1,1,1,1,-1,1,-1,1,1,1,1,1,1,1,1,-1,1,1,1,1,-1,1,-1,1,-1,-1,1,1,1,1,1,-1,-1,1,-1,1,1,1,1,-1,-1,1,1,1,1,-1,1,-1,-1,1,-1,-1,1,-1,1,-1,-301.3109978607022,2
420,-1,-1,1,1,-1,1,1,-1,1,1,1,1,1,-1,-1,1,-1,1,-1,1,1,-1,-1,-1,1,1,1,1,1,-1,-1,-1,-1,1,-1,-1,1,1,-1,-1,-1,-1,1,1,1,1,-1,-1,-1,1,1,-1,1,1,1,-1,-1,-1,1,-1,1,1,-1,1,1,-1,-1,-1,-1,-1,-1,1,1,1,1,-1,-1,-1,1,1,-1,-1,1,-1,-1,-1,-1,1,1,-1,1,-1,-1,-1,-1,-1,1,-1,1,-1,1,-1,-1,1,-1,1,-1,-1,1,-1,1,-1,1,1,-1,-1,1,-1,-1,-1,-1,-1,1,1,1,1,-1,-1,-1,1,1,1,-1,1,-1,-1,-1,1,1,-1,1,-1,1,-1,-1,-1,1,1,-1,-1,-1,-1,1,1,-1,1,-1,-1,-1,1,1,-1,-1,-1,1,-1,1,-1,-1,-1,-1,-1,-1,-1,-1,1,-1,-1,-1,-1,1,-1,1,-1,1,1,-1,-1,-1,-1,-1,1,1,-1,1,-1,-1,-1,-1,1,1,-1,-1,-1,-1,-1,-1,1,1,-1,1,1,-1,1,-1,-1,-301.3096697207487,1
421,1,1,-1,-1,1,-1,-1,1,-1,-1,-1,-1,-1,1,1,-1,1,-1,1,-1,-1,1,1,1,-1,-1,-1,-1,-1,1,1,1,1,-1,1,1,-1,-1,1,1,1,-1,-1,-1,-1,-1,1,1,1,-1,-1,1,-1,-1,-1,1,1,1,-1,1,-1,-1,1,-1,-1,1,-1,1,1,-1,1,-1,-1,-1,-1,1,1,1,-1,-1,1,1,-1,1,1,1,1,1,-1,1,-1,1,1,1,1,1,-1,1,-1,1,-1,1,1,-1,1,-1,1,1,-1,1,-1,1,-1,-1,1,1,-1,1,1,1,1,1,-1,-1,-1,-1,1,1,1,-1,-1,-1,1,-1,1,1,1,-1,-1,1,-1,1,-1,1,1,1,-1,-1,1,1,1,1,-1,-1,1,-1,1,1,1,-1,-1,-1,1,1,-1,1,-1,1,1,1,1,1,1,1,1,-1,1,1,1,1,-1,1,-1,1,-1,-1,1,1,1,1,1,-1,-1,1,-1,1,1,1,1,-1,-1,1,1,1,1,-1,1,-1,-1,1,-1,-1,1,-1,1,-1,-301.3093477064581,1
422,1,1,-1,-1,1,-1,-1,1,-1,-1,-1,-1,-1,1,1,-1,1,-1,1,-1,-1,1,1,1,-1,-1,-1,-1,-1,1,1,1,1,-1,1,1,-1,-1,1,1,1,1,-1,-1,-1,-1,1,1,1,-1,-1,1,-1,-1,-1,1,1,1,-1,1,-1,-1,1,-1,-1,1,1,1,1,1,1,-1,-1,-1,-1,1,1,1,-1,-1,1,1,-1,1,1,1,-1,1,-1,1,-1,1,1,1,1,1,-1,1,-1,1,-1,-1,1,-1,1,-1,1,-1,-1,1,-1,1,-1,-1,1,1,-1,1,1,1,1,1,-1,-1,-1,-1,1,1,1,-1,-1,-1,1,-1,1,1,1,-1,-1,1,-1,1,-1,1,1,1,-1,-1,1,1,1,1,-1,-1,1,-1,1,1,1,-1,-1,-1,1,1,-1,1,-1,1,1,1,1,1,1,1,1,-1,1,1,1,1,-1,1,-1,1,-1,1,1,1,-1,1,-1,-1,-1,1,-1,1,1,-1,1,-1,-1,1,1,1,1,1,1,-1,-1,1,-1,-1,1,-1,1,1,-301.3078863575394,1
423,-1,-1,1,1,-1,1,1,-1,1,1,1,1,1,-1,-1,1,-1,1,-1,1,1,-1,-1,-1,1,1,1,1,1,-1,-1,-1,-1,1,-1,-1,1,1,-1,-1,-1,-1,1,1,1,1,-1,-1,-1,1,1,-1,1,1,1,-1,-1,-1,1,-1,1,1,-1,1,1,-1,-1,-1,-1,-1,-1,1,1,1,1,-1,-1,-1,1,1,-1,-1,1,-1,-1,-1,1,-1,1,-1,1,-1,-1,-1,-1,-1,1,-1,1,-1,1,1,-1,1,-1,1,-1,1,1,-1,1,-1,1,1,-1,-1,1,-1,-1,-1,-1,-1,1,1,1,1,-1,-1,-1,1,1,1,-1,1,-1,-1,-1,1,1,-1,1,-1,1,-1,-1,-1,1,1,-1,-1,-1,-1,1,1,-1,1,-1,-1,-1,1,1,1,-1,-1,1,-1,1,-1,-1,-1,-1,-1,-1,-1,-1,1,-1,-1,-1,-1,1,-1,1,-1,1,-1,-1,-1,1,-1,1,1,1,-1,1,-1,-1,1,-1,1,1,-1,-1,-1,-1,-1,-1,1,1,-1,1,1,-1,1,-1,-1,-301.3078863575394,2
424,-1,-1,1,1,-1,1,1,-1,1,1,1,1,1,-1,-1,1,-1,1,-1,1,1,-1,-1,-1,1,1,1,1,1,-1,-1,-1,-1,1,-1,-1,1,1,-1,-1,-1,-1,1,1,-1,1,-1,-1,-1,1,1,-1,1,1,1,-1,-1,-1,1,-1,1,1,-1,1,1,-1,-1,-1,-1,-1,-1,1,1,1,1,-1,-1,-1,1,1,-1,-1,1,-1,-1,-1,-1,-1,1,-1,1,1,-1,-1,1,-1,1,-1,1,-1,1,-1,-1,1,-1,1,-1,-1,1,-1,1,-1,-1,1,-1,-1,1,-1,-1,-1,-1,-1,1,1,1,1,-1,-1,-1,1,1,1,-1,1,-1,-1,-1,1,1,-1,1,-1,1,-1,-1,-1,1,1,-1,1,-1,-1,1,1,-1,-1,-1,-1,-1,1,1,1,-1,-1,1,-1,1,-1,-1,-1,-1,-1,-1,-1,-1,1,-1,-1,-1,-1,1,-1,1,-1,1,1,1,-1,-1,1,-1,1,1,-1,1,-1,-1,-1,-1,1,1,-1,-1,-1,-1,-1,-1,1,1,-1,1,1,-1,1,-1,1,-301.30450807036806,1
425,1,1,-1,-1,1,-1,-1,1,-1,-1,-1,-1,-1,1,1,-1,1,-1,1,-1,-1,1,1,1,-1,-1,-1,-1,-1,1,1,1,1,-1,1,1,-1,-1,1,1,1,-1,-1,-1,-1,-1,1,1,1,-1,-1,1,-1,-1,-1,1,1,1,-1,1,-1,-1,1,-1,-1,1,1,1,1,1,1,-1,-1,-1,-1,1,1,1,-1,-1,1,1,-1,1,1,1,1,1,-1,1,-1,1,1,1,1,1,-1,1,-1,1,-1,1,1,-1,1,-1,1,1,-1,1,-1,1,-1,-1,1,1,-1,1,1,-1,1,1,-1,-1,-1,-1,1,1,1,-1,-1,-1,1,-1,1,1,1,-1,-1,1,-1,1,-1,1,1,1,-1,-1,1,1,1,1,-1,-1,1,-1,1,1,1,-1,-1,1,1,1,-1,1,-1,1,1,1,1,1,1,1,1,-1,1,1,1,1,-1,1,-1,1,-1,-1,1,1,1,1,1,-1,-1,1,-1,1,1,1,1,-1,-1,1,1,1,1,-1,1,-1,-1,1,-1,-1,1,-1,1,-1,-301.30209928281715,1
426,-1,-1,1,1,-1,1,1,-1,1,1,1,1,1,-1,-1,1,-1,1,-1,1,1,-1,-1,-1,1,1,1,1,1,-1,-1,-1,-1,1,-1,-1,1,1,-1,-1,-1,1,1,1,1,1,-1,-1,-1,1,1,-1,1,1,1,-1,-1,-1,1,-1,1,1,-1,1,1,-1,-1,-1,-1,-1,-1,1,1,1,1,-1,-1,-1,1,1,-1,-1,1,-1,-1,-1,-1,-1,1,-1,1,-1,-1,-1,-1,-1,1,-1,1,-1,1,-1,-1,1,-1,1,-1,-1,1,-1,1,-1,1,1,-1,-1,1,-1,-1,1,-1,-1,1,1,1,1,-1,-1,-1,1,1,1,-1,1,-1,-1,-1,1,1,-1,1,-1,1,-1,-1,-1,1,1,-1,-1,-1,-1,1,1,-1,1,-1,-1,-1,1,1,1,-1,-1,1,-1,1,-1,-1,-1,-1,-1,-1,-1,-1,1,-1,-1,-1,-1,1,-1,1,-1,1,1,-1,-1,-1,-1,-1,1,1,-1,1,-1,-1,-1,-1,1,1,-1,-1,-1,-1,1,-1,1,1,-1,1,1,-1,1,-1,-1,-301.3020351930143,1
427,-1,-1,1,1,-1,1,1,-1,1,1,1,1,1,-1,-1,1,-1,1,-1,1,1,-1,-1,-1,1,1,1,1,1,-1,-1,-1,-1,1,-1,-1,1,1,-1,-1,-1,1,1,1,1,1,-1,-1,-1,1,1,-1,1,1,1,-1,-1,-1,1,-1,1,1,-1,1,1,-1,-1,-1,-1,-1,-1,1,1,1,1,-1,-1,-1,1,1,-1,-1,1,-1,-1,-1,1,1,1,-1,-1,1,-1,-1,1,-1,-1,-1,1,1,1,1,-1,1,-1,-1,-1,1,1,-1,-1,-1,1,-1,-1,-1,1,-1,-1,1,-1,-1,-1,1,1,-1,-1,-1,-1,1,1,1,-1,1,-1,-1,-1,1,1,-1,1,-1,1,-1,-1,-1,1,1,-1,1,-1,-1,1,1,-1,-1,-1,-1,-1,1,1,1,-1,-1,1,-1,1,-1,-1,-1,-1,-1,-1,-1,-1,1,-1,-1,-1,-1,1,-1,1,-1,1,-1,-1,-1,1,-1,1,1,1,-1,1,-1,-1,1,-1,1,1,-1,-1,-1,-1,1,-1,1,1,-1,1,1,-1,1,-1,1,-301.30178597688626,1
428,1,1,1,-1,1,-1,-1,1,-1,-1,-1,-1,-1,1,1,-1,1,-1,1,-1,-1,1,1,1,-1,-1,-1,-1,-1,1,1,1,1,-1,1,1,-1,-1,1,1,1,1,-1,-1,1,-1,1,1,1,-1,-1,1,-1,-1,-1,1,1,1,-1,1,-1,-1,1,-1,-1,1,1,1,1,1,1,-1,-1,-1,-1,1,1,1,-1,-1,1,1,-1,1,1,1,1,1,-1,1,-1,1,1,1,1,1,-1,1,-1,1,-1,1,1,-1,1,-1,1,1,-1,1,-1,1,1,-1,1,1,-1,1,1,1,1,1,-1,-1,-1,-1,1,1,1,-1,-1,-1,1,-1,1,1,1,-1,-1,1,-1,1,-1,1,1,1,-1,-1,1,1,1,1,-1,-1,1,-1,1,1,1,-1,-1,-1,1,1,-1,1,-1,1,1,1,1,1,1,1,1,-1,1,1,1,1,-1,1,-1,1,-1,-1,-1,1,1,-1,1,-1,-1,1,-1,1,1,1,1,-1,-1,1,1,1,-1,1,1,-1,-1,1,1,-1,1,-1,1,-1,-301.2957604338689,1
429,1,1,-1,-1,1,-1,-1,1,-1,-1,-1,-1,-1,1,1,-1,1,-1,1,-1,-1,1,1,1,-1,-1,-1,-1,-1,1,1,1,1,-1,1,1,-1,-1,1,1,1,1,-1,-1,1,-1,1,1,1,-1,-1,1,-1,-1,-1,1,1,1,-1,1,-1,-1,1,-1,-1,1,1,1,1,1,1,-1,-1,-1,-1,1,1,1,-1,-1,1,1,-1,1,1,1,1,1,-1,1,-1,-1,1,1,-1,1,-1,1,-1,1,-1,1,1,-1,1,-1,1,1,-1,1,-1,1,-1,-1,1,1,-1,1,1,1,1,1,-1,-1,-1,-1,1,1,1,-1,-1,-1,1,-1,1,1,1,-1,-1,1,-1,1,-1,1,1,1,-1,-1,1,-1,1,1,-1,-1,1,1,1,1,1,-1,-1,-1,1,1,-1,1,-1,1,1,1,1,1,1,1,1,-1,1,1,1,1,-1,1,-1,1,-1,-1,-1,1,1,-1,1,-1,-1,1,-1,1,1,1,1,-1,-1,1,1,1,1,1,1,-1,-1,1,-1,-1,1,-1,1,-1,-301.29560949248304,1
430,-1,-1,1,1,-1,1,1,-1,1,1,1,1,1,-1,-1,1,-1,1,-1,1,1,-1,-1,-1,1,1,1,1,1,-1,-1,-1,-1,1,-1,1,1,1,1,-1,-1,1,1,1,-1,1,-1,-1,-1,1,1,-1,1,1,1,-1,-1,-1,1,-1,1,1,-1,1,1,-1,-1,-1,-1,-1,-1,1,1,1,1,-1,-1,-1,-1,1,-1,1,1,-1,-1,-1,-1,1,1,-1,1,-1,-1,-1,-1,-1,-1,-1,1,1,1,-1,-1,1,-1,-1,1,-1,1,-1,-1,-1,1,-1,-1,-1,1,-1,-1,1,-1,-1,-1,1,1,-1,-1,-1,1,1,1,-1,-1,1,-1,-1,-1,1,1,-1,1,-1,1,1,-1,-1,1,1,-1,-1,-1,-1,1,1,-1,-1,-1,-1,-1,1,1,-1,-1,-1,1,-1,1,-1,-1,-1,-1,-1,-1,-1,-1,1,-1,-1,-1,-1,1,-1,1,-1,1,1,-1,-1,-1,1,-1,1,1,-1,1,-1,-1,-1,-1,1,1,-1,-1,-1,-1,1,-1,1,1,-1,1,-1,-1,1,1,1,-301.29216982695044,2
431,1,1,-1,-1,1,-1,-1,1,-1,-1,-1,-1,-1,1,1,-1,1,-1,1,-1,-1,1,1,1,-1,-1,-1,-1,-1,1,1,1,1,-1,1,1,-1,-1,1,1,1,-1,-1,-1,-1,-1,1,1,1,-1,-1,1,-1,-1,-1,1,1,1,-1,1,-1,-1,1,-1,-1,1,1,1,1,1,1,-1,-1,-1,-1,1,1,1,-1,-1,1,1,-1,1,1,1,1,1,-1,1,-1,1,1,1,1,1,-1,1,-1,1,-1,1,1,-1,1,-1,1,1,-1,1,-1,1,1,-1,1,1,-1,1,1,1,1,1,-1,-1,-1,-1,1,1,1,-1,-1,-1,1,-1,1,1,1,-1,-1,1,-1,1,-1,1,1,1,-1,-1,1,1,1,1,-1,-1,1,-1,1,1,1,-1,-1,1,1,1,-1,1,-1,1,1,1,1,1,1,1,1,-1,1,1,1,1,-1,1,-1,1,-1,1,1,1,1,1,1,-1,-1,1,-1,1,1,1,1,-1,-1,1,1,1,1,-1,1,-1,-1,1,-1,-1,1,-1,1,-1,-301.29111715329964,1
432,-1,-1,1,1,-1,1,1,-1,1,1,1,1,1,-1,-1,1,-1,1,-1,1,1,-1,-1,-1,1,1,1,1,1,-1,-1,-1,-1,1,-1,-1,1,1,-1,-1,-1,1,1,1,1,1,-1,-1,-1,1,1,-1,1,1,1,-1,-1,-1,1,-1,1,1,-1,1,1,-1,-1,-1,-1,-1,-1,1,1,1,1,-1,-1,-1,-1,1,-1,1,1,-1,-1,-1,-1,1,1,-1,1,-1,-1,-1,-1,-1,1,1,1,-1,-1,-1,-1,1,-1,-1,1,-1,1,-1,1,-1,1,1,-1,-1,1,-1,-1,1,-1,-1,1,1,1,-1,-1,-1,1,1,1,-1,-1,1,-1,-1,-1,1,1,-1,1,-1,1,1,-1,-1,1,1,-1,-1,-1,-1,1,1,-1,-1,-1,-1,-1,1,1,-1,-1,-1,1,-1,1,-1,-1,-1,-1,-1,-1,-1,-1,1,-1,-1,-1,-1,1,-1,1,-1,1,1,-1,-1,-1,-1,-1,1,1,-1,1,-1,-1,-1,-1,1,1,-1,-1,-1,-1,1,-1,1,1,-1,1,1,-1,1,-1,1,-301.2898427563688,1
433,1,-1,1,-1,-1,1,-1,-1,1,-1,1,1,-1,1,1,-1,-1,-1,1,-1,1,1,1,1,-1,-1,1,-1,-1,-1,1,1,-1,-1,1,1,-1,-1,1,1,-1,1,-1,-1,1,-1,-1,1,1,-1,-1,1,-1,-1,-1,1,1,1,-1,1,-1,-1,1,-1,-1,1,-1,-1,1,1,-1,-1,-1,-1,-1,1,1,1,-1,-1,1,1,-1,1,-1,1,1,-1,-1,1,-1,1,1,-1,1,1,-1,-1,-1,1,1,1,1,-1,1,1,-1,1,-1,1,-1,1,-1,1,1,1,-1,1,1,-1,1,1,-1,-1,-1,-1,1,1,-1,-1,-1,1,1,-1,-1,1,1,-1,-1,1,-1,1,-1,1,1,1,-1,-1,1,1,1,1,-1,-1,1,1,1,1,1,1,1,1,-1,1,-1,-1,-1,1,-1,1,1,-1,1,1,-1,-1,1,-1,-1,-1,-1,1,-1,1,-1,-1,-1,1,1,-1,1,-1,1,1,-1,1,1,1,1,-1,-1,1,1,1,-1,1,1,-1,-1,1,1,-1,1,1,-1,-1,-301.2887841266644,1
434,1,1,-1,-1,1,-1,-1,1,-1,-1,-1,-1,-1,1,1,-1,1,-1,1,-1,-1,1,1,1,-1,-1,-1,-1,-1,1,1,1,1,-1,1,1,-1,-1,1,1,1,1,-1,-1,1,-1,1,1,1,-1,-1,1,-1,-1,-1,1,1,1,-1,1,-1,-1,1,-1,-1,1,-1,1,1,1,1,-1,-1,-1,-1,1,1,1,-1,-1,1,1,-1,1,1,1,1,1,-1,1,-1,1,1,1,1,1,-1,1,-1,1,-1,1,1,-1,1,-1,1,1,-1,1,-1,1,-1,-1,1,1,-1,1,1,1,1,1,-1,-1,-1,-1,1,1,1,-1,-1,-1,1,-1,1,1,1,-1,-1,1,-1,1,-1,1,1,1,-1,-1,1,1,1,1,-1,-1,1,-1,1,1,1,-1,-1,1,1,1,-1,1,-1,1,1,1,1,1,1,1,1,-1,1,1,1,1,-1,1,-1,1,-1,-1,-1,1,1,-1,1,-1,-1,1,-1,1,1,1,1,-1,-1,1,1,1,1,1,1,-1,-1,1,-1,-1,1,-1,1,-1,-301.28789396142685,1
435,-1,-1,1,1,-1,1,1,-1,1,1,1,1,1,-1,-1,1,-1,1,-1,1,1,-1,-1,-1,1,1,1,1,1,-1,-1,-1,-1,1,-1,1,1,1,1,-1,-1,1,1,1,1,1,-1,-1,-1,1,1,-1,1,1,1,-1,-1,-1,1,-1,1,1,-1,1,1,-1,-1,-1,-1,-1,-1,1,1,1,1,-1,-1,-1,1,1,-1,-1,1,-1,-1,-1,-1,-1,1,-1,1,1,-1,-1,1,-1,1,-1,1,-1,1,-1,-1,1,-1,1,-1,-1,1,-1,1,-1,-1,1,-1,-1,1,-1,-1,-1,-1,-1,1,1,1,1,-1,-1,-1,1,1,1,-1,1,-1,-1,-1,1,1,-1,1,-1,1,-1,-1,-1,1,1,-1,1,-1,-1,1,1,-1,-1,-1,-1,-1,1,1,1,-1,-1,1,-1,1,-1,-1,-1,-1,-1,-1,-1,-1,1,-1,-1,-1,-1,1,-1,1,-1,1,1,-1,-1,-1,1,-1,1,1,-1,1,-1,-1,-1,-1,1,1,-1,-1,-1,-1,1,-1,1,1,-1,1,-1,-1,1,-1,-1,-301.2876179817669,1
436,1,1,-1,-1,1,-1,-1,1,-1,-1,-1,-1,-1,1,1,-1,1,-1,1,-1,-1,1,1,1,-1,-1,-1,-1,-1,1,1,1,1,-1,1,-1,-1,-1,-1,1,1,-1,-1,-1,-1,-1,1,1,1,-1,-1,1,-1,-1,-1,1,1,1,-1,1,-1,-1,1,-1,-1,1,1,1,1,1,1,-1,-1,-1,-1,1,1,1,-1,-1,1,1,-1,1,1,1,1,1,-1,1,-1,-1,1,1,-1,1,-1,1,-1,1,-1,1,1,-1,1,-1,1,1,-1,1,-1,1,1,-1,1,1,-1,1,1,1,1,1,-1,-1,-1,-1,1,1,1,-1,-1,-1,1,-1,1,1,1,-1,-1,1,-1,1,-1,1,1,1,-1,-1,1,-1,1,1,-1,-1,1,1,1,1,1,-1,-1,-1,1,1,-1,1,-1,1,1,1,1,1,1,1,1,-1,1,1,1,1,-1,1,-1,1,-1,-1,1,1,1,-1,1,-1,-1,1,-1,1,1,1,1,-1,-1,1,1,1,1,-1,1,-1,-1,1,-1,1,1,-1,1,1,-301.2876179817669,1
437,-1,-1,1,1,-1,1,1,-1,1,1,1,1,1,-1,-1,1,-1,1,-1,1,1,-1,-1,-1,1,1,1,1,1,-1,-1,-1,-1,1,-1,-1,1,1,-1,-1,-1,1,1,1,1,1,-1,-1,-1,1,1,-1,1,1,1,-1,-1,-1,1,-1,1,1,-1,1,1,-1,-1,-1,-1,-1,-1,1,1,1,1,-1,-1,-1,1,1,-1,-1,1,-1,1,-1,-1,1,1,-1,1,1,-1,-1,1,-1,1,-1,1,-1,1,-1,-1,1,-1,-1,1,-1,1,-1,1,-1,-1,1,-1,-1,1,-1,1,1,-1,-1,1,1,1,1,-1,-1,1,1,1,-1,-1,1,-1,-1,-1,1,1,-1,1,-1,1,-1,-1,-1,-1,1,-1,1,-1,-1,1,1,-1,-1,-1,-1,-1,1,1,1,-1,-1,1,-1,1,-1,-1,-1,-1,-1,-1,-1,-1,1,-1,-1,-1,-1,1,-1,1,-1,1,1,-1,-1,-1,-1,-1,1,1,-1,1,-1,-1,-1,-1,1,1,-1,-1,-1,-1,1,-1,1,1,-1,1,1,-1,1,-1,-1,-301.2817705452524,1
438,-1,-1,1,1,-1,1,1,-1,1,1,1,1,1,-1,-1,1,-1,1,-1,1,1,-1,-1,-1,1,1,1,1,1,-1,-1,-1,-1,1,-1,-1,1,1,-1,-1,-1,-1,1,1,1,1,-1,-1,-1,1,1,-1,1,1,1,-1,-1,-1,1,-1,1,1,-1,1,1,-1,-1,-1,-1,-1,-1,1,1,1,1,-1,-1,-1,1,1,1,-1,1,-1,-1,-1,1,-1,1,-1,1,-1,-1,-1,-1,-1,1,-1,1,-1,1,1,-1,1,-1,1,-1,1,1,-1,1,-1,1,1,-1,-1,1,-1,-1,-1,-1,-1,1,1,1,1,-1,-1,-1,1,1,1,-1,1,-1,-1,-1,1,1,-1,1,-1,1,-1,-1,-1,1,1,-1,-1,-1,-1,1,1,-1,1,-1,-1,-1,1,1,1,-1,-1,1,-1,1,-1,-1,-1,-1,-1,-1,-1,-1,1,-1,-1,-1,-1,1,-1,1,-1,1,-1,-1,-1,1,-1,1,1,1,-1,1,-1,-1,1,1,-1,-1,-1,-1,-1,-1,1,-1,1,1,-1,1,1,1,1,-1,1,-301.2770104686027,1
439,1,1,-1,-1,1,-1,-1,1,-1,-1,-1,-1,-1,1,1,-1,1,-1,1,-1,-1,1,1,1,-1,-1,-1,-1,-1,1,1,1,1,-1,1,1,-1,-1,1,1,1,1,-1,-1,-1,-1,1,1,1,-1,-1,1,-1,-1,-1,1,1,1,-1,1,-1,-1,1,-1,-1,1,1,1,1,1,1,-1,-1,-1,-1,1,1,1,-1,-1,-1,1,-1,1,1,1,-1,1,-1,1,-1,1,1,1,1,1,-1,1,-1,1,-1,-1,1,-1,1,-1,1,-1,-1,1,-1,1,-1,-1,1,1,-1,1,1,1,1,1,-1,-1,-1,-1,1,1,1,-1,-1,-1,1,-1,1,1,1,-1,-1,1,-1,1,-1,1,1,1,-1,-1,1,1,1,1,-1,-1,1,-1,1,1,1,-1,-1,-1,1,1,-1,1,-1,1,1,1,1,1,1,1,1,-1,1,1,1,1,-1,1,-1,1,-1,1,1,1,-1,1,-1,-1,-1,1,-1,1,1,-1,-1,1,1,1,1,1,1,-1,1,-1,-1,1,-1,-1,-1,-1,1,-1,-301.2770104686027,1
440,1,1,-1,-1,1,-1,-1,1,-1,-1,-1,-1,-1,1,1,-1,1,-1,1,-1,-1,1,1,1,-1,-1,-1,-1,-1,1,1,1,1,-1,1,1,-1,-1,1,1,1,1,-1,-1,1,-1,1,1,1,-1,-1,1,-1,-1,-1,1,1,1,-1,1,-1,-1,1,-1,-1,1,1,1,1,1,1,-1,-1,-1,-1,1,1,1,-1,-1,1,1,-1,1,1,1,-1,1,-1,1,-1,1,1,1,1,1,-1,1,-1,1,-1,-1,1,-1,1,-1,1,-1,-1,1,-1,1,1,-1,1,1,-1,1,1,1,1,1,-1,-1,-1,-1,1,1,1,-1,-1,-1,1,-1,1,1,1,-1,-1,1,-1,1,-1,1,1,1,-1,-1,1,1,1,1,-1,-1,1,-1,1,1,1,-1,-1,1,1,1,-1,1,-1,1,1,1,1,1,1,1,1,-1,1,1,1,1,-1,1,-1,1,-1,1,-1,1,-1,-1,1,-1,-1,1,-1,1,1,-1,1,-1,-1,1,1,1,1,1,1,-1,-1,1,-1,-1,1,-1,1,-1,-301.27695281815346,2
441,1,1,-1,-1,1,-1,-1,1,-1,-1,-1,-1,-1,1,1,-1,1,-1,1,-1,-1,1,1,1,-1,-1,-1,-1,-1,1,1,1,1,-1,1,1,-1,-1,1,1,1,1,-1,-1,1,-1,1,1,1,-1,-1,1,-1,-1,-1,1,1,1,-1,1,-1,-1,1,-1,-1,1,1,1,1,1,1,-1,-1,-1,-1,1,1,1,-1,-1,1,1,-1,1,1,1,-1,1,-1,1,-1,1,1,1,1,1,-1,1,-1,1,-1,-1,1,-1,1,-1,1,-1,-1,1,-1,1,1,-1,1,1,-1,1,1,1,1,1,-1,-1,-1,-1,1,1,1,-1,-1,-1,1,-1,1,1,1,-1,-1,1,-1,1,-1,1,1,1,-1,-1,1,1,1,1,-1,-1,1,-1,1,1,1,-1,-1,-1,1,1,-1,1,-1,1,1,1,1,1,1,1,1,-1,1,1,1,1,-1,1,-1,1,-1,1,-1,1,-1,-1,1,-1,-1,1,-1,1,1,-1,1,-1,-1,1,1,1,1,1,1,-1,-1,1,-1,-1,1,-1,1,1,-301.27688872835057,1
442,-1,-1,1,1,-1,1,1,-1,1,1,1,1,1,-1,-1,1,-1,1,-1,1,1,-1,-1,-1,1,1,1,1,1,-1,-1,-1,-1,1,-1,-1,1,1,-1,-1,-1,1,1,1,1,1,-1,-1,-1,1,1,-1,1,1,1,-1,-1,-1,1,-1,1,1,-1,1,1,-1,-1,-1,-1,-1,-1,1,1,1,1,-1,-1,-1,-1,1,-1,1,1,-1,1,-1,-1,1,1,-1,1,-1,-1,-1,-1,-1,1,1,1,-1,-1,-1,-1,1,-1,-1,1,-1,1,-1,1,-1,-1,1,-1,-1,1,-1,1,1,-1,-1,1,1,1,1,-1,-1,1,1,1,-1,-1,1,-1,-1,-1,1,1,-1,1,-1,1,1,-1,-1,1,1,-1,-1,-1,-1,1,1,-1,-1,-1,-1,-1,1,1,-1,-1,-1,1,-1,1,-1,-1,-1,-1,-1,-1,-1,-1,1,-1,-1,-1,-1,1,-1,1,-1,1,1,-1,-1,-1,-1,-1,1,1,-1,1,-1,-1,-1,-1,1,1,-1,-1,-1,-1,1,-1,1,1,-1,1,1,-1,1,-1,1,-301.27668849017925,1
443,1,1,-1,-1,1,-1,-1,1,-1,-1,-1,-1,-1,1,1,-1,1,-1,1,-1,-1,1,1,1,-1,-1,-1,-1,-1,1,1,1,1,-1,1,1,-1,-1,1,1,1,-1,-1,-1,-1,-1,1,1,1,-1,-1,1,-1,-1,-1,1,1,1,-1,1,-1,-1,1,-1,-1,1,1,1,1,1,1,-1,-1,-1,-1,1,1,1,-1,-1,1,1,-1,1,1,1,1,1,-1,1,-1,1,1,1,1,1,-1,1,-1,1,-1,-1,1,-1,1,-1,1,-1,-1,1,-1,1,-1,-1,1,1,-1,1,1,1,1,1,-1,-1,-1,-1,1,1,1,-1,-1,-1,1,-1,1,1,1,-1,-1,1,-1,1,-1,1,1,1,-1,-1,1,1,1,1,-1,-1,1,-1,1,1,1,-1,-1,1,1,1,-1,1,-1,1,1,1,1,1,1,1,1,-1,1,1,1,1,-1,1,-1,1,-1,1,1,1,-1,1,1,-1,-1,1,-1,1,1,-1,1,-1,-1,1,1,1,1,-1,1,-1,-1,1,-1,-1,1,-1,1,-1,-301.2715140569018,1
444,-1,-1,1,1,-1,1,1,-1,1,1,1,1,1,-1,-1,1,-1,1,-1,1,1,-1,-1,-1,1,1,1,1,1,-1,-1,-1,-1,1,-1,-1,1,1,-1,-1,-1,1,1,1,1,1,-1,-1,-1,1,1,-1,1,1,1,-1,-1,-1,1,-1,1,1,-1,1,1,-1,-1,-1,-1,-1,-1,1,1,1,1,-1,-1,-1,1,1,-1,-1,1,-1,-1,-1,-1,-1,1,-1,1,-1,-1,-1,-1,-1,1,-1,1,-1,1,1,-1,1,-1,1,-1,1,1,-1,1,-1,1,1,-1,-1,1,-1,-1,-1,-1,-1,1,1,1,1,-1,-1,-1,1,1,1,-1,1,-1,-1,-1,1,1,-1,1,-1,1,-1,-1,-1,1,1,-1,-1,-1,-1,1,1,-1,1,-1,-1,-1,1,1,-1,-1,-1,1,-1,1,-1,-1,-1,-1,-1,-1,-1,-1,1,-1,-1,-1,-1,1,-1,1,-1,1,-1,-1,-1,1,-1,-1,1,1,-1,1,-1,-1,1,-1,1,1,-1,-1,-1,-1,1,-1,1,1,-1,1,1,-1,1,-1,1,-301.2715140569018,1
445,1,1,-1,-1,1,-1,-1,1,-1,-1,-1,-1,-1,1,1,-1,1,-1,1,-1,-1,1,1,1,-1,-1,-1,-1,-1,1,1,1,1,-1,1,1,-1,-1,1,1,1,1,-1,-1,1,-1,1,1,1,-1,-1,1,-1,-1,-1,1,1,1,-1,1,-1,-1,1,-1,-1,1,1,1,1,1,1,-1,-1,-1,-1,1,1,1,-1,-1,1,1,-1,1,1,1,-1,1,-1,1,-1,1,1,1,1,1,-1,1,-1,1,-1,-1,1,-1,1,-1,1,-1,-1,1,-1,1,-1,-1,1,1,-1,1,1,1,1,1,-1,-1,-1,-1,1,1,1,-1,-1,-1,1,-1,1,1,1,-1,-1,1,-1,1,-1,1,1,1,-1,-1,1,1,1,1,-1,-1,1,-1,1,1,1,-1,-1,1,1,1,-1,1,-1,1,1,1,1,1,1,1,1,-1,1,1,1,1,-1,1,-1,1,-1,1,-1,1,-1,-1,1,-1,-1,1,-1,1,1,-1,1,-1,-1,1,1,1,1,1,1,-1,-1,1,-1,-1,1,-1,1,-1,-301.26805424026844,1
446,1,1,-1,-1,1,-1,-1,1,-1,-1,-1,-1,-1,1,1,-1,1,-1,1,-1,-1,1,1,1,-1,-1,-1,-1,-1,1,1,1,1,-1,1,1,-1,-1,1,1,1,1,-1,-1,1,-1,1,1,1,-1,-1,1,-1,-1,-1,1,1,1,-1,1,-1,-1,1,-1,-1,1,1,1,1,1,1,-1,-1,-1,-1,1,1,1,-1,-1,1,1,-1,1,1,1,-1,1,-1,1,-1,1,1,1,1,1,-1,1,-1,1,-1,-1,1,-1,1,-1,1,-1,-1,1,-1,1,-1,-1,1,1,-1,1,1,1,1,1,-1,-1,-1,-1,1,1,1,-1,-1,-1,1,-1,1,1,1,-1,-1,1,-1,1,-1,1,1,1,-1,-1,1,1,1,1,-1,-1,1,-1,1,1,1,-1,-1,-1,1,1,-1,1,-1,1,1,1,1,1,1,1,1,-1,1,1,1,1,-1,1,-1,1,-1,1,-1,1,-1,-1,1,-1,-1,1,-1,1,1,-1,1,-1,-1,1,1,1,1,1,1,-1,-1,1,-1,-1,1,-1,1,1,-301.26799015046555,1
447,-1,-1,1,1,-1,1,1,-1,1,1,1,1,1,-1,-1,1,-1,1,-1,1,1,-1,-1,-1,1,1,1,1,1,-1,-1,-1,-1,1,-1,-1,1,1,-1,-1,-1,-1,1,1,-1,1,-1,-1,-1,1,1,-1,1,1,1,-1,-1,-1,1,-1,1,1,-1,1,1,-1,-1,-1,-1,-1,-1,1,1,1,1,-1,-1,-1,1,1,-1,-1,1,-1,-1,-1,1,-1,1,-1,1,-1,-1,-1,-1,-1,1,-1,1,-1,1,1,-1,1,-1,1,-1,1,1,-1,1,-1,1,1,-1,-1,1,-1,-1,-1,-1,-1,1,1,1,1,-1,-1,-1,1,1,1,-1,1,-1,-1,-1,1,1,-1,1,-1,1,-1,-1,-1,1,1,-1,-1,-1,-1,1,1,-1,1,-1,-1,-1,1,1,1,-1,-1,1,-1,1,-1,-1,-1,-1,-1,-1,-1,-1,1,-1,-1,-1,-1,1,-1,1,-1,1,-1,1,-1,1,1,-1,1,1,-1,1,-1,-1,1,-1,1,1,-1,-1,-1,-1,-1,-1,1,1,-1,1,1,-1,1,-1,-1,-301.26799015046555,1
448,-1,-1,1,1,-1,1,1,-1,1,1,1,1,1,-1,-1,1,-1,1,-1,1,1,-1,-1,-1,1,1,1,1,1,-1,-1,-1,-1,1,-1,-1,1,1,-1,-1,-1,1,1,1,1,1,-1,-1,-1,1,1,-1,1,1,1,-1,-1,-1,1,-1,1,1,-1,1,1,-1,-1,-1,-1,-1,-1,1,1,1,1,-1,-1,-1,1,1,1,-1,1,-1,-1,-1,1,-1,1,-1,1,1,-1,-1,1,-1,1,-1,1,-1,1,1,-1,1,-1,1,-1,1,1,-1,1,-1,-1,1,-1,-1,1,-1,-1,-1,-1,-1,1,1,1,1,-1,-1,-1,1,1,1,-1,1,-1,-1,-1,1,1,-1,1,-1,1,-1,-1,-1,1,1,-1,1,-1,-1,1,1,-1,-1,-1,-1,-1,1,1,1,-1,-1,1,-1,1,-1,-1,-1,-1,-1,-1,-1,-1,1,-1,-1,-1,-1,1,-1,1,-1,1,-1,-1,-1,1,-1,1,1,1,-1,1,-1,-1,1,-1,1,1,-1,-1,-1,-1,1,-1,1,1,-1,1,1,-1,1,-1,1,-301.2658598276336,3
449,-1,1,-1,1,1,-1,1,1,-1,1,-1,-1,1,-1,-1,1,1,1,-1,1,-1,-1,-1,-1,1,1,-1,1,1,1,-1,-1,1,1,-1,-1,1,1,-1,-1,1,-1,1,1,-1,1,1,-1,-1,1,1,-1,1,1,1,-1,-1,-1,1,-1,1,1,-1,1,1,-1,-1,-1,-1,-1,-1,1,1,1,1,-1,-1,-1,1,1,-1,-1,1,-1,1,-1,-1,1,1,-1,1,1,-1,-1,1,-1,1,1,1,-1,-1,-1,-1,1,-1,-1,1,-1,1,-1,1,-1,-1,1,-1,-1,1,-1,1,1,-1,-1,1,1,1,1,-1,-1,1,1,1,-1,-1,1,-1,-1,-1,1,1,-1,1,-1,1,-1,-1,-1,-1,1,-1,1,-1,-1,-1,1,-1,-1,-1,-1,-1,-1,-1,-1,1,-1,1,1,1,-1,1,-1,-1,1,-1,-1,1,1,-1,1,1,1,1,-1,1,-1,1,1,1,-1,-1,1,-1,1,-1,-1,1,-1,-1,-1,-1,1,1,-1,-1,-1,1,-1,-1,1,1,-1,-1,1,-1,-1,1,1,-301.26279238946194,3
450,1,1,-1,-1,1,-1,-1,1,-1,-1,-1,-1,-1,1,1,-1,1,-1,1,-1,-1,1,1,1,-1,-1,-1,-1,-1,1,1,1,1,-1,1,-1,-1,-1,-1,1,1,-1,-1,-1,-1,-1,1,1,1,-1,-1,1,-1,-1,-1,1,1,1,-1,1,-1,-1,1,-1,-1,1,1,1,1,1,1,-1,-1,-1,-1,1,1,1,-1,-1,1,1,-1,1,1,1,-1,1,-1,1,-1,1,1,1,1,1,-1,1,-1,1,-1,-1,1,-1,1,-1,1,-1,-1,1,-1,1,1,-1,1,1,-1,1,1,1,1,1,-1,-1,-1,-1,1,1,1,-1,-1,-1,1,-1,1,1,1,-1,-1,1,-1,1,-1,1,1,1,-1,-1,1,1,1,1,-1,-1,1,-1,1,1,1,-1,-1,1,1,1,-1,1,-1,1,1,1,1,1,1,1,1,-1,1,1,1,1,-1,1,-1,1,-1,1,1,1,-1,-1,1,-1,-1,1,-1,1,1,-1,1,-1,-1,1,1,1,1,-1,1,-1,-1,1,-1,1,1,-1,1,1,-301.2600627295523,2
451,1,1,-1,-1,1,-1,-1,1,-1,-1,-1,-1,-1,1,-1,-1,1,-1,1,-1,-1,1,1,1,-1,-1,-1,-1,-1,1,1,1,1,-1,1,-1,-1,-1,-1,1,1,-1,-1,-1,1,-1,1,1,1,-1,-1,1,-1,-1,-1,1,1,1,-1,1,-1,-1,1,-1,-1,1,1,1,1,1,1,-1,-1,-1,-1,1,1,1,-1,-1,1,1,-1,1,1,1,1,1,-1,1,-1,1,1,1,1,1,-1,1,-1,1,-1,1,1,-1,1,-1,1,1,-1,1,-1,1,1,-1,1,1,-1,1,1,1,1,1,-1,-1,-1,-1,1,1,1,-1,-1,-1,1,-1,1,1,1,-1,-1,1,-1,1,-1,1,1,1,-1,-1,1,1,1,1,-1,-1,1,-1,1,1,1,-1,-1,-1,1,1,-1,1,-1,1,1,1,1,1,1,1,1,-1,1,1,1,1,-1,1,-1,1,-1,-1,1,1,1,-1,1,-1,-1,1,-1,1,1,1,1,-1,-1,1,1,1,1,-1,1,-1,-1,1,-1,1,1,-1,-1,-1,-301.2589564858065,1
452,-1,-1,1,1,-1,1,1,-1,1,1,1,1,1,-1,-1,1,-1,1,-1,1,1,-1,-1,-1,1,1,1,1,1,-1,-1,-1,-1,1,-1,-1,1,1,-1,-1,-1,1,1,1,1,1,-1,-1,-1,1,1,-1,1,1,1,-1,-1,-1,1,-1,1,1,-1,1,1,-1,-1,-1,-1,-1,-1,1,1,1,1,-1,-1,-1,1,1,-1,-1,1,-1,-1,-1,-1,1,1,-1,1,1,-1,-1,1,-1,1,-1,1,-1,1,-1,-1,1,-1,1,-1,-1,1,-1,1,-1,1,1,-1,-1,1,-1,-1,-1,-1,-1,1,1,1,1,-1,-1,-1,1,1,1,-1,1,-1,-1,-1,1,1,-1,1,-1,1,-1,-1,-1,1,1,-1,1,-1,-1,1,1,-1,-1,-1,-1,-1,1,1,1,-1,-1,1,-1,1,-1,-1,-1,-1,-1,-1,-1,-1,1,-1,-1,-1,-1,1,-1,1,-1,1,1,-1,-1,-1,-1,-1,1,1,-1,1,-1,-1,-1,-1,1,1,-1,-1,-1,-1,1,-1,1,1,-1,1,1,-1,1,-1,1,-301.2589281707312,1
453,1,1,-1,-1,1,-1,-1,1,-1,-1,-1,-1,-1,1,1,-1,1,-1,1,-1,-1,1,1,1,-1,-1,-1,-1,-1,1,1,1,1,-1,1,1,-1,-1,1,1,1,-1,-1,-1,-1,-1,1,1,1,-1,-1,1,-1,-1,-1,1,1,1,-1,1,-1,-1,1,-1,-1,1,1,1,1,1,1,-1,-1,-1,-1,1,1,1,-1,-1,-1,1,-1,1,1,1,-1,1,-1,1,-1,-1,1,1,-1,1,-1,1,-1,1,-1,-1,1,-1,1,-1,1,-1,-1,1,-1,1,-1,-1,1,1,-1,1,1,1,1,1,-1,-1,-1,-1,1,1,1,-1,-1,-1,1,-1,1,1,1,-1,-1,1,-1,1,-1,1,1,1,-1,-1,1,-1,1,1,-1,-1,1,1,1,1,1,-1,-1,-1,1,1,-1,1,-1,1,1,1,1,1,1,1,1,-1,1,1,1,1,-1,1,-1,1,-1,1,1,1,-1,1,-1,-1,-1,1,-1,1,1,-1,1,-1,-1,1,1,1,1,-1,1,-1,-1,1,-1,-1,1,-1,1,-1,-301.2569612497486,1
454,-1,-1,1,1,-1,1,1,-1,1,1,1,1,1,-1,-1,1,-1,1,-1,1,1,-1,-1,-1,1,1,1,1,1,-1,-1,-1,-1,1,-1,-1,1,1,-1,-1,-1,1,1,1,1,1,-1,-1,-1,1,1,-1,1,1,1,-1,-1,-1,1,-1,1,1,-1,1,1,-1,-1,-1,-1,-1,-1,1,1,1,1,-1,-1,-1,1,1,1,-1,1,-1,-1,-1,1,-1,1,-1,1,1,-1,-1,1,-1,1,-1,1,-1,1,1,-1,1,-1,1,-1,1,1,-1,1,-1,1,1,-1,-1,1,-1,-1,-1,-1,-1,1,1,1,1,-1,-1,-1,1,1,1,-1,1,-1,-1,-1,1,1,-1,1,-1,1,-1,-1,-1,1,1,-1,1,-1,-1,1,1,-1,-1,-1,-1,-1,1,1,1,-1,-1,1,-1,1,-1,-1,-1,-1,-1,-1,-1,-1,1,-1,-1,-1,-1,1,-1,1,-1,1,-1,-1,-1,1,-1,1,1,1,-1,1,-1,-1,1,-1,1,1,-1,-1,-1,-1,1,-1,1,1,-1,1,1,-1,1,-1,1,-301.2569612497486,2
455,1,1,-1,-1,1,-1,-1,1,-1,-1,-1,-1,-1,1,1,-1,1,-1,1,-1,-1,1,1,1,-1,-1,-1,-1,-1,1,1,1,1,-1,1,-1,-1,-1,-1,1,1,-1,-1,-1,-1,-1,1,1,1,-1,-1,1,-1,-1,-1,1,1,1,-1,1,-1,-1,1,-1,-1,1,-1,1,1,-1,1,-1,-1,-1,-1,1,1,1,-1,-1,1,1,-1,1,1,1,1,1,-1,1,-1,1,1,1,1,1,-1,1,-1,1,-1,1,1,-1,1,-1,1,1,-1,1,-1,1,-1,-1,1,-1,-1,1,1,1,1,1,-1,-1,-1,-1,1,1,1,-1,-1,-1,1,-1,1,1,1,-1,-1,1,-1,1,-1,1,1,1,-1,-1,1,1,1,1,-1,-1,1,-1,1,1,1,-1,-1,1,1,1,-1,1,-1,1,1,1,1,1,1,1,1,-1,1,1,1,1,-1,1,-1,1,-1,-1,1,1,1,-1,1,-1,-1,1,-1,1,1,1,1,-1,-1,1,1,1,1,-1,1,-1,-1,1,-1,1,1,-1,1,1,-301.25651871370025,1
456,-1,-1,1,1,-1,1,1,-1,1,1,1,1,1,-1,-1,1,-1,1,-1,1,1,-1,-1,-1,1,1,1,1,1,-1,-1,-1,-1,1,-1,1,1,1,1,-1,-1,1,1,1,-1,1,-1,-1,-1,1,1,-1,1,1,1,-1,-1,-1,1,-1,1,1,-1,1,1,-1,-1,-1,-1,-1,-1,1,1,1,1,-1,-1,-1,1,1,-1,-1,1,-1,1,-1,-1,1,1,-1,1,1,-1,-1,1,-1,1,-1,1,-1,1,-1,-1,1,-1,-1,1,-1,1,-1,1,-1,-1,1,-1,-1,1,-1,1,1,-1,-1,1,1,1,1,-1,-1,1,1,1,-1,-1,1,-1,-1,-1,1,1,-1,1,-1,1,-1,-1,-1,-1,1,-1,1,-1,-1,1,1,-1,-1,-1,-1,-1,1,1,1,-1,-1,1,-1,1,-1,-1,-1,-1,-1,-1,-1,-1,1,-1,-1,-1,-1,1,-1,1,-1,1,1,-1,-1,-1,1,-1,1,1,-1,1,-1,-1,-1,-1,1,1,-1,-1,-1,-1,1,-1,1,1,-1,1,-1,-1,1,1,1,-301.2554053699982,1
457,-1,1,-1,1,1,-1,1,1,-1,1,-1,-1,1,-1,-1,1,1,1,-1,1,1,-1,-1,-1,1,1,-1,1,1,1,-1,-1,1,1,-1,-1,1,1,-1,-1,1,-1,1,1,-1,1,1,-1,-1,1,1,-1,1,1,1,-1,-1,-1,1,-1,1,1,-1,1,1,-1,-1,-1,-1,-1,-1,1,1,1,1,-1,-1,-1,1,1,-1,-1,1,-1,1,-1,-1,1,1,-1,1,-1,-1,-1,-1,-1,1,1,1,-1,-1,-1,-1,1,-1,-1,1,-1,1,-1,1,-1,-1,1,-1,-1,1,-1,1,1,-1,-1,1,1,1,1,-1,-1,1,1,1,-1,-1,1,-1,-1,-1,1,1,-1,1,-1,1,-1,-1,-1,1,1,-1,-1,-1,-1,1,1,-1,-1,-1,-1,-1,-1,-1,-1,1,-1,1,1,1,-1,1,-1,-1,1,-1,-1,1,1,-1,1,1,1,1,-1,1,-1,1,1,1,-1,-1,1,-1,1,-1,-1,1,-1,-1,-1,-1,1,1,-1,-1,-1,1,-1,-1,1,1,-1,-1,1,-1,-1,1,1,-301.25533116590105,1
458,-1,-1,1,1,-1,1,1,-1,1,1,1,1,1,-1,-1,1,-1,1,-1,1,1,-1,-1,-1,1,1,1,1,1,-1,-1,-1,-1,1,-1,1,1,1,1,-1,-1,1,1,1,-1,1,-1,-1,-1,1,1,-1,1,1,1,-1,-1,-1,1,-1,1,1,-1,1,1,-1,-1,-1,-1,-1,-1,1,1,1,1,-1,-1,-1,1,1,-1,-1,1,-1,-1,-1,1,-1,1,-1,1,-1,-1,-1,-1,-1,1,-1,1,-1,1,1,-1,1,-1,1,-1,1,1,-1,1,-1,-1,1,-1,-1,1,-1,-1,-1,-1,-1,1,1,1,1,-1,-1,-1,1,1,1,-1,1,-1,-1,-1,1,1,-1,1,-1,1,-1,-1,-1,1,1,-1,-1,-1,-1,1,1,-1,1,-1,-1,-1,1,1,-1,-1,-1,1,-1,1,-1,-1,-1,-1,-1,-1,-1,-1,1,-1,-1,-1,-1,1,-1,1,-1,1,-1,-1,-1,1,1,-1,1,1,-1,1,-1,-1,1,-1,1,1,-1,-1,-1,-1,1,-1,1,1,-1,1,-1,-1,1,1,-1,-301.25184026510027,1
459,1,-1,1,-1,-1,-1,-1,-1,1,-1,1,-1,-1,1,1,-1,-1,-1,1,-1,-1,1,1,1,-1,-1,1,-1,-1,-1,1,1,-1,-1,1,1,-1,-1,1,1,-1,1,-1,-1,1,-1,-1,1,1,-1,-1,1,-1,-1,-1,1,1,1,-1,1,-1,-1,1,-1,-1,1,1,1,1,1,1,-1,-1,-1,-1,1,1,1,1,-1,1,-1,-1,1,1,1,1,-1,-1,1,-1,1,1,1,1,1,-1,-1,-1,1,1,1,1,-1,1,1,-1,1,-1,1,-1,1,-1,-1,1,1,-1,1,1,-1,1,1,-1,-1,-1,1,1,1,-1,-1,-1,1,1,-1,1,1,1,-1,-1,1,-1,1,-1,-1,1,1,-1,-1,1,1,1,1,-1,-1,1,1,1,1,1,1,1,1,-1,1,-1,-1,-1,1,-1,1,1,-1,1,1,-1,-1,1,-1,-1,-1,-1,1,-1,1,-1,-1,-1,1,1,-1,1,-1,1,1,-1,1,1,1,1,-1,-1,1,1,1,1,1,1,-1,-1,1,1,-1,1,-1,1,1,-301.25137301869415,1
460,1,1,-1,-1,1,-1,-1,1,-1,-1,-1,-1,-1,1,1,-1,1,-1,1,-1,-1,1,1,1,1,-1,-1,-1,-1,1,1,1,1,-1,1,1,-1,-1,1,1,1,-1,-1,-1,-1,-1,1,1,1,-1,-1,1,-1,-1,-1,1,1,1,-1,1,-1,-1,1,-1,-1,1,1,1,1,1,1,-1,-1,-1,-1,1,1,1,-1,-1,1,1,-1,1,1,1,1,1,-1,1,-1,1,1,1,1,1,-1,1,-1,1,-1,1,1,-1,1,-1,1,1,-1,1,-1,1,-1,-1,1,1,-1,1,1,1,1,1,-1,-1,-1,-1,1,1,1,-1,-1,-1,1,-1,1,1,1,-1,-1,1,-1,1,-1,1,1,1,-1,-1,1,1,1,1,-1,-1,1,-1,1,1,1,-1,-1,-1,1,1,-1,1,-1,1,1,1,1,1,1,1,1,-1,1,1,1,1,-1,1,-1,1,-1,-1,1,1,1,1,1,-1,-1,1,-1,1,1,1,1,-1,-1,1,1,1,1,-1,1,-1,-1,1,-1,-1,1,-1,1,-1,-301.25111177712483,1
461,-1,-1,1,1,-1,1,1,-1,1,1,1,1,1,-1,-1,1,-1,1,-1,1,1,-1,-1,-1,1,1,1,1,1,-1,-1,-1,-1,1,-1,-1,1,1,-1,-1,-1,1,1,1,1,1,-1,-1,-1,1,1,-1,1,1,1,-1,-1,-1,1,-1,1,1,-1,1,1,-1,1,-1,-1,-1,-1,1,1,1,1,-1,-1,-1,1,1,-1,-1,1,-1,-1,-1,1,-1,1,-1,1,-1,-1,-1,-1,-1,1,-1,1,-1,1,1,-1,1,-1,1,-1,1,1,-1,1,-1,1,1,-1,-1,1,-1,-1,-1,-1,-1,1,1,1,1,-1,-1,-1,1,1,1,-1,1,-1,-1,-1,1,1,-1,1,-1,1,-1,-1,-1,1,1,-1,-1,-1,-1,1,1,-1,1,-1,-1,-1,1,1,1,-1,-1,1,-1,1,-1,-1,-1,-1,-1,-1,-1,-1,1,-1,-1,-1,-1,1,-1,1,-1,1,-1,-1,-1,1,-1,1,1,1,-1,1,-1,-1,1,-1,1,1,-1,-1,-1,-1,1,-1,1,1,-1,1,1,-1,1,-1,1,-301.2494292764657,2
462,-1,-1,1,1,-1,1,1,-1,1,1,1,1,1,-1,-1,1,-1,1,-1,1,1,-1,-1,-1,1,1,1,1,1,-1,-1,-1,-1,1,-1,-1,1,1,-1,-1,-1,1,1,1,1,1,-1,-1,-1,1,1,-1,1,1,1,-1,-1,-1,1,-1,1,1,-1,1,1,-1,1,-1,-1,-1,-1,1,1,1,1,-1,-1,-1,1,1,1,-1,1,-1,-1,-1,1,-1,1,-1,1,-1,-1,-1,-1,-1,1,-1,1,-1,1,1,-1,1,-1,1,-1,1,1,-1,1,-1,1,1,-1,-1,1,-1,-1,-1,-1,-1,1,1,1,1,-1,-1,-1,1,1,1,-1,1,-1,-1,-1,1,1,-1,1,-1,1,-1,-1,-1,1,1,-1,-1,-1,-1,1,1,-1,1,-1,-1,-1,1,1,-1,-1,-1,1,-1,1,-1,-1,-1,-1,-1,-1,-1,-1,1,-1,-1,-1,-1,1,-1,1,-1,1,-1,-1,-1,1,-1,1,1,1,-1,1,-1,-1,1,-1,1,1,-1,-1,-1,-1,1,-1,1,1,-1,1,1,-1,1,-1,1,-301.2492457186924,1
463,1,1,-1,-1,1,-1,-1,1,-1,-1,-1,-1,-1,1,1,-1,1,-1,1,-1,-1,1,1,1,-1,-1,-1,-1,-1,1,1,1,1,-1,1,-1,-1,-1,-1,1,1,-1,-1,-1,1,-1,1,1,1,-1,-1,1,-1,-1,-1,1,1,1,-1,1,-1,-1,1,-1,-1,1,1,1,1,1,1,-1,-1,-1,-1,1,1,1,-1,-1,1,1,-1,1,1,1,1,1,-1,1,-1,1,1,1,1,1,-1,1,-1,1,-1,-1,1,-1,1,-1,1,-1,-1,1,-1,1,-1,-1,1,1,-1,1,1,1,1,1,-1,-1,-1,-1,1,1,1,-1,-1,-1,1,-1,1,1,1,-1,-1,1,-1,1,-1,1,1,1,-1,-1,1,1,1,1,-1,-1,1,-1,1,1,1,-1,-1,-1,1,1,-1,1,-1,1,1,1,1,1,1,1,1,-1,1,1,1,1,-1,1,-1,1,-1,1,1,1,-1,-1,1,-1,-1,1,-1,1,1,-1,1,-1,-1,1,1,1,1,-1,1,-1,-1,1,-1,1,1,-1,-1,-1,-301.24508479184476,1
464,1,1,1,-1,1,-1,-1,1,-1,-1,-1,-1,-1,1,1,-1,1,-1,1,-1,-1,1,1,1,-1,-1,-1,-1,-1,1,1,1,1,-1,1,1,-1,-1,1,1,1,-1,-1,-1,-1,-1,1,1,1,-1,-1,1,-1,-1,-1,1,1,1,-1,1,-1,-1,1,-1,-1,1,1,1,1,1,1,-1,-1,-1,-1,1,1,1,-1,-1,1,1,-1,1,1,1,-1,1,-1,1,-1,1,1,1,1,1,-1,1,-1,1,-1,-1,1,-1,1,-1,1,-1,-1,1,-1,1,1,-1,1,1,-1,1,1,1,1,1,-1,-1,-1,-1,1,1,1,-1,-1,-1,1,-1,1,1,1,-1,-1,1,-1,1,-1,1,1,1,-1,-1,1,1,1,1,-1,-1,1,-1,1,1,1,-1,-1,1,1,1,-1,1,-1,1,1,1,1,1,1,1,1,-1,1,1,1,1,-1,1,-1,1,-1,1,1,1,-1,1,-1,-1,-1,1,-1,1,1,-1,1,-1,-1,1,1,1,-1,-1,1,-1,-1,1,1,-1,1,-1,1,-1,-301.24296827799225,2
465,-1,-1,-1,1,-1,1,1,-1,1,1,1,1,1,-1,-1,1,-1,1,-1,1,1,-1,-1,-1,1,1,1,1,1,-1,-1,-1,-1,1,-1,-1,1,1,-1,-1,-1,1,1,1,1,1,-1,-1,-1,1,1,-1,1,1,1,-1,-1,-1,1,-1,1,1,-1,1,1,-1,-1,-1,-1,-1,-1,1,1,1,1,-1,-1,-1,1,1,-1,-1,1,-1,-1,-1,1,-1,1,-1,1,-1,-1,-1,-1,-1,1,-1,1,-1,1,1,-1,1,-1,1,-1,1,1,-1,1,-1,-1,1,-1,-1,1,-1,-1,-1,-1,-1,1,1,1,1,-1,-1,-1,1,1,1,-1,1,-1,-1,-1,1,1,-1,1,-1,1,-1,-1,-1,1,1,-1,-1,-1,-1,1,1,-1,1,-1,-1,-1,1,1,-1,-1,-1,1,-1,1,-1,-1,-1,-1,-1,-1,-1,-1,1,-1,-1,-1,-1,1,-1,1,-1,1,-1,-1,-1,1,-1,1,1,1,-1,1,-1,-1,1,-1,1,1,-1,-1,-1,1,1,-1,1,1,-1,-1,1,-1,1,-1,1,-301.24296827799225,1
466,-1,1,-1,1,1,-1,1,1,-1,1,-1,-1,-1,-1,-1,-1,1,-1,1,-1,-1,-1,-1,-1,-1,-1,1,1,-1,1,1,1,1,-1,-1,1,-1,-1,1,-1,1,1,1,1,-1,1,1,-1,1,1,1,1,1,1,1,-1,-1,-1,1,-1,1,1,-1,1,1,-1,1,1,-1,-1,1,1,1,1,1,-1,-1,-1,1,1,-1,-1,1,-1,1,-1,-1,1,1,-1,1,-1,-1,1,-1,-1,1,1,1,-1,-1,-1,-1,1,-1,1,1,-1,-1,-1,1,1,1,1,-1,-1,-1,1,-1,-1,-1,-1,1,-1,-1,1,-1,-1,1,1,1,-1,1,1,1,1,-1,1,1,1,1,-1,1,-1,-1,-1,1,1,-1,-1,-1,-1,1,-1,-1,-1,1,-1,-1,-1,-1,-1,1,-1,1,1,1,-1,1,1,-1,1,-1,-1,1,1,-1,1,1,1,1,-1,1,1,1,1,-1,-1,-1,1,-1,1,-1,-1,1,-1,-1,-1,-1,1,1,1,-1,-1,1,1,-1,1,1,-1,-1,-1,-1,-1,1,1,-301.2425029973184,59
467,1,-1,1,-1,-1,1,-1,-1,1,-1,1,1,1,1,1,1,-1,1,-1,1,1,1,1,1,1,1,-1,-1,1,-1,-1,-1,-1,1,1,-1,1,1,-1,1,-1,-1,-1,-1,1,-1,-1,1,-1,-1,-1,-1,-1,-1,-1,1,1,1,-1,1,-1,-1,1,-1,-1,1,-1,-1,1,1,-1,-1,-1,-1,-1,1,1,1,-1,-1,1,1,-1,1,-1,1,1,-1,-1,1,-1,1,1,-1,1,1,-1,-1,-1,1,1,1,1,-1,1,-1,-1,1,1,1,-1,-1,-1,-1,1,1,1,-1,1,1,1,1,-1,1,1,-1,1,1,-1,-1,-1,1,-1,-1,-1,-1,1,-1,-1,-1,-1,1,-1,1,1,1,-1,-1,1,1,1,1,-1,1,1,1,-1,1,1,1,1,1,-1,1,-1,-1,-1,1,-1,-1,1,-1,1,1,-1,-1,1,-1,-1,-1,-1,1,-1,-1,-1,-1,1,1,1,-1,1,-1,1,1,-1,1,1,1,1,-1,-1,-1,1,1,-1,-1,1,-1,-1,1,1,1,1,1,-1,-1,-301.2425029973184,6
468,-1,-1,1,1,-1,1,1,-1,1,1,1,1,1,-1,-1,1,-1,1,-1,1,1,-1,-1,-1,1,1,1,1,1,-1,-1,-1,-1,1,-1,-1,1,1,-1,-1,-1,-1,1,1,1,1,-1,-1,-1,1,1,-1,1,1,1,-1,-1,-1,1,-1,1,1,-1,1,1,-1,-1,-1,-1,-1,-1,1,1,1,1,-1,-1,-1,1,1,1,-1,1,-1,-1,-1,1,-1,1,-1,1,-1,-1,-1,-1,-1,1,-1,1,-1,1,1,-1,1,-1,1,-1,1,1,-1,1,-1,1,1,-1,-1,1,-1,-1,-1,-1,-1,1,1,1,1,-1,-1,-1,1,1,1,-1,1,-1,-1,-1,1,1,-1,1,-1,1,-1,-1,-1,1,1,-1,-1,-1,-1,1,1,-1,1,-1,-1,-1,1,1,-1,-1,-1,1,-1,1,-1,-1,-1,-1,-1,-1,-1,-1,1,-1,-1,-1,-1,1,-1,1,-1,1,-1,-1,-1,1,-1,1,1,1,-1,1,-1,-1,1,-1,1,1,-1,-1,-1,-1,-1,-1,1,1,-1,1,1,1,1,-1,1,-301.23684644610887,1
469,-1,-1,1,1,-1,1,1,-1,1,1,1,1,1,-1,-1,1,-1,1,-1,1,1,-1,-1,-1,1,1,1,1,1,-1,-1,-1,-1,1,-1,-1,1,1,-1,-1,-1,-1,1,1,1,1,-1,-1,-1,1,1,-1,1,1,1,-1,-1,-1,1,-1,1,1,-1,1,1,-1,-1,-1,-1,-1,-1,1,1,1,1,-1,-1,-1,1,1,-1,-1,1,-1,-1,-1,1,-1,1,-1,1,-1,-1,-1,-1,-1,1,-1,1,-1,1,1,-1,1,-1,1,-1,1,1,-1,1,-1,-1,1,-1,-1,1,-1,-1,-1,-1,-1,1,1,1,1,-1,-1,-1,1,1,1,-1,1,-1,-1,-1,1,1,-1,1,-1,1,-1,-1,-1,1,1,-1,-1,-1,-1,1,1,-1,1,-1,-1,-1,1,1,-1,-1,-1,1,-1,1,-1,-1,-1,-1,-1,-1,-1,-1,1,-1,-1,-1,-1,1,-1,1,-1,1,-1,-1,-1,1,-1,1,1,1,-1,1,-1,-1,1,-1,1,1,-1,-1,-1,-1,-1,-1,1,1,-1,1,1,-1,1,-1,-1,-301.2368034661275,1
470,1,1,-1,-1,1,-1,-1,1,-1,-1,-1,-1,-1,1,1,-1,1,-1,1,-1,-1,1,1,1,-1,-1,-1,-1,-1,1,1,1,1,-1,1,1,-1,-1,1,1,1,-1,-1,-1,-1,-1,1,1,1,-1,-1,1,-1,-1,-1,1,1,1,-1,1,-1,-1,1,-1,-1,1,-1,1,1,-1,1,-1,-1,-1,-1,1,1,1,-1,-1,1,1,-1,1,1,1,-1,1,-1,1,-1,1,1,1,1,1,-1,1,-1,1,-1,-1,1,-1,1,-1,1,-1,-1,1,-1,1,-1,-1,1,-1,-1,1,1,1,1,1,-1,-1,-1,-1,1,1,1,-1,-1,-1,1,-1,1,1,1,-1,-1,1,-1,1,-1,1,1,1,-1,-1,1,1,1,1,-1,-1,1,-1,1,1,1,-1,-1,-1,1,1,-1,1,-1,1,1,1,1,1,1,1,1,-1,1,1,1,1,-1,1,-1,1,-1,1,1,1,-1,1,-1,-1,-1,1,-1,1,1,-1,1,-1,-1,1,1,1,1,-1,1,-1,-1,1,-1,-1,1,-1,1,-1,-301.2349441173403,1
471,1,1,1,-1,1,-1,-1,1,-1,-1,-1,-1,-1,1,1,-1,1,-1,1,-1,-1,1,1,1,-1,-1,-1,-1,-1,1,1,1,1,-1,1,1,-1,-1,1,1,1,-1,-1,-1,-1,-1,1,1,1,-1,-1,1,-1,-1,-1,1,1,1,-1,1,-1,-1,1,-1,-1,1,1,1,1,1,1,-1,-1,-1,-1,1,1,1,-1,-1,1,1,-1,1,1,1,-1,1,-1,1,-1,1,1,1,1,1,-1,1,-1,1,-1,-1,1,-1,1,-1,1,-1,-1,1,-1,1,-1,-1,1,1,-1,1,1,1,1,1,-1,-1,-1,-1,1,1,1,-1,-1,-1,1,-1,1,1,1,-1,-1,1,-1,1,-1,1,1,1,-1,-1,1,1,1,1,-1,-1,1,-1,1,1,1,-1,-1,-1,1,1,-1,1,-1,1,1,1,1,1,1,1,1,-1,1,1,1,1,-1,1,-1,1,-1,1,1,1,-1,1,-1,-1,-1,1,-1,1,1,-1,1,-1,-1,1,1,1,-1,-1,1,-1,-1,1,1,-1,1,-1,1,1,-301.23400561030434,1
472,-1,-1,-1,1,-1,1,1,-1,1,1,1,1,1,-1,-1,1,-1,1,-1,1,1,-1,-1,-1,1,1,1,1,1,-1,-1,-1,-1,1,-1,-1,1,1,-1,-1,-1,1,1,1,1,1,-1,-1,-1,1,1,-1,1,1,1,-1,-1,-1,1,-1,1,1,-1,1,1,-1,-1,-1,-1,-1,-1,1,1,1,1,-1,-1,-1,1,1,-1,-1,1,-1,-1,-1,1,-1,1,-1,1,-1,-1,-1,-1,-1,1,-1,1,-1,1,1,-1,1,-1,1,-1,1,1,-1,1,-1,1,1,-1,-1,1,-1,-1,-1,-1,-1,1,1,1,1,-1,-1,-1,1,1,1,-1,1,-1,-1,-1,1,1,-1,1,-1,1,-1,-1,-1,1,1,-1,-1,-1,-1,1,1,-1,1,-1,-1,-1,1,1,1,-1,-1,1,-1,1,-1,-1,-1,-1,-1,-1,-1,-1,1,-1,-1,-1,-1,1,-1,1,-1,1,-1,-1,-1,1,-1,1,1,1,-1,1,-1,-1,1,-1,1,1,-1,-1,-1,1,1,-1,1,1,-1,-1,1,-1,1,-1,-1,-301.23400561030434,2
473,-1,1,-1,1,1,-1,1,1,-1,1,-1,-1,1,-1,-1,1,1,1,-1,1,1,-1,-1,-1,1,1,-1,1,1,1,-1,-1,1,1,-1,-1,1,1,-1,-1,1,-1,1,1,-1,1,1,-1,-1,1,1,-1,1,1,1,-1,-1,-1,1,-1,1,1,-1,1,1,-1,1,-1,-1,-1,-1,1,1,1,1,-1,-1,-1,-1,1,-1,1,1,-1,-1,-1,-1,1,1,-1,1,-1,-1,-1,-1,-1,-1,-1,1,1,1,-1,-1,1,-1,-1,1,-1,1,-1,-1,-1,1,-1,-1,-1,1,-1,-1,1,-1,-1,-1,1,1,-1,-1,-1,1,1,1,-1,-1,1,-1,-1,-1,1,1,-1,1,-1,1,1,-1,-1,1,1,-1,-1,-1,-1,1,1,-1,-1,-1,-1,-1,-1,-1,-1,1,-1,1,1,1,-1,1,-1,-1,1,-1,-1,1,1,-1,1,1,1,1,-1,1,-1,1,1,1,-1,-1,1,-1,1,-1,-1,1,-1,-1,-1,-1,1,1,-1,-1,-1,1,-1,-1,1,1,-1,-1,1,-1,-1,1,1,-301.2327024655279,1
474,1,1,-1,-1,1,-1,-1,1,-1,-1,-1,-1,-1,1,1,-1,1,-1,1,-1,-1,1,1,1,-1,-1,-1,-1,-1,1,1,1,1,-1,1,1,-1,-1,1,1,1,1,-1,-1,-1,-1,1,1,1,-1,-1,1,-1,-1,-1,1,1,1,-1,1,-1,-1,1,-1,-1,1,1,1,1,1,1,-1,-1,-1,-1,1,1,1,-1,-1,1,1,-1,1,1,1,-1,1,-1,1,-1,1,1,1,1,1,-1,1,-1,1,-1,-1,1,-1,1,-1,1,-1,-1,1,-1,1,-1,-1,1,1,-1,1,1,1,1,1,-1,-1,-1,-1,1,1,1,-1,-1,-1,1,-1,1,1,1,-1,-1,1,-1,1,-1,1,1,1,-1,-1,1,1,1,1,-1,-1,1,-1,1,1,1,-1,-1,1,1,1,-1,1,-1,1,1,1,1,1,1,1,1,-1,1,1,1,1,-1,1,-1,1,-1,1,1,1,-1,1,-1,-1,-1,1,-1,1,1,-1,1,-1,-1,1,1,1,1,1,1,-1,-1,1,-1,-1,1,-1,1,1,-301.2279048882425,1
475,-1,-1,1,1,-1,1,1,-1,1,1,1,1,1,-1,-1,1,-1,1,-1,1,1,-1,-1,-1,1,1,1,1,1,-1,-1,-1,-1,1,-1,-1,1,1,-1,-1,-1,1,1,1,1,1,-1,-1,-1,1,1,-1,1,1,1,-1,-1,-1,1,-1,1,1,-1,1,1,-1,-1,-1,-1,-1,-1,1,1,1,1,-1,-1,-1,1,1,-1,-1,1,-1,-1,-1,1,1,1,-1,-1,1,-1,-1,1,-1,-1,-1,1,1,1,1,-1,1,-1,-1,-1,1,1,-1,-1,-1,1,-1,-1,-1,1,-1,-1,1,-1,-1,-1,1,1,-1,-1,-1,-1,1,1,1,-1,1,-1,-1,-1,1,1,-1,1,-1,1,-1,-1,-1,1,1,-1,1,-1,-1,1,1,-1,-1,-1,-1,-1,1,1,1,-1,-1,1,-1,1,-1,-1,-1,-1,-1,-1,-1,-1,1,-1,-1,-1,-1,1,-1,1,-1,1,-1,-1,-1,1,-1,1,1,1,-1,1,-1,-1,1,-1,1,1,-1,-1,-1,-1,1,-1,1,1,-1,1,1,-1,1,-1,-1,-301.2217404177865,1
476,-1,-1,-1,1,-1,1,1,-1,1,1,1,1,1,-1,-1,1,-1,1,-1,1,1,-1,-1,-1,1,1,1,1,1,-1,-1,-1,-1,1,-1,-1,1,1,-1,-1,-1,1,1,1,1,1,-1,-1,-1,1,1,-1,1,1,1,-1,-1,-1,1,-1,1,1,-1,1,1,-1,-1,-1,-1,-1,-1,1,1,1,1,-1,-1,-1,1,1,1,-1,1,-1,-1,-1,1,-1,1,-1,1,-1,-1,-1,-1,-1,1,-1,1,-1,1,1,-1,1,-1,1,-1,1,1,-1,1,-1,-1,1,-1,-1,1,-1,-1,-1,-1,-1,1,1,1,1,-1,-1,-1,1,1,1,-1,1,-1,-1,-1,1,1,-1,1,-1,1,-1,-1,-1,1,1,-1,-1,-1,-1,1,1,-1,1,-1,-1,-1,1,1,1,-1,-1,1,-1,1,-1,-1,-1,-1,-1,-1,-1,-1,1,-1,-1,-1,-1,1,-1,1,-1,1,-1,-1,-1,1,-1,1,1,1,-1,1,-1,-1,1,-1,1,1,-1,-1,-1,-1,1,-1,1,1,-1,-1,1,-1,1,-1,1,-301.2179420234214,1
477,-1,-1,1,1,-1,1,1,-1,1,1,1,1,1,-1,-1,1,-1,1,-1,1,1,-1,-1,-1,1,1,1,1,1,-1,-1,-1,-1,1,-1,-1,1,1,-1,-1,-1,1,1,1,1,1,-1,-1,-1,1,1,-1,1,1,1,-1,-1,-1,1,-1,1,1,-1,1,1,-1,-1,-1,-1,-1,-1,1,1,1,1,-1,-1,-1,-1,1,-1,1,1,-1,-1,-1,-1,1,1,-1,1,-1,-1,-1,-1,-1,1,1,1,-1,-1,-1,-1,1,-1,-1,1,-1,1,-1,1,-1,1,1,-1,-1,1,-1,-1,1,-1,-1,1,1,1,-1,-1,-1,1,1,1,-1,-1,1,-1,-1,-1,1,1,-1,1,-1,1,1,-1,-1,1,1,-1,-1,-1,-1,1,1,-1,-1,-1,-1,-1,1,1,-1,-1,-1,1,-1,1,-1,-1,-1,-1,-1,-1,-1,-1,1,-1,-1,-1,-1,1,-1,1,-1,1,1,-1,-1,-1,-1,-1,1,1,-1,1,-1,-1,-1,-1,1,1,-1,-1,-1,-1,1,-1,1,1,-1,1,1,-1,1,-1,-1,-301.2097971972691,1
478,-1,1,-1,1,1,-1,1,1,-1,1,-1,-1,1,-1,-1,1,1,-1,-1,1,-1,-1,-1,-1,1,1,-1,1,1,1,-1,-1,1,1,-1,-1,1,1,-1,-1,1,-1,1,1,-1,1,1,-1,-1,1,1,-1,1,1,1,-1,-1,-1,1,-1,1,1,-1,1,1,-1,-1,-1,-1,-1,-1,1,1,1,1,-1,-1,-1,-1,1,-1,1,1,-1,1,-1,-1,1,1,-1,1,-1,-1,-1,-1,-1,1,1,1,-1,-1,-1,-1,1,-1,-1,1,-1,1,-1,1,-1,-1,1,-1,-1,1,-1,1,1,-1,-1,1,1,1,1,-1,-1,1,1,1,-1,-1,1,-1,-1,-1,1,1,-1,1,-1,1,1,-1,-1,1,1,-1,-1,-1,-1,1,1,-1,-1,-1,-1,-1,-1,-1,-1,1,-1,1,1,1,-1,1,-1,-1,1,-1,-1,1,1,-1,1,1,1,1,-1,1,-1,1,1,1,-1,-1,1,-1,1,-1,-1,1,-1,-1,-1,-1,1,1,-1,-1,-1,1,-1,-1,1,1,-1,-1,1,-1,-1,1,1,-301.20626558995997,1
479,-1,1,-1,1,1,-1,1,1,-1,1,-1,-1,1,-1,-1,1,1,1,-1,1,-1,-1,-1,-1,1,1,-1,1,1,1,-1,-1,1,1,-1,-1,1,1,-1,-1,1,-1,1,1,-1,1,1,-1,-1,1,1,-1,1,1,-1,-1,-1,1,1,-1,1,1,-1,1,1,-1,-1,-1,-1,-1,-1,1,1,1,1,-1,-1,-1,-1,1,-1,1,1,-1,1,-1,-1,1,1,-1,1,-1,-1,-1,-1,-1,-1,-1,1,1,1,-1,-1,1,-1,-1,1,-1,1,1,-1,-1,-1,-1,-1,-1,1,-1,1,1,-1,-1,-1,1,1,-1,-1,1,1,1,1,-1,-1,1,-1,-1,1,1,1,-1,1,-1,1,1,-1,-1,1,1,-1,-1,-1,-1,1,1,-1,-1,-1,-1,-1,-1,-1,-1,1,-1,1,1,1,-1,1,-1,-1,1,-1,-1,1,1,-1,1,1,1,1,-1,1,-1,1,1,1,-1,-1,1,-1,1,-1,-1,1,-1,-1,-1,-1,1,1,-1,-1,-1,1,-1,-1,1,1,-1,-1,1,-1,-1,1,1,-301.2035104039048,1
480,-1,1,-1,1,1,-1,1,1,-1,1,-1,-1,1,-1,-1,1,1,1,-1,1,-1,-1,-1,-1,1,1,-1,1,1,1,-1,-1,1,1,-1,-1,1,1,-1,-1,1,-1,1,1,-1,1,1,-1,-1,1,1,-1,1,1,1,-1,-1,-1,1,-1,1,1,-1,1,1,-1,-1,-1,-1,-1,-1,1,1,1,1,-1,-1,-1,-1,1,-1,1,1,-1,-1,-1,-1,1,1,-1,1,-1,-1,-1,-1,-1,-1,1,1,-1,-1,-1,-1,1,-1,-1,1,-1,1,-1,1,-1,1,-1,-1,-1,1,-1,-1,1,-1,-1,-1,1,1,-1,-1,-1,1,1,1,-1,-1,1,-1,-1,-1,1,1,-1,1,-1,1,1,-1,-1,1,1,-1,-1,-1,-1,1,1,-1,-1,-1,-1,-1,-1,-1,-1,1,-1,1,1,1,-1,1,-1,-1,-1,-1,-1,1,1,-1,1,1,1,1,-1,1,-1,1,1,1,-1,-1,1,-1,1,-1,-1,1,-1,-1,-1,-1,1,1,-1,-1,-1,1,-1,-1,1,1,-1,-1,1,-1,-1,1,-1,-301.19700814920253,1
481,-1,-1,1,1,-1,1,1,-1,1,1,1,1,1,-1,-1,1,-1,1,-1,1,1,-1,-1,-1,1,1,1,1,1,-1,-1,-1,-1,1,-1,-1,1,1,-1,-1,-1,-1,1,1,-1,1,-1,-1,-1,1,1,-1,1,1,1,-1,-1,-1,1,-1,1,1,-1,1,1,-1,-1,-1,-1,-1,-1,1,1,1,1,-1,-1,-1,1,1,-1,-1,1,-1,-1,-1,1,-1,1,-1,1,-1,-1,-1,-1,-1,1,-1,1,-1,1,1,-1,1,-1,1,-1,1,1,-1,1,-1,-1,1,-1,-1,1,-1,-1,-1,-1,-1,1,1,1,1,-1,-1,-1,1,1,1,-1,1,-1,-1,-1,1,1,-1,1,-1,1,-1,-1,-1,1,1,-1,-1,-1,-1,1,1,-1,1,-1,-1,-1,1,1,-1,-1,-1,1,-1,1,-1,-1,-1,-1,-1,-1,-1,-1,1,-1,-1,-1,-1,1,-1,1,-1,1,-1,1,-1,1,1,-1,1,1,-1,1,-1,-1,1,-1,1,1,-1,-1,-1,-1,-1,-1,1,1,-1,1,1,-1,1,-1,-1,-301.19690725905366,1
482,-1,-1,1,1,-1,1,1,-1,1,1,1,1,1,-1,-1,1,-1,1,-1,1,1,-1,-1,-1,1,1,1,1,1,-1,-1,-1,-1,1,-1,-1,1,1,-1,-1,-1,1,1,1,1,1,-1,-1,-1,1,1,-1,1,1,1,-1,-1,-1,1,-1,1,1,-1,1,1,-1,-1,-1,-1,-1,-1,1,1,1,1,-1,-1,-1,-1,1,-1,1,1,-1,1,-1,-1,1,1,-1,1,-1,-1,-1,-1,-1,1,1,1,-1,-1,-1,-1,1,-1,-1,1,-1,1,-1,1,-1,-1,1,-1,-1,1,-1,1,1,-1,-1,1,1,1,1,-1,-1,1,1,1,-1,-1,1,-1,-1,-1,1,1,-1,1,-1,1,1,-1,-1,1,1,-1,-1,-1,-1,1,1,-1,-1,-1,-1,-1,1,1,-1,-1,-1,1,-1,1,-1,-1,-1,-1,-1,-1,-1,-1,1,-1,-1,-1,-1,1,-1,1,-1,1,1,-1,-1,-1,-1,-1,1,1,-1,1,-1,-1,-1,-1,1,1,-1,-1,-1,-1,1,-1,1,1,-1,1,1,-1,1,-1,-1,-301.19664293107957,1
483,1,1,-1,-1,1,-1,-1,1,-1,-1,-1,-1,-1,1,1,-1,1,-1,1,-1,-1,1,1,1,-1,-1,-1,-1,-1,1,1,1,1,-1,1,1,-1,-1,1,1,1,1,-1,-1,1,-1,1,1,1,-1,-1,1,-1,-1,-1,1,1,1,-1,1,-1,-1,1,-1,-1,1,-1,1,1,-1,1,-1,-1,-1,-1,1,1,1,-1,-1,1,1,-1,1,1,1,1,1,-1,1,-1,1,1,1,1,1,-1,1,-1,1,-1,1,1,-1,1,-1,1,1,-1,1,-1,1,-1,-1,1,-1,-1,1,1,1,1,1,-1,-1,-1,-1,1,1,1,-1,-1,-1,1,-1,1,1,1,-1,-1,1,-1,1,-1,1,1,1,-1,-1,1,1,1,1,-1,-1,1,-1,1,1,1,-1,-1,1,1,1,-1,1,-1,1,1,1,1,1,1,1,1,-1,1,1,1,1,-1,1,-1,1,-1,-1,-1,1,1,-1,1,-1,-1,1,-1,1,1,1,1,-1,-1,1,1,1,1,1,1,-1,-1,1,-1,-1,1,-1,1,1,-301.19336324320165,1
484,1,-1,1,-1,-1,1,-1,-1,1,-1,1,1,1,1,1,1,-1,1,-1,1,1,1,1,1,1,1,-1,-1,1,-1,-1,-1,-1,1,1,-1,1,1,-1,1,-1,-1,-1,-1,1,-1,-1,1,-1,-1,-1,-1,-1,-1,-1,1,1,1,-1,1,-1,-1,1,-1,-1,1,-1,-1,1,1,-1,-1,-1,-1,-1,1,1,1,-1,-1,1,1,-1,1,-1,1,1,-1,-1,1,-1,1,1,-1,1,1,-1,-1,-1,1,1,1,1,-1,1,-1,-1,1,1,1,-1,-1,-1,-1,1,1,1,-1,1,1,1,1,-1,1,1,-1,1,1,-1,-1,-1,1,-1,-1,-1,-1,1,-1,-1,-1,1,1,-1,1,1,1,-1,-1,1,1,1,1,-1,1,1,1,-1,1,1,1,1,1,-1,1,-1,-1,-1,1,-1,-1,1,-1,1,1,-1,-1,1,-1,-1,-1,-1,1,-1,-1,-1,-1,1,1,1,-1,1,-1,1,1,-1,1,1,1,1,-1,-1,-1,1,1,-1,-1,1,-1,-1,1,1,1,1,1,-1,-1,-301.19231979150175,4
485,-1,1,-1,1,1,-1,1,1,-1,1,-1,-1,-1,-1,-1,-1,1,-1,1,-1,-1,-1,-1,-1,-1,-1,1,1,-1,1,1,1,1,-1,-1,1,-1,-1,1,-1,1,1,1,1,-1,1,1,-1,1,1,1,1,1,1,1,-1,-1,-1,1,-1,1,1,-1,1,1,-1,1,1,-1,-1,1,1,1,1,1,-1,-1,-1,1,1,-1,-1,1,-1,1,-1,-1,1,1,-1,1,-1,-1,1,-1,-1,1,1,1,-1,-1,-1,-1,1,-1,1,1,-1,-1,-1,1,1,1,1,-1,-1,-1,1,-1,-1,-1,-1,1,-1,-1,1,-1,-1,1,1,1,-1,1,1,1,1,-1,1,1,1,-1,-1,1,-1,-1,-1,1,1,-1,-1,-1,-1,1,-1,-1,-1,1,-1,-1,-1,-1,-1,1,-1,1,1,1,-1,1,1,-1,1,-1,-1,1,1,-1,1,1,1,1,-1,1,1,1,1,-1,-1,-1,1,-1,1,-1,-1,1,-1,-1,-1,-1,1,1,1,-1,-1,1,1,-1,1,1,-1,-1,-1,-1,-1,1,1,-301.19231979150175,56
486,1,-1,1,-1,-1,-1,-1,-1,1,-1,1,-1,-1,1,1,-1,-1,-1,1,-1,-1,1,1,1,-1,-1,1,-1,-1,-1,1,1,-1,-1,1,1,-1,-1,1,1,-1,1,-1,-1,1,-1,-1,1,1,-1,-1,1,-1,-1,-1,1,1,1,-1,1,-1,-1,1,-1,-1,1,-1,1,1,-1,1,-1,-1,-1,-1,1,1,1,-1,-1,1,1,-1,1,1,1,1,1,-1,1,-1,1,1,1,1,1,-1,1,-1,1,-1,1,1,-1,1,-1,1,1,-1,1,-1,1,-1,-1,1,1,-1,1,1,1,1,1,-1,-1,-1,-1,1,1,1,-1,-1,-1,1,-1,1,1,1,-1,-1,1,-1,1,-1,1,1,1,-1,-1,1,1,1,1,-1,-1,1,-1,1,1,1,1,1,1,-1,1,-1,-1,-1,1,-1,1,1,-1,1,1,-1,-1,1,-1,-1,-1,-1,1,-1,1,-1,-1,-1,1,1,-1,1,-1,1,1,-1,1,1,1,1,-1,-1,1,1,1,1,1,1,-1,-1,1,1,-1,1,-1,1,1,-301.19089649948654,1
487,-1,-1,1,1,-1,1,1,-1,1,1,1,1,1,-1,-1,1,-1,1,-1,1,1,-1,-1,-1,1,1,1,1,1,-1,-1,-1,-1,1,-1,1,1,1,1,-1,-1,1,1,1,-1,1,-1,-1,-1,1,1,-1,1,1,1,-1,-1,-1,1,-1,1,1,-1,1,1,-1,-1,-1,-1,-1,-1,1,1,1,1,-1,-1,-1,-1,1,-1,1,1,-1,-1,-1,-1,1,1,-1,1,-1,-1,-1,-1,-1,-1,-1,1,1,1,-1,-1,1,-1,-1,1,-1,1,-1,1,-1,1,-1,-1,-1,1,-1,-1,1,-1,-1,-1,1,1,-1,-1,-1,1,1,1,-1,-1,1,-1,-1,-1,1,1,-1,1,-1,1,1,-1,-1,1,1,-1,-1,-1,-1,1,1,-1,-1,-1,-1,-1,1,1,-1,-1,-1,1,-1,1,-1,-1,-1,-1,-1,-1,-1,-1,1,-1,-1,-1,-1,1,-1,1,-1,1,1,-1,-1,-1,1,-1,1,1,-1,1,-1,-1,-1,-1,1,1,-1,-1,-1,-1,1,-1,1,1,-1,1,-1,-1,1,1,1,-301.18879278644766,1
488,1,1,-1,-1,1,-1,-1,1,-1,-1,-1,-1,-1,1,1,-1,1,-1,1,-1,-1,1,1,1,-1,-1,-1,-1,-1,1,1,1,1,-1,1,1,-1,-1,1,1,1,1,-1,-1,1,-1,1,1,1,-1,-1,1,-1,-1,-1,1,1,1,-1,1,-1,-1,1,-1,-1,1,1,1,1,1,1,-1,-1,-1,-1,1,1,1,-1,-1,1,1,-1,1,1,1,-1,1,-1,1,-1,1,1,1,1,1,-1,1,-1,1,-1,-1,1,-1,1,-1,1,-1,-1,1,-1,1,-1,-1,1,1,-1,1,1,1,1,1,-1,-1,-1,-1,1,1,1,-1,-1,-1,1,-1,1,1,1,-1,-1,1,-1,1,-1,1,1,1,-1,-1,1,1,1,1,-1,-1,1,-1,1,1,1,-1,-1,1,1,1,-1,1,-1,1,1,1,1,1,1,1,1,-1,1,1,1,1,-1,1,-1,1,-1,1,-1,1,-1,-1,1,-1,-1,1,-1,1,1,-1,1,-1,-1,1,1,1,1,1,1,-1,-1,1,-1,-1,1,-1,1,1,-301.1880086811687,1
489,1,-1,1,-1,-1,1,-1,-1,1,-1,1,1,-1,1,1,-1,-1,-1,1,-1,1,1,1,1,-1,-1,1,-1,-1,-1,1,1,-1,-1,1,1,-1,-1,1,1,-1,1,-1,-1,1,-1,-1,1,1,-1,-1,1,-1,-1,-1,1,1,1,-1,1,-1,-1,1,-1,-1,1,1,1,1,1,-1,-1,-1,-1,-1,1,1,1,-1,-1,1,1,-1,1,-1,1,1,1,-1,1,-1,1,1,-1,1,1,-1,-1,-1,1,1,1,-1,-1,1,-1,-1,1,-1,1,-1,1,1,-1,1,1,1,1,1,1,1,1,-1,-1,-1,-1,1,1,-1,-1,-1,1,1,-1,-1,1,1,-1,-1,1,-1,1,-1,1,1,1,-1,-1,1,1,1,1,-1,-1,1,1,1,1,1,1,1,1,-1,1,-1,-1,-1,1,-1,1,1,1,1,1,-1,-1,1,-1,-1,-1,-1,1,-1,1,-1,-1,-1,1,1,-1,1,-1,1,1,-1,1,1,1,1,-1,-1,1,1,1,-1,1,1,-1,-1,1,1,-1,1,1,-1,1,-301.18708106553055,1
490,-1,-1,1,1,-1,1,1,-1,1,1,1,1,1,-1,-1,1,-1,1,-1,1,1,-1,-1,-1,1,1,1,1,1,-1,-1,-1,-1,1,-1,-1,1,1,-1,-1,-1,1,1,1,1,1,-1,-1,-1,1,1,-1,1,1,1,-1,-1,-1,1,-1,1,1,-1,1,1,-1,-1,-1,-1,-1,-1,1,1,1,1,-1,-1,-1,1,1,-1,-1,1,-1,-1,-1,1,-1,1,-1,1,1,-1,-1,1,-1,1,-1,1,-1,1,1,-1,1,-1,1,-1,1,1,-1,1,-1,-1,1,-1,-1,1,-1,-1,-1,-1,-1,1,1,1,1,-1,-1,-1,1,1,1,-1,1,-1,-1,-1,1,1,-1,1,-1,1,-1,-1,-1,1,1,-1,1,-1,-1,1,1,-1,-1,-1,-1,-1,1,1,1,-1,-1,1,-1,1,-1,-1,-1,-1,-1,-1,-1,-1,1,-1,-1,-1,-1,1,-1,1,-1,1,-1,-1,-1,1,-1,1,1,1,-1,1,-1,-1,1,-1,1,1,-1,-1,-1,-1,1,-1,1,1,-1,1,1,-1,1,-1,1,-301.18606191611,4
491,1,1,-1,-1,1,-1,-1,1,-1,-1,-1,-1,-1,1,1,-1,1,-1,1,-1,-1,1,1,1,-1,-1,-1,-1,-1,1,1,1,1,-1,1,-1,-1,-1,-1,1,1,-1,-1,-1,1,-1,1,1,1,-1,-1,1,-1,-1,-1,1,1,1,-1,1,-1,-1,1,-1,-1,1,1,1,1,1,1,-1,-1,-1,-1,1,1,1,-1,-1,1,1,-1,1,1,1,1,1,-1,1,-1,1,1,1,1,1,-1,1,-1,1,-1,1,1,-1,1,-1,1,1,-1,1,-1,1,1,-1,1,1,-1,1,1,1,1,1,-1,-1,-1,-1,1,1,1,-1,-1,-1,1,-1,1,1,1,-1,-1,1,-1,1,-1,1,1,1,-1,-1,1,1,1,1,-1,-1,1,-1,1,1,1,-1,-1,1,1,1,-1,1,-1,1,1,1,1,1,1,1,1,-1,1,1,1,1,-1,1,-1,1,-1,1,1,1,1,-1,1,-1,-1,1,-1,1,1,1,1,-1,-1,1,1,1,1,-1,1,-1,-1,1,-1,1,1,-1,-1,-1,-301.1847064189456,1
492,-1,-1,1,1,-1,1,1,-1,1,1,1,1,1,-1,-1,1,-1,1,-1,1,1,-1,-1,-1,1,1,1,1,1,-1,-1,-1,-1,1,-1,-1,1,1,-1,-1,-1,-1,1,1,1,1,-1,-1,-1,1,1,-1,1,1,1,-1,-1,-1,1,-1,1,1,-1,1,1,-1,-1,-1,-1,-1,-1,1,1,1,1,-1,-1,-1,1,1,-1,-1,1,-1,-1,-1,-1,-1,1,-1,1,1,-1,-1,1,-1,1,-1,1,-1,1,-1,-1,1,-1,1,-1,-1,1,-1,1,-1,1,1,-1,-1,1,-1,-1,-1,-1,-1,1,1,1,1,-1,-1,-1,1,1,1,-1,1,-1,-1,-1,1,1,-1,1,-1,1,-1,-1,-1,1,1,-1,1,-1,-1,1,1,-1,-1,-1,-1,-1,1,1,1,-1,-1,1,-1,1,-1,-1,-1,-1,-1,-1,-1,-1,1,-1,-1,-1,-1,1,-1,1,-1,1,1,-1,-1,-1,-1,-1,1,1,-1,1,-1,-1,-1,-1,1,1,-1,-1,-1,-1,-1,-1,1,1,-1,1,1,-1,1,-1,1,-301.1797614446345,1
493,-1,-1,1,1,-1,1,1,-1,1,1,1,1,1,-1,-1,1,-1,1,-1,1,1,-1,-1,-1,1,1,1,1,1,-1,-1,-1,-1,1,-1,-1,1,1,-1,-1,-1,1,1,1,1,1,-1,-1,-1,1,1,-1,1,1,1,-1,-1,-1,1,-1,1,1,-1,1,1,-1,-1,-1,-1,-1,-1,1,1,1,1,-1,-1,-1,1,1,-1,-1,1,-1,-1,-1,1,-1,1,-1,1,1,-1,-1,1,-1,1,-1,1,-1,1,1,-1,1,-1,1,-1,1,1,-1,1,-1,1,1,-1,-1,1,-1,-1,-1,-1,-1,1,1,1,1,-1,-1,-1,1,1,1,-1,1,-1,-1,-1,1,1,-1,1,-1,1,-1,-1,-1,1,1,-1,1,-1,-1,1,1,-1,-1,-1,-1,-1,1,1,1,-1,-1,1,-1,1,-1,-1,-1,-1,-1,-1,-1,-1,1,-1,-1,-1,-1,1,-1,1,-1,1,-1,-1,-1,1,-1,1,1,1,-1,1,-1,-1,1,-1,1,1,-1,-1,-1,-1,1,-1,1,1,-1,1,1,-1,1,-1,1,-301.177163338225,1
494,1,1,1,-1,1,-1,-1,1,-1,-1,-1,-1,-1,1,1,-1,1,-1,1,-1,-1,1,1,1,-1,-1,-1,-1,-1,1,1,1,1,-1,1,1,-1,-1,1,1,1,-1,-1,-1,-1,-1,1,1,1,-1,-1,1,-1,-1,-1,1,1,1,-1,1,-1,-1,1,-1,-1,1,1,1,1,1,1,-1,-1,-1,-1,1,1,1,-1,-1,1,1,-1,1,-1,1,1,-1,-1,1,-1,-1,1,1,-1,1,-1,-1,-1,1,1,1,1,-1,1,1,-1,1,-1,1,-1,1,1,-1,1,1,-1,1,-1,-1,1,1,-1,-1,-1,-1,1,1,-1,-1,-1,1,1,-1,1,1,1,-1,-1,1,-1,1,-1,1,1,1,1,-1,1,-1,1,1,1,-1,1,1,1,1,1,-1,-1,-1,1,1,-1,1,-1,1,1,1,1,1,1,1,1,-1,1,1,1,1,-1,1,-1,1,-1,-1,1,1,1,1,1,-1,-1,1,-1,1,1,1,1,-1,-1,1,1,1,-1,-1,1,-1,-1,1,1,-1,1,-1,1,-1,-301.17710509649504,1
495,1,1,-1,-1,1,-1,-1,1,-1,-1,-1,-1,-1,1,1,-1,1,-1,1,-1,-1,1,1,1,-1,-1,-1,-1,-1,1,1,1,1,-1,1,-1,-1,-1,-1,1,1,-1,-1,-1,1,-1,1,1,1,-1,-1,1,-1,-1,-1,1,1,1,-1,1,-1,-1,1,-1,-1,1,1,1,1,1,1,-1,-1,-1,-1,1,1,1,-1,-1,1,1,-1,1,1,1,1,1,-1,1,-1,1,1,1,1,1,-1,1,-1,1,-1,-1,1,-1,1,-1,1,-1,-1,1,-1,1,1,-1,1,1,-1,1,1,1,1,1,-1,-1,-1,-1,1,1,1,-1,-1,-1,1,-1,1,1,1,-1,-1,1,-1,1,-1,1,1,1,-1,-1,1,1,1,1,-1,-1,1,-1,1,1,1,-1,-1,1,1,1,-1,1,-1,1,1,1,1,1,1,1,1,-1,1,1,1,1,-1,1,-1,1,-1,1,1,1,-1,-1,1,-1,-1,1,-1,1,1,-1,1,-1,-1,1,1,1,1,-1,1,-1,-1,1,-1,1,1,-1,-1,-1,-301.17400190043287,1
496,1,1,-1,-1,1,-1,-1,1,-1,-1,-1,-1,-1,1,1,-1,1,-1,1,-1,-1,1,1,1,-1,-1,-1,-1,-1,1,1,1,1,-1,1,-1,-1,-1,-1,1,1,-1,-1,-1,1,-1,1,1,1,-1,-1,1,-1,-1,-1,1,1,1,-1,1,-1,-1,1,-1,-1,1,1,1,1,1,1,-1,-1,-1,-1,1,1,1,1,-1,1,-1,-1,1,-1,1,1,-1,-1,1,-1,1,1,1,1,1,-1,-1,-1,1,1,1,1,-1,1,1,-1,1,-1,1,-1,1,1,-1,1,1,-1,1,-1,-1,1,1,-1,-1,-1,-1,1,1,-1,-1,-1,1,1,-1,1,1,1,-1,-1,1,-1,1,-1,-1,1,1,-1,-1,1,1,1,1,-1,-1,1,1,1,1,1,-1,-1,1,1,1,-1,1,-1,1,1,1,1,1,1,1,1,-1,1,1,1,1,-1,1,-1,1,-1,-1,1,1,1,-1,1,-1,-1,1,-1,1,1,1,1,-1,-1,1,1,1,1,-1,1,-1,-1,1,-1,1,1,-1,-1,-1,-301.1702777558253,1
497,1,1,1,-1,1,-1,-1,1,-1,-1,-1,-1,-1,1,1,-1,1,-1,1,-1,-1,1,1,1,-1,-1,-1,-1,-1,1,1,1,1,-1,1,1,-1,-1,1,1,1,1,-1,-1,1,-1,1,1,1,-1,-1,1,-1,-1,-1,1,1,1,-1,1,-1,-1,1,-1,-1,1,1,1,1,1,1,-1,-1,-1,-1,1,1,1,-1,-1,1,1,-1,1,1,1,1,1,-1,1,-1,1,1,1,1,1,-1,1,-1,1,-1,1,1,-1,1,-1,1,1,-1,1,-1,1,-1,-1,1,1,-1,1,1,1,1,1,-1,-1,-1,-1,1,1,1,-1,-1,-1,1,-1,1,1,1,-1,-1,1,-1,1,-1,1,1,1,-1,-1,1,1,1,1,-1,-1,1,-1,1,1,1,-1,-1,-1,1,1,-1,1,-1,1,1,1,1,1,1,1,1,-1,1,1,1,1,-1,1,-1,1,-1,-1,-1,1,1,-1,1,-1,-1,1,-1,1,1,1,1,-1,-1,1,1,1,1,1,1,-1,-1,1,1,-1,1,-1,1,1,-301.1676461291711,1
498,1,1,1,-1,1,-1,-1,1,-1,-1,-1,-1,-1,1,1,-1,1,-1,1,-1,-1,1,1,1,-1,-1,-1,-1,-1,1,1,1,1,-1,1,1,-1,-1,1,1,1,-1,-1,-1,-1,-1,1,1,1,-1,-1,1,-1,-1,-1,1,1,1,-1,1,-1,-1,1,-1,-1,1,1,1,1,1,1,-1,-1,-1,-1,1,1,1,-1,-1,1,1,-1,1,1,1,-1,1,-1,1,-1,1,1,1,1,1,-1,1,-1,1,-1,-1,1,-1,1,-1,1,-1,-1,1,-1,1,1,-1,1,1,-1,1,1,1,1,1,-1,-1,-1,-1,1,1,1,-1,-1,-1,1,-1,1,1,1,-1,-1,1,-1,1,-1,1,1,1,-1,-1,1,1,1,1,-1,-1,1,-1,1,1,1,-1,-1,-1,1,1,-1,1,-1,1,1,1,1,1,1,1,1,-1,1,1,1,1,-1,1,-1,1,-1,1,1,1,-1,1,1,-1,-1,1,-1,1,1,-1,1,-1,-1,1,1,1,-1,-1,1,-1,-1,1,1,-1,1,-1,1,-1,-301.1672054923667,1
499,-1,-1,1,1,-1,1,1,-1,1,1,1,1,1,-1,-1,1,-1,1,-1,1,1,-1,-1,-1,1,1,1,1,1,-1,-1,-1,-1,1,-1,-1,1,1,-1,-1,-1,1,1,1,1,1,-1,-1,-1,1,1,-1,1,1,1,-1,-1,-1,1,-1,1,1,-1,1,1,-1,1,-1,-1,-1,-1,1,1,1,1,-1,-1,-1,1,1,-1,-1,1,-1,-1,-1,-1,1,1,-1,-1,1,-1,-1,1,-1,-1,-1,1,1,1,-1,-1,1,-1,-1,-1,-1,1,-1,-1,-1,1,-1,-1,-1,1,-1,-1,1,-1,-1,-1,1,1,-1,-1,-1,-1,1,1,1,-1,1,-1,-1,-1,1,1,-1,1,-1,1,-1,-1,-1,1,1,-1,1,-1,-1,1,1,-1,-1,-1,-1,-1,1,1,1,-1,-1,1,-1,1,-1,-1,-1,-1,-1,-1,-1,-1,1,-1,-1,-1,-1,1,-1,1,-1,1,1,-1,-1,-1,-1,-1,1,1,-1,1,-1,-1,-1,-1,1,1,-1,-1,-1,-1,1,-1,1,1,-1,1,1,-1,1,-1,1,-301.1658814431222,1
500,1,1,-1,-1,1,-1,-1,1,-1,-1,-1,-1,-1,1,1,-1,1,-1,1,-1,-1,1,1,1,-1,-1,-1,-1,-1,1,1,1,1,-1,1,1,-1,-1,1,1,1,-1,-1,-1,-1,-1,1,1,1,-1,-1,1,-1,-1,-1,1,1,1,-1,1,-1,-1,1,-1,-1,1,1,1,1,1,1,-1,-1,-1,-1,1,1,1,-1,-1,-1,1,-1,1,1,1,-1,1,-1,1,-1,1,1,1,1,1,-1,1,-1,1,-1,-1,1,-1,1,-1,1,-1,-1,1,-1,1,-1,-1,1,1,-1,1,1,1,1,1,-1,-1,-1,-1,1,1,1,-1,-1,-1,1,-1,1,1,1,-1,-1,1,-1,1,-1,1,1,1,-1,-1,1,1,1,1,-1,-1,1,-1,1,1,1,-1,-1,-1,1,1,-1,1,-1,1,1,1,1,1,1,1,1,-1,1,1,1,1,-1,1,-1,1,-1,1,1,1,-1,1,-1,-1,-1,1,-1,1,1,-1,1,1,1,1,1,1,1,-1,1,-1,-1,1,-1,-1,1,-1,1,-1,-301.16390929444304,1
501,-1,-1,-1,1,-1,1,1,-1,1,1,1,1,1,-1,-1,1,-1,1,-1,1,1,-1,-1,-1,1,1,1,1,1,-1,-1,-1,-1,1,-1,-1,1,1,-1,-1,-1,1,1,1,1,1,-1,-1,-1,1,1,-1,1,1,1,-1,-1,-1,1,-1,1,1,-1,1,1,-1,-1,-1,-1,-1,-1,1,1,1,1,-1,-1,-1,1,1,-1,-1,1,-1,-1,-1,1,-1,1,-1,1,-1,-1,-1,-1,-1,1,-1,1,-1,1,1,-1,1,-1,1,-1,1,1,-1,1,-1,-1,1,-1,-1,1,-1,-1,-1,-1,-1,1,1,1,1,-1,-1,-1,1,1,1,-1,1,-1,-1,-1,1,1,-1,1,-1,1,-1,-1,-1,1,1,-1,-1,-1,-1,1,1,-1,1,-1,-1,-1,1,1,-1,-1,-1,1,-1,1,-1,-1,-1,-1,-1,-1,-1,-1,1,-1,-1,-1,-1,1,-1,1,-1,1,-1,-1,-1,1,-1,1,1,1,-1,1,-1,-1,1,-1,1,1,-1,-1,-1,1,1,-1,1,1,-1,-1,1,-1,1,-1,-1,-301.16292271889245,1
502,1,1,-1,-1,1,-1,-1,1,-1,-1,-1,-1,-1,1,1,-1,1,-1,1,-1,-1,1,1,-1,-1,-1,-1,-1,-1,1,1,1,1,-1,1,1,-1,-1,1,1,1,1,-1,-1,-1,-1,1,1,1,-1,-1,1,-1,-1,-1,1,1,1,-1,1,-1,-1,1,-1,-1,1,1,1,1,1,1,-1,-1,-1,-1,1,1,1,-1,-1,-1,1,-1,1,1,1,-1,1,-1,1,-1,1,1,1,1,1,-1,1,-1,1,-1,-1,1,-1,1,-1,1,-1,-1,1,-1,1,1,-1,1,1,-1,1,1,1,1,1,-1,-1,-1,-1,1,1,1,-1,-1,-1,1,-1,1,1,1,-1,-1,1,-1,1,-1,1,1,1,-1,-1,1,1,1,1,-1,-1,1,-1,1,1,1,-1,-1,-1,1,1,-1,1,-1,1,1,1,1,1,1,1,1,-1,1,1,1,1,-1,1,-1,1,-1,1,1,1,-1,1,-1,-1,-1,1,-1,1,1,-1,-1,1,1,1,1,1,1,1,1,-1,-1,1,-1,-1,1,-1,1,-1,-301.160420979395,2
503,1,1,1,-1,1,-1,-1,1,-1,-1,-1,-1,-1,1,1,-1,1,-1,1,-1,-1,1,1,1,-1,-1,-1,-1,-1,1,1,1,1,-1,1,1,-1,-1,1,1,1,-1,-1,-1,-1,-1,1,1,1,-1,-1,1,-1,-1,-1,1,1,1,-1,1,-1,-1,1,-1,-1,1,1,1,1,1,1,-1,-1,-1,-1,1,1,1,-1,-1,1,1,-1,1,1,1,-1,1,-1,1,-1,1,1,1,1,1,-1,1,-1,1,-1,-1,1,-1,1,-1,1,-1,-1,1,-1,1,-1,-1,1,1,-1,1,1,1,1,1,-1,-1,-1,-1,1,1,1,-1,-1,-1,1,-1,1,1,1,-1,-1,1,-1,1,-1,1,1,1,-1,-1,1,1,1,1,-1,-1,1,-1,1,1,1,-1,-1,-1,1,1,-1,1,-1,1,1,1,1,1,1,1,1,-1,1,1,1,1,-1,1,-1,1,-1,1,1,1,-1,1,1,-1,-1,1,-1,1,1,-1,1,-1,-1,1,1,1,-1,-1,1,-1,-1,1,1,-1,1,-1,1,-1,-301.1583069144817,1
504,1,1,-1,-1,1,-1,-1,1,-1,-1,-1,-1,-1,1,1,-1,1,-1,1,-1,-1,1,1,1,-1,-1,-1,-1,-1,1,1,1,1,-1,1,1,-1,-1,1,1,1,-1,-1,-1,-1,-1,1,1,1,-1,-1,1,-1,-1,-1,1,1,1,-1,1,-1,-1,1,-1,-1,1,1,1,1,1,1,-1,-1,-1,-1,1,1,1,-1,-1,-1,1,-1,1,1,1,-1,1,-1,1,-1,1,1,1,1,1,-1,1,-1,1,-1,-1,1,-1,1,-1,1,-1,-1,1,-1,1,-1,-1,1,1,-1,1,1,1,1,1,-1,-1,-1,-1,1,1,1,-1,-1,-1,1,-1,1,1,1,-1,-1,1,-1,1,-1,1,1,1,-1,-1,1,1,1,1,-1,-1,1,-1,1,1,1,-1,-1,-1,1,1,-1,1,-1,1,1,1,1,1,1,1,1,-1,1,1,1,1,-1,1,-1,1,-1,1,1,1,-1,1,-1,-1,-1,1,-1,1,1,-1,1,-1,-1,1,1,1,1,-1,1,-1,-1,1,1,-1,1,-1,1,-1,-301.1566686916239,1
505,-1,-1,-1,1,-1,1,1,-1,1,1,1,1,1,-1,-1,1,-1,1,-1,1,1,-1,-1,-1,1,1,1,1,1,-1,-1,-1,-1,1,-1,-1,1,1,-1,-1,-1,1,1,1,1,1,-1,-1,-1,1,1,-1,1,1,1,-1,-1,-1,1,-1,1,1,-1,1,1,-1,1,-1,-1,-1,-1,1,1,1,1,-1,-1,-1,1,1,-1,-1,1,-1,-1,-1,-1,1,1,-1,-1,1,-1,-1,1,-1,-1,-1,1,1,1,-1,-1,1,-1,-1,1,-1,1,-1,-1,-1,1,-1,-1,-1,1,-1,-1,1,-1,-1,-1,1,1,-1,-1,-1,-1,1,1,1,-1,1,-1,-1,-1,1,1,-1,1,-1,1,-1,-1,-1,-1,1,-1,1,-1,-1,1,1,-1,-1,-1,-1,-1,1,1,1,-1,-1,1,-1,1,-1,-1,-1,-1,-1,-1,-1,-1,1,-1,-1,-1,-1,1,-1,1,-1,1,1,-1,-1,-1,-1,-1,1,1,-1,1,-1,-1,-1,-1,1,1,-1,-1,-1,1,1,-1,1,1,-1,-1,1,-1,1,-1,1,-301.1532427862791,1
506,1,-1,1,-1,-1,1,-1,-1,1,-1,1,1,-1,1,1,-1,-1,1,1,-1,-1,1,1,1,-1,-1,1,-1,-1,-1,1,1,-1,-1,1,1,-1,-1,1,1,-1,1,-1,-1,1,-1,-1,1,1,-1,-1,1,-1,-1,-1,1,1,1,-1,1,-1,-1,1,-1,-1,1,1,1,1,1,1,-1,-1,-1,-1,1,1,1,1,-1,1,-1,-1,1,1,1,1,-1,-1,1,-1,1,1,1,1,1,1,1,-1,-1,-1,1,1,-1,1,1,-1,1,-1,1,1,1,-1,1,1,1,-1,1,1,-1,1,1,1,-1,-1,1,1,1,-1,-1,-1,-1,1,-1,1,1,1,-1,-1,1,-1,1,-1,-1,1,1,-1,-1,1,1,1,1,-1,-1,1,1,1,1,1,1,1,1,-1,1,-1,-1,-1,1,-1,1,1,-1,1,1,-1,-1,1,-1,-1,-1,-1,1,-1,1,-1,-1,-1,1,1,-1,1,-1,1,1,-1,1,1,1,1,-1,-1,1,1,1,-1,1,1,1,-1,1,1,-1,1,1,-1,1,-301.1528435682043,1
507,-1,-1,1,1,-1,1,1,-1,1,1,1,1,1,-1,-1,1,-1,1,-1,1,1,-1,-1,-1,1,1,1,1,1,-1,-1,-1,-1,1,-1,-1,1,1,-1,-1,-1,-1,1,1,1,1,-1,-1,-1,1,1,-1,1,1,1,-1,-1,-1,1,-1,1,1,-1,1,1,-1,-1,-1,-1,-1,-1,1,1,1,1,-1,-1,-1,1,1,-1,-1,1,-1,-1,-1,1,-1,1,-1,1,-1,-1,-1,-1,-1,1,-1,1,-1,1,1,-1,1,-1,1,-1,1,1,-1,1,-1,1,1,-1,-1,1,-1,-1,-1,-1,-1,1,1,1,1,-1,-1,-1,1,1,1,-1,1,-1,-1,-1,1,1,-1,1,-1,1,-1,-1,-1,1,1,-1,-1,-1,-1,1,1,-1,1,-1,-1,-1,1,1,1,-1,-1,1,-1,1,-1,-1,-1,-1,-1,-1,-1,-1,1,-1,-1,-1,-1,1,-1,1,-1,1,-1,-1,-1,1,-1,-1,1,1,-1,1,-1,-1,1,-1,1,1,-1,-1,-1,-1,-1,-1,1,1,-1,1,1,-1,1,-1,-1,-301.152142102617,1
508,1,1,-1,-1,1,-1,-1,1,-1,-1,-1,-1,-1,1,1,-1,1,-1,1,-1,-1,1,1,1,-1,-1,-1,-1,-1,1,1,1,1,-1,1,-1,-1,-1,-1,1,1,-1,-1,-1,1,-1,1,1,1,-1,-1,1,-1,-1,-1,1,1,1,-1,1,-1,-1,1,-1,-1,1,1,1,1,1,1,-1,-1,-1,-1,1,1,1,-1,-1,1,1,-1,1,1,1,1,1,-1,1,-1,1,1,1,1,1,-1,1,-1,1,-1,1,1,-1,1,-1,1,1,-1,1,-1,1,1,-1,1,1,-1,1,1,1,1,1,-1,-1,-1,-1,1,1,1,-1,-1,-1,1,-1,1,1,1,-1,-1,1,-1,1,-1,1,1,1,-1,-1,1,1,1,1,-1,-1,1,-1,1,1,1,-1,-1,-1,1,1,-1,1,-1,1,1,1,1,1,1,1,1,-1,1,1,1,-1,-1,1,-1,1,-1,-1,1,1,1,-1,1,-1,-1,1,-1,1,1,1,1,-1,-1,1,1,1,1,-1,1,-1,-1,1,-1,1,1,-1,-1,-1,-301.1499459798671,1
509,1,1,-1,-1,1,-1,-1,1,-1,-1,-1,-1,-1,1,1,-1,1,-1,1,-1,-1,1,1,1,-1,-1,-1,-1,-1,1,1,1,1,-1,1,1,-1,-1,1,1,1,1,-1,-1,-1,-1,1,1,1,-1,-1,1,-1,-1,-1,1,1,1,-1,1,-1,-1,1,-1,-1,1,1,1,1,1,1,-1,-1,-1,-1,1,1,1,-1,-1,-1,1,-1,1,1,1,-1,1,-1,1,-1,1,1,1,1,1,-1,1,-1,1,-1,-1,1,-1,1,-1,1,-1,-1,1,-1,1,1,-1,1,1,-1,1,1,1,1,1,-1,-1,-1,-1,1,1,1,-1,-1,-1,1,-1,1,1,1,-1,-1,1,-1,1,-1,1,1,1,-1,-1,1,1,1,1,-1,-1,1,-1,1,1,1,-1,-1,-1,1,1,-1,1,-1,1,1,1,1,1,1,1,1,-1,1,1,1,1,-1,1,-1,1,-1,1,-1,1,-1,1,-1,-1,-1,1,-1,1,1,-1,-1,1,1,1,1,1,1,1,1,-1,-1,1,-1,-1,1,-1,1,-1,-301.1424287253938,1
510,1,1,1,-1,1,-1,-1,1,-1,-1,-1,-1,-1,1,1,-1,1,-1,1,-1,-1,1,1,1,-1,-1,-1,-1,-1,1,1,1,1,-1,1,1,-1,-1,1,1,1,1,-1,-1,-1,-1,1,1,1,-1,-1,1,-1,-1,-1,1,1,1,-1,1,-1,-1,1,-1,-1,1,1,1,1,1,1,-1,-1,-1,-1,1,1,1,-1,-1,1,1,-1,1,1,1,1,1,-1,1,-1,1,1,1,1,1,-1,1,-1,1,-1,1,1,-1,1,-1,1,1,-1,1,-1,1,1,-1,1,1,-1,1,1,1,1,1,-1,-1,-1,-1,1,1,1,-1,-1,-1,1,-1,1,1,1,-1,-1,1,-1,1,-1,1,1,1,-1,-1,1,1,1,1,-1,-1,1,-1,1,1,1,-1,-1,-1,1,1,-1,1,-1,1,1,1,1,1,1,1,1,-1,1,1,1,1,-1,1,-1,1,-1,-1,1,1,1,1,1,-1,-1,1,-1,1,1,1,1,-1,-1,1,1,1,1,1,1,-1,-1,1,1,-1,1,-1,1,-1,-301.14074221830725,1
511,-1,-1,1,1,-1,1,1,-1,1,1,1,1,1,-1,-1,1,-1,1,-1,1,1,-1,-1,-1,1,1,1,1,1,-1,-1,-1,-1,1,-1,1,1,1,1,-1,-1,1,1,1,1,1,-1,-1,-1,1,1,-1,1,1,1,-1,-1,-1,1,-1,1,1,-1,1,1,-1,-1,-1,-1,-1,-1,1,1,1,1,-1,-1,-1,1,1,-1,-1,1,-1,1,-1,-1,1,1,-1,1,1,-1,-1,1,-1,1,-1,1,-1,1,-1,-1,1,-1,-1,1,-1,1,-1,1,-1,-1,1,-1,-1,1,-1,1,1,-1,-1,1,1,1,1,-1,-1,1,1,1,-1,-1,1,-1,-1,-1,1,1,-1,1,-1,1,-1,-1,-1,-1,1,-1,1,-1,-1,1,1,-1,-1,-1,-1,-1,1,1,1,-1,-1,1,-1,1,-1,-1,-1,-1,-1,-1,-1,-1,1,-1,-1,-1,-1,1,-1,1,-1,1,1,-1,-1,-1,1,-1,1,1,-1,1,-1,-1,-1,-1,1,1,-1,-1,-1,-1,1,-1,1,1,-1,1,-1,-1,1,-1,1,-301.13062625673336,1
512,-1,-1,1,1,-1,1,1,-1,1,1,1,1,1,-1,-1,1,-1,1,-1,1,1,-1,-1,-1,1,1,1,1,1,-1,-1,-1,-1,1,-1,-1,1,1,-1,-1,-1,-1,1,1,1,1,-1,-1,-1,1,1,-1,1,1,1,-1,-1,-1,1,-1,1,1,-1,1,1,-1,-1,-1,-1,-1,-1,1,1,1,1,-1,-1,-1,1,1,-1,-1,1,-1,-1,-1,-1,-1,1,-1,1,-1,-1,-1,-1,-1,1,-1,1,-1,1,-1,-1,1,-1,1,-1,-1,1,-1,1,-1,1,1,-1,-1,1,-1,-1,-1,-1,-1,1,1,1,1,-1,-1,-1,1,1,1,-1,1,-1,-1,-1,1,1,-1,1,-1,1,-1,-1,-1,1,1,-1,-1,-1,-1,1,1,-1,1,-1,-1,-1,1,1,1,-1,-1,1,-1,1,-1,-1,-1,-1,-1,-1,-1,-1,1,-1,-1,-1,-1,1,-1,1,-1,1,1,1,-1,-1,-1,-1,1,1,-1,1,-1,-1,-1,-1,1,1,-1,-1,-1,-1,-1,-1,1,1,-1,1,1,-1,1,-1,-1,-301.1301677399412,1
513,1,1,1,-1,1,-1,-1,1,-1,-1,-1,-1,-1,1,1,-1,1,-1,1,-1,-1,1,1,1,-1,-1,-1,-1,-1,1,1,1,1,-1,1,1,-1,-1,1,1,1,-1,-1,-1,-1,-1,1,1,1,-1,-1,1,-1,-1,-1,1,1,1,-1,1,-1,-1,1,-1,-1,1,1,1,1,1,1,-1,-1,-1,-1,1,1,1,-1,-1,-1,1,-1,1,1,1,-1,1,-1,1,-1,1,1,1,1,1,-1,1,-1,1,-1,-1,1,-1,1,-1,1,-1,-1,1,-1,1,-1,-1,1,1,-1,1,1,1,1,1,-1,-1,-1,-1,1,1,1,-1,-1,-1,1,-1,1,1,1,-1,-1,1,-1,1,-1,1,1,1,-1,-1,1,1,1,1,-1,-1,1,-1,1,1,1,-1,-1,1,1,1,-1,1,-1,1,1,1,1,1,1,1,1,-1,1,1,1,1,-1,1,-1,1,-1,1,1,1,-1,1,-1,-1,-1,1,-1,1,1,-1,1,-1,-1,1,1,1,1,-1,1,-1,-1,1,1,-1,1,-1,1,-1,-301.12906197623954,1
514,1,1,-1,-1,1,-1,-1,1,-1,-1,-1,-1,-1,1,-1,-1,1,-1,1,-1,-1,1,1,1,-1,-1,-1,-1,-1,1,1,1,1,-1,1,-1,-1,-1,-1,1,1,-1,-1,-1,-1,-1,1,1,1,-1,-1,1,-1,-1,-1,1,1,1,-1,1,-1,-1,1,-1,-1,1,1,1,1,1,1,-1,-1,-1,-1,1,1,1,-1,-1,1,1,-1,1,1,1,1,1,-1,1,-1,1,1,1,1,1,-1,1,-1,1,-1,1,1,-1,1,-1,1,1,-1,1,-1,1,-1,-1,1,1,-1,1,1,1,1,1,-1,-1,-1,-1,1,1,1,-1,-1,-1,1,-1,1,1,1,-1,-1,1,-1,1,-1,1,1,1,-1,-1,1,1,1,1,-1,-1,1,-1,1,1,1,-1,-1,-1,1,1,-1,1,-1,1,1,1,1,1,1,1,1,-1,1,1,1,1,-1,1,-1,1,-1,-1,1,1,1,-1,1,-1,-1,1,-1,1,1,1,1,-1,-1,1,1,1,1,-1,1,-1,-1,1,-1,1,1,-1,1,-1,-301.1252787946566,1
515,-1,-1,1,1,-1,1,1,-1,1,1,1,1,1,-1,-1,1,-1,1,-1,1,1,-1,-1,-1,-1,1,1,1,1,-1,-1,-1,-1,1,-1,1,1,1,1,-1,-1,1,1,1,-1,1,-1,-1,-1,1,1,-1,1,1,1,-1,-1,-1,1,-1,1,1,-1,1,1,-1,-1,-1,-1,-1,-1,1,1,1,1,-1,-1,-1,1,1,-1,-1,1,-1,-1,-1,-1,1,1,-1,-1,1,-1,-1,1,-1,-1,-1,1,1,1,-1,-1,1,-1,-1,1,-1,1,-1,-1,-1,1,-1,-1,-1,1,-1,-1,1,-1,-1,-1,1,1,-1,-1,-1,-1,1,1,1,-1,1,-1,-1,-1,1,1,-1,1,-1,1,-1,-1,-1,-1,1,-1,1,-1,-1,1,1,-1,-1,-1,-1,-1,1,1,1,-1,-1,1,-1,1,-1,-1,-1,-1,-1,-1,-1,-1,1,-1,-1,-1,-1,1,-1,1,-1,1,1,-1,-1,-1,1,-1,1,1,-1,1,-1,-1,-1,-1,1,1,-1,-1,-1,-1,1,-1,1,1,-1,1,-1,-1,1,1,1,-301.1197971934099,1
516,-1,-1,1,1,-1,1,1,-1,1,1,1,1,1,-1,-1,1,-1,1,-1,1,1,-1,-1,-1,1,1,1,1,1,-1,-1,-1,-1,1,-1,-1,1,1,-1,-1,-1,1,1,1,1,1,-1,-1,-1,1,1,-1,1,1,1,-1,-1,-1,1,-1,1,1,-1,1,1,-1,-1,-1,-1,-1,-1,1,1,1,1,-1,-1,-1,1,1,1,-1,1,-1,-1,-1,1,-1,1,-1,1,1,-1,-1,1,-1,1,-1,1,-1,1,1,-1,1,-1,1,-1,1,1,-1,1,-1,-1,1,-1,-1,1,-1,-1,-1,-1,-1,1,1,1,1,-1,-1,-1,1,1,1,-1,1,-1,-1,-1,1,1,-1,1,-1,1,-1,-1,-1,1,1,-1,1,-1,-1,1,1,-1,-1,-1,-1,-1,1,1,1,-1,-1,1,-1,1,-1,-1,-1,-1,-1,-1,-1,-1,1,-1,-1,-1,-1,1,-1,1,-1,1,-1,-1,-1,1,-1,1,1,1,-1,1,-1,-1,1,-1,1,1,-1,-1,-1,-1,1,-1,1,1,-1,1,1,1,1,-1,1,-301.11495791487664,3
517,-1,1,-1,1,1,-1,1,1,-1,1,-1,-1,1,-1,-1,1,1,1,-1,1,-1,-1,-1,-1,1,1,-1,1,1,1,-1,-1,1,1,-1,-1,1,1,-1,-1,1,-1,1,1,-1,1,1,-1,-1,1,1,-1,1,1,1,-1,-1,-1,1,-1,1,1,-1,1,1,-1,-1,-1,-1,-1,-1,1,1,1,1,-1,-1,-1,1,1,-1,-1,1,-1,-1,-1,1,1,1,-1,1,-1,-1,-1,-1,-1,1,-1,1,-1,1,1,-1,1,-1,1,-1,1,1,-1,1,-1,1,1,-1,-1,1,-1,-1,-1,-1,-1,1,1,1,1,-1,-1,-1,1,1,1,-1,1,-1,-1,-1,1,1,-1,1,-1,1,-1,-1,-1,1,1,-1,-1,-1,-1,1,1,-1,1,-1,-1,-1,-1,-1,-1,1,-1,1,1,1,-1,1,-1,-1,1,-1,-1,1,1,-1,1,1,1,1,-1,1,-1,1,-1,1,-1,1,1,-1,1,-1,-1,1,-1,-1,1,-1,1,1,-1,-1,-1,1,-1,-1,1,1,-1,-1,1,-1,-1,1,1,-301.1126585688381,1
518,1,-1,1,-1,-1,-1,-1,-1,1,-1,1,-1,-1,1,1,-1,-1,-1,1,-1,-1,1,1,1,-1,-1,1,-1,-1,-1,1,1,-1,-1,1,1,-1,-1,1,1,-1,1,-1,-1,1,-1,-1,1,1,-1,-1,1,-1,-1,-1,1,1,1,-1,1,-1,-1,1,-1,-1,1,1,1,1,1,1,-1,-1,-1,-1,1,1,1,-1,-1,1,1,-1,1,1,1,1,1,-1,1,-1,1,1,1,1,1,-1,1,-1,1,-1,1,1,-1,1,-1,1,1,-1,1,-1,1,-1,-1,1,1,-1,1,1,1,1,1,-1,-1,-1,-1,1,1,1,-1,-1,-1,1,-1,1,1,1,-1,-1,1,-1,1,-1,1,1,1,-1,-1,1,1,1,1,-1,-1,1,-1,1,1,1,1,1,1,-1,1,-1,-1,-1,1,-1,1,1,-1,1,1,-1,-1,1,-1,-1,-1,-1,1,-1,1,-1,-1,-1,1,1,-1,1,-1,1,1,-1,1,1,1,1,-1,-1,1,1,1,1,1,1,-1,-1,1,1,-1,1,1,-1,-1,-301.1094790297225,1
519,-1,1,-1,1,1,1,1,1,1,1,-1,1,1,1,1,1,1,1,-1,1,1,-1,-1,-1,1,1,-1,1,1,1,-1,-1,1,1,-1,1,1,1,-1,-1,1,-1,1,1,-1,1,1,-1,-1,1,1,-1,1,1,1,-1,-1,-1,1,-1,1,1,-1,1,1,-1,-1,-1,-1,-1,-1,1,1,1,1,-1,-1,-1,1,1,-1,-1,1,-1,1,-1,-1,1,1,-1,1,-1,-1,-1,-1,-1,1,1,1,-1,-1,-1,-1,1,-1,-1,1,-1,1,-1,1,-1,-1,1,-1,-1,1,-1,1,1,-1,-1,1,1,1,1,-1,-1,1,1,1,-1,-1,1,-1,-1,-1,1,1,-1,1,-1,1,-1,-1,-1,1,1,-1,-1,-1,-1,1,1,-1,-1,-1,-1,-1,-1,-1,-1,1,-1,1,1,1,-1,1,1,-1,1,-1,-1,1,1,-1,1,1,1,1,-1,1,-1,1,1,1,-1,-1,1,-1,1,1,-1,1,1,-1,-1,-1,1,1,-1,-1,-1,-1,-1,-1,1,1,-1,-1,1,-1,1,-1,1,-301.1075045611566,1
520,-1,-1,1,1,-1,1,1,-1,1,1,1,1,1,-1,-1,1,-1,1,-1,1,1,-1,-1,-1,1,1,1,1,1,-1,-1,-1,-1,1,-1,-1,1,1,-1,-1,-1,1,1,1,1,1,-1,-1,-1,1,1,-1,1,1,1,-1,-1,-1,1,-1,1,1,-1,1,1,-1,-1,-1,-1,-1,-1,1,1,1,1,-1,-1,-1,1,1,1,-1,1,-1,-1,-1,1,-1,1,-1,1,1,-1,-1,1,-1,1,-1,1,-1,1,1,-1,1,-1,1,-1,1,1,-1,1,-1,1,1,-1,-1,1,-1,-1,-1,-1,-1,1,1,1,1,-1,-1,-1,1,1,1,-1,1,-1,-1,-1,1,1,-1,1,-1,1,-1,-1,-1,1,1,-1,1,-1,-1,1,1,-1,-1,-1,-1,-1,1,1,1,-1,-1,1,-1,1,-1,-1,-1,-1,-1,-1,-1,-1,1,-1,-1,-1,-1,1,-1,1,-1,1,-1,-1,-1,1,-1,1,1,1,-1,1,-1,-1,1,-1,1,1,-1,-1,-1,-1,1,-1,1,1,-1,1,1,1,1,-1,1,-301.1060593369916,1
521,-1,-1,1,1,-1,1,1,-1,1,1,1,1,1,-1,-1,1,-1,1,-1,1,1,-1,-1,-1,1,1,1,1,1,-1,-1,-1,-1,1,-1,-1,1,1,-1,-1,-1,1,1,1,1,1,-1,-1,-1,1,1,-1,1,1,1,-1,-1,-1,1,-1,1,1,-1,1,1,-1,-1,-1,-1,-1,-1,1,1,1,1,-1,-1,-1,1,1,-1,-1,1,-1,-1,-1,1,-1,1,-1,1,1,-1,-1,1,-1,1,-1,1,-1,1,1,-1,1,-1,1,-1,1,1,-1,1,-1,-1,1,-1,-1,1,-1,-1,-1,-1,-1,1,1,1,1,-1,-1,-1,1,1,1,-1,1,-1,-1,-1,1,1,-1,1,-1,1,-1,-1,-1,1,1,-1,1,-1,-1,1,1,-1,-1,-1,-1,-1,1,1,1,-1,-1,1,-1,1,-1,-1,-1,-1,-1,-1,-1,-1,1,-1,-1,-1,-1,1,-1,1,-1,1,-1,-1,-1,1,-1,1,1,1,-1,1,-1,-1,1,-1,1,1,-1,-1,-1,-1,1,-1,1,1,-1,1,1,-1,1,-1,-1,-301.1060163570102,1
522,1,1,-1,-1,1,-1,-1,1,-1,-1,-1,-1,-1,1,1,-1,1,-1,1,-1,-1,1,1,1,1,-1,-1,-1,-1,1,1,1,1,-1,1,1,-1,-1,1,1,1,-1,-1,-1,-1,-1,1,1,1,-1,-1,1,-1,-1,-1,1,1,1,-1,1,-1,-1,1,-1,-1,1,1,1,1,1,1,-1,-1,-1,-1,1,1,1,-1,-1,1,1,-1,1,1,1,1,1,-1,1,-1,1,1,1,1,1,-1,1,-1,1,-1,1,1,-1,1,-1,1,1,-1,1,-1,1,1,-1,1,1,-1,1,1,1,1,1,-1,-1,-1,-1,1,1,1,-1,-1,-1,1,-1,1,1,1,-1,-1,1,-1,1,-1,1,1,1,-1,-1,1,1,1,1,-1,-1,1,-1,1,1,1,-1,-1,1,1,1,-1,1,-1,1,1,1,1,1,1,1,1,-1,1,1,1,1,-1,1,-1,1,-1,-1,1,1,1,1,1,-1,-1,1,-1,1,1,1,1,-1,-1,1,1,1,1,-1,1,-1,-1,1,-1,-1,1,-1,1,1,-301.0999833266133,1
523,-1,-1,1,1,-1,1,1,-1,1,1,1,1,1,-1,-1,1,-1,1,-1,1,1,-1,-1,-1,1,1,1,1,1,-1,-1,-1,-1,1,-1,-1,1,1,-1,-1,-1,1,1,1,1,1,-1,-1,-1,1,1,-1,1,1,1,-1,-1,-1,1,-1,1,1,-1,1,1,-1,1,-1,-1,-1,-1,1,1,1,1,-1,-1,-1,1,1,1,-1,1,-1,-1,-1,1,-1,1,-1,1,-1,-1,-1,-1,-1,1,-1,1,-1,1,1,-1,1,-1,1,-1,1,1,-1,1,-1,1,1,-1,-1,1,-1,-1,-1,-1,-1,1,1,1,1,-1,-1,-1,1,1,1,-1,1,-1,-1,-1,1,1,-1,1,-1,1,-1,-1,-1,1,1,-1,-1,-1,-1,1,1,-1,1,-1,-1,-1,1,1,-1,-1,-1,1,-1,1,-1,-1,-1,-1,-1,-1,-1,-1,1,-1,-1,-1,-1,1,-1,1,-1,1,-1,-1,-1,1,-1,1,1,1,-1,1,-1,-1,1,-1,1,1,-1,-1,-1,-1,1,-1,1,1,-1,1,1,1,1,-1,1,-301.09834380593554,1
524,-1,-1,-1,1,-1,1,1,-1,1,1,1,1,1,-1,-1,1,-1,1,-1,1,1,-1,-1,-1,1,1,1,1,1,-1,-1,-1,-1,1,-1,-1,1,1,-1,-1,-1,1,1,1,1,1,-1,-1,-1,1,1,-1,1,1,1,-1,-1,-1,1,-1,1,1,-1,1,1,-1,1,-1,-1,-1,-1,1,1,1,1,-1,-1,-1,1,1,-1,-1,1,-1,-1,-1,-1,-1,1,-1,1,-1,-1,-1,-1,-1,1,-1,1,-1,1,-1,-1,1,-1,1,-1,-1,1,-1,1,-1,1,1,-1,-1,1,-1,-1,-1,-1,-1,1,1,1,1,-1,-1,-1,1,1,1,-1,1,-1,-1,-1,1,1,-1,1,-1,1,-1,-1,-1,1,1,-1,-1,-1,-1,1,1,-1,1,-1,-1,-1,1,1,-1,-1,-1,1,-1,1,-1,-1,-1,-1,-1,-1,-1,-1,1,-1,-1,-1,-1,1,-1,1,-1,1,1,-1,-1,-1,-1,-1,1,1,-1,1,-1,-1,-1,-1,1,1,-1,-1,-1,1,1,-1,1,1,-1,-1,1,-1,1,-1,1,-301.0981651663431,1
525,-1,1,-1,1,1,-1,1,1,-1,1,-1,-1,1,-1,-1,1,1,1,-1,1,1,-1,-1,-1,1,1,-1,1,1,1,-1,-1,1,1,-1,-1,1,1,-1,-1,1,-1,1,1,-1,1,1,-1,-1,1,1,-1,1,1,1,-1,-1,-1,1,-1,1,1,-1,1,1,-1,-1,-1,-1,-1,-1,1,1,1,1,-1,-1,-1,1,1,-1,-1,1,-1,-1,-1,1,-1,1,-1,1,-1,-1,-1,-1,-1,1,-1,1,-1,1,1,-1,1,-1,1,-1,1,1,-1,1,-1,1,1,-1,-1,1,-1,-1,-1,-1,-1,1,1,1,1,-1,-1,-1,1,1,1,-1,1,-1,-1,-1,1,1,-1,1,-1,1,-1,-1,-1,1,1,-1,-1,-1,-1,1,1,-1,1,-1,-1,-1,-1,-1,-1,1,-1,1,1,1,-1,1,-1,-1,1,-1,-1,1,1,-1,1,1,1,1,-1,1,-1,1,-1,1,-1,1,1,-1,1,-1,-1,1,-1,-1,1,-1,1,1,-1,-1,-1,1,-1,-1,1,1,-1,-1,1,-1,-1,1,1,-301.0978498816093,1
526,1,1,-1,-1,1,-1,-1,1,-1,-1,-1,-1,-1,1,1,-1,1,-1,1,-1,-1,1,1,1,-1,-1,-1,-1,-1,1,-1,1,1,-1,1,1,-1,-1,1,1,1,-1,-1,-1,-1,-1,1,1,1,-1,-1,1,-1,-1,-1,1,1,1,-1,1,-1,-1,1,-1,-1,1,1,1,1,1,1,-1,-1,-1,-1,1,1,1,-1,-1,1,1,-1,1,1,1,1,1,-1,1,-1,1,1,1,1,1,-1,1,-1,1,-1,1,1,-1,1,-1,1,1,-1,1,-1,1,-1,-1,1,1,-1,1,1,1,1,1,-1,-1,-1,-1,1,1,1,-1,-1,-1,1,-1,1,1,1,-1,-1,1,-1,1,-1,1,1,1,-1,-1,1,1,1,1,-1,-1,1,-1,1,1,1,-1,-1,-1,1,1,-1,1,-1,1,1,1,1,1,1,1,1,-1,1,1,1,1,-1,1,-1,1,-1,-1,1,1,1,1,1,-1,-1,1,-1,1,1,1,1,-1,-1,1,1,1,1,-1,1,-1,-1,1,-1,-1,1,-1,1,1,-301.0946533083067,2
527,1,1,1,-1,1,-1,-1,1,-1,-1,-1,-1,-1,1,1,-1,1,-1,1,-1,-1,1,1,1,-1,-1,-1,-1,-1,1,1,1,1,-1,1,1,-1,-1,1,1,1,1,-1,-1,-1,-1,1,1,1,-1,-1,1,-1,-1,-1,1,1,1,-1,1,-1,-1,1,-1,-1,1,1,1,1,1,1,-1,-1,-1,-1,1,1,1,-1,-1,-1,1,-1,1,1,1,-1,1,-1,1,-1,1,1,1,1,1,-1,1,-1,1,-1,-1,1,-1,1,-1,1,-1,-1,1,-1,1,-1,-1,1,1,-1,1,1,1,1,1,-1,-1,-1,-1,1,1,1,-1,-1,-1,1,-1,1,1,1,-1,-1,1,-1,1,-1,1,1,1,-1,-1,1,1,1,1,-1,-1,1,-1,1,1,1,-1,-1,-1,1,1,-1,1,-1,1,1,1,1,1,1,1,1,-1,1,1,1,1,-1,1,-1,1,-1,1,1,1,-1,1,-1,-1,-1,1,-1,1,1,-1,-1,1,1,1,1,1,-1,1,1,-1,-1,1,1,-1,1,-1,1,-1,-301.0943306566031,1
528,1,1,-1,-1,1,-1,-1,1,-1,-1,-1,-1,-1,1,1,-1,1,-1,1,-1,-1,1,1,1,-1,-1,-1,-1,-1,1,1,1,1,-1,1,1,-1,-1,1,1,1,-1,-1,-1,-1,-1,1,1,1,-1,-1,1,-1,-1,-1,1,1,1,-1,1,-1,-1,1,-1,-1,1,-1,1,1,1,1,-1,-1,-1,-1,1,1,1,-1,-1,1,1,-1,1,1,1,-1,1,-1,1,-1,1,1,1,1,1,-1,1,-1,1,-1,-1,1,-1,1,-1,1,-1,-1,1,-1,1,-1,-1,1,1,-1,1,1,1,1,1,-1,-1,-1,-1,1,1,1,-1,-1,-1,1,-1,1,1,1,-1,-1,1,-1,1,-1,1,1,1,-1,-1,1,1,1,1,-1,-1,1,-1,1,1,1,-1,-1,-1,1,1,-1,1,-1,1,1,1,1,1,1,1,1,-1,1,1,1,1,-1,1,-1,1,-1,1,1,1,-1,1,1,-1,-1,1,-1,1,1,-1,1,-1,-1,1,1,1,1,-1,1,-1,-1,1,-1,-1,1,-1,1,-1,-301.0936850215433,1
529,-1,1,-1,1,1,1,1,1,-1,1,-1,1,1,-1,-1,1,1,1,-1,1,1,-1,-1,-1,1,1,-1,1,1,1,-1,-1,1,1,-1,-1,1,1,-1,-1,1,-1,1,1,-1,1,1,-1,-1,1,1,-1,1,1,1,-1,-1,-1,1,-1,1,1,-1,1,1,-1,-1,-1,-1,-1,-1,1,1,1,1,-1,-1,-1,-1,1,-1,1,1,-1,-1,-1,-1,1,1,-1,1,-1,-1,-1,-1,-1,-1,-1,1,1,1,-1,-1,1,-1,-1,1,-1,1,-1,-1,-1,1,-1,-1,-1,1,-1,-1,1,-1,-1,-1,1,1,-1,-1,-1,1,1,1,-1,-1,1,-1,-1,-1,1,1,-1,1,-1,1,1,-1,-1,1,1,-1,-1,-1,-1,1,1,-1,-1,-1,-1,-1,-1,-1,-1,1,-1,1,1,1,-1,1,-1,-1,-1,-1,-1,1,1,-1,1,1,1,1,-1,1,-1,1,1,1,-1,-1,1,-1,1,-1,-1,1,-1,-1,-1,-1,1,1,-1,-1,-1,-1,-1,-1,1,1,-1,-1,1,-1,1,-1,1,-301.0930949359179,1
530,1,1,1,-1,1,-1,-1,1,-1,-1,-1,-1,-1,1,1,-1,1,-1,1,-1,-1,1,1,1,-1,-1,-1,-1,-1,1,1,1,1,-1,1,1,-1,-1,1,1,1,1,-1,-1,-1,-1,1,1,1,-1,-1,1,-1,-1,-1,1,1,1,-1,1,-1,-1,1,-1,-1,1,1,1,1,1,1,-1,-1,-1,-1,1,1,1,-1,-1,1,1,-1,1,1,1,1,1,-1,1,-1,1,1,1,1,1,-1,1,-1,1,-1,1,1,-1,1,-1,1,1,-1,1,-1,1,-1,-1,1,1,-1,1,1,1,1,1,-1,-1,-1,-1,1,1,1,-1,-1,-1,1,-1,1,1,1,-1,-1,1,-1,1,-1,1,1,1,-1,-1,1,1,1,1,-1,-1,1,-1,1,1,1,-1,-1,1,1,1,-1,1,-1,1,1,1,1,1,1,1,1,-1,1,1,1,1,-1,1,-1,1,-1,-1,1,1,1,1,1,-1,-1,1,-1,1,1,1,1,-1,-1,1,1,1,-1,1,1,-1,-1,1,1,-1,1,-1,1,-1,-301.09103233883843,1
531,-1,-1,1,1,-1,1,1,-1,1,1,1,1,1,-1,-1,1,-1,1,-1,1,1,-1,-1,-1,1,1,1,1,1,-1,-1,-1,-1,1,-1,-1,1,1,-1,-1,-1,1,1,1,1,1,-1,-1,-1,1,1,-1,1,1,1,-1,-1,-1,1,-1,1,1,-1,1,1,-1,1,-1,-1,-1,-1,1,1,1,1,-1,-1,-1,1,1,-1,-1,1,-1,-1,-1,1,-1,1,-1,1,-1,-1,-1,-1,-1,1,-1,1,-1,1,1,-1,1,-1,1,-1,1,1,-1,1,-1,1,1,-1,-1,1,-1,-1,-1,-1,-1,1,1,1,1,-1,-1,-1,1,1,1,-1,1,-1,-1,-1,1,1,-1,1,-1,1,-1,-1,-1,1,1,-1,-1,-1,-1,1,1,-1,1,-1,-1,-1,1,1,-1,-1,-1,1,-1,1,-1,-1,-1,-1,-1,-1,-1,-1,1,-1,-1,-1,-1,1,-1,1,-1,1,-1,-1,-1,1,-1,1,1,1,-1,1,-1,-1,1,-1,1,1,-1,-1,-1,-1,1,-1,1,1,-1,1,1,-1,1,-1,-1,-301.08940224806906,1
532,-1,1,-1,1,1,-1,1,1,-1,1,-1,-1,1,1,1,1,1,-1,-1,1,1,-1,-1,-1,1,1,-1,1,1,1,-1,-1,1,1,-1,1,1,1,-1,-1,1,-1,1,1,-1,1,1,-1,-1,1,1,-1,1,1,1,-1,-1,-1,1,-1,1,1,-1,1,1,-1,-1,-1,-1,-1,-1,1,1,1,1,-1,-1,-1,-1,1,-1,1,1,-1,-1,-1,-1,1,1,-1,1,-1,-1,1,-1,-1,-1,-1,1,1,1,-1,-1,1,-1,1,-1,-1,1,-1,-1,-1,1,-1,-1,-1,-1,-1,-1,-1,-1,-1,1,1,1,-1,-1,-1,1,1,1,1,-1,1,-1,-1,-1,1,1,-1,1,-1,1,1,-1,-1,1,1,-1,-1,-1,-1,1,1,-1,1,-1,-1,-1,-1,-1,-1,1,-1,1,1,1,-1,1,-1,-1,1,-1,-1,1,1,-1,1,1,1,1,-1,1,-1,1,1,1,-1,-1,1,-1,1,-1,-1,1,1,-1,-1,-1,1,1,-1,-1,-1,1,-1,-1,-1,1,-1,-1,1,-1,-1,1,1,-301.0890553645617,1
533,-1,1,-1,1,1,-1,1,1,-1,1,-1,-1,1,-1,-1,1,1,1,-1,1,1,-1,-1,-1,1,1,-1,1,1,1,-1,-1,1,1,-1,-1,1,1,-1,-1,1,-1,1,1,-1,1,1,-1,-1,1,1,-1,1,1,1,-1,-1,-1,1,-1,1,1,-1,1,1,-1,-1,-1,-1,-1,-1,1,1,1,1,-1,-1,-1,1,1,-1,-1,1,-1,1,-1,-1,1,1,-1,1,-1,-1,-1,-1,-1,1,1,1,-1,-1,-1,-1,1,-1,-1,1,-1,1,-1,1,-1,-1,1,-1,-1,1,-1,1,1,-1,-1,1,1,1,1,-1,-1,1,1,1,-1,-1,1,-1,-1,-1,1,1,-1,1,-1,1,-1,-1,-1,1,1,-1,-1,-1,-1,1,1,-1,-1,-1,-1,-1,-1,-1,-1,1,-1,1,1,1,-1,1,-1,-1,1,-1,-1,1,1,-1,1,1,1,1,-1,1,-1,1,1,1,-1,-1,1,-1,1,-1,-1,1,-1,-1,-1,-1,1,1,-1,-1,-1,1,-1,-1,-1,1,-1,-1,1,-1,-1,1,1,-301.0841407316734,1
534,-1,-1,1,1,-1,1,1,-1,1,1,1,1,1,-1,-1,1,-1,1,-1,1,1,-1,-1,1,1,1,1,1,1,-1,-1,-1,-1,1,-1,-1,1,1,-1,-1,-1,-1,1,1,1,1,-1,-1,-1,1,1,-1,1,1,1,-1,-1,-1,1,-1,1,1,-1,1,1,-1,-1,-1,-1,-1,-1,1,1,1,1,-1,-1,-1,1,1,1,-1,1,-1,-1,-1,1,-1,1,-1,1,-1,-1,-1,-1,-1,1,-1,1,-1,1,1,-1,1,-1,1,-1,1,1,-1,1,-1,-1,1,-1,-1,1,-1,-1,-1,-1,-1,1,1,1,1,-1,-1,-1,1,1,1,-1,1,-1,-1,-1,1,1,-1,1,-1,1,-1,-1,-1,1,1,-1,-1,-1,-1,1,1,-1,1,-1,-1,-1,1,1,-1,-1,-1,1,-1,1,-1,-1,-1,-1,-1,-1,-1,-1,1,-1,-1,-1,-1,1,-1,1,-1,1,-1,-1,-1,1,-1,1,1,1,-1,1,-1,-1,1,1,-1,-1,-1,-1,-1,-1,-1,-1,1,1,-1,1,1,-1,1,-1,1,-301.08043951009813,1
535,-1,1,-1,1,1,-1,1,1,-1,1,-1,-1,1,-1,-1,1,1,1,-1,1,1,-1,-1,-1,1,1,-1,1,1,1,-1,-1,1,1,-1,-1,1,1,-1,-1,1,-1,1,1,-1,1,1,-1,-1,1,1,-1,1,1,1,-1,-1,-1,1,-1,1,1,-1,1,1,-1,-1,-1,-1,-1,-1,1,1,1,1,-1,-1,-1,1,1,-1,1,1,-1,-1,-1,-1,1,1,-1,1,-1,-1,1,-1,-1,-1,-1,1,1,1,-1,-1,1,-1,1,-1,-1,1,-1,-1,-1,1,-1,-1,-1,-1,-1,-1,-1,-1,-1,1,1,1,-1,-1,-1,-1,1,1,1,-1,1,-1,-1,-1,1,1,-1,1,-1,1,1,-1,-1,1,1,-1,-1,-1,-1,1,1,-1,1,-1,-1,-1,-1,-1,-1,1,-1,1,1,1,-1,1,-1,-1,1,-1,-1,1,1,-1,1,1,1,1,-1,1,-1,1,1,1,-1,-1,1,-1,1,-1,-1,1,-1,-1,-1,-1,1,1,-1,-1,-1,1,-1,-1,1,1,-1,-1,1,-1,-1,1,1,-301.0725795031213,1
536,1,1,-1,-1,1,-1,-1,1,-1,-1,-1,-1,-1,1,1,-1,1,-1,1,-1,-1,1,1,1,-1,-1,-1,-1,-1,1,1,1,1,-1,1,1,-1,-1,1,1,1,1,-1,-1,1,-1,1,1,1,-1,-1,1,-1,-1,-1,1,1,1,-1,1,-1,-1,1,-1,-1,1,1,1,1,1,1,-1,-1,-1,-1,1,1,1,-1,-1,1,1,-1,1,1,1,1,1,-1,1,-1,1,1,1,1,1,-1,1,-1,1,-1,1,1,-1,1,-1,1,1,-1,1,-1,1,-1,-1,1,1,-1,1,1,1,1,1,-1,-1,-1,-1,1,1,1,-1,-1,-1,1,-1,1,1,1,-1,-1,1,-1,1,-1,1,1,1,-1,-1,1,1,1,1,-1,-1,1,-1,1,1,1,-1,-1,-1,1,1,-1,1,-1,1,1,1,1,1,1,1,1,-1,1,1,1,1,-1,1,-1,1,-1,1,-1,1,1,-1,1,-1,-1,1,-1,1,1,1,1,-1,-1,1,1,1,1,1,1,-1,-1,1,-1,-1,1,-1,1,-1,-301.067854726594,1
537,1,1,-1,-1,1,-1,-1,1,-1,-1,-1,-1,-1,1,1,-1,1,-1,1,-1,-1,1,1,1,-1,-1,-1,-1,-1,1,1,1,1,-1,1,1,-1,-1,1,1,1,1,-1,-1,1,-1,1,1,1,-1,-1,1,-1,-1,-1,1,1,1,-1,1,-1,-1,1,-1,-1,1,1,1,1,1,1,-1,-1,-1,-1,1,1,1,-1,-1,1,1,-1,1,-1,1,1,-1,-1,1,-1,-1,1,1,-1,1,-1,1,-1,1,-1,1,1,-1,1,1,-1,1,-1,1,-1,1,1,-1,1,1,-1,1,-1,-1,1,1,-1,-1,-1,-1,1,1,-1,-1,-1,1,1,-1,1,1,1,-1,-1,1,-1,1,-1,1,1,1,1,-1,1,-1,1,1,-1,-1,1,1,1,1,1,-1,-1,-1,1,1,-1,1,-1,1,1,1,1,1,1,1,1,-1,1,1,1,1,-1,1,-1,1,-1,-1,-1,1,1,-1,1,-1,-1,1,-1,1,1,1,1,-1,-1,1,1,1,1,1,1,-1,-1,1,-1,-1,1,-1,1,-1,-301.06747078623476,1
538,-1,1,-1,1,1,-1,1,1,-1,1,-1,-1,1,-1,-1,1,1,1,-1,1,1,-1,-1,-1,1,1,-1,1,1,1,-1,-1,1,1,-1,-1,1,1,-1,-1,1,-1,1,1,-1,1,1,-1,-1,1,1,-1,1,1,1,-1,-1,-1,1,-1,1,1,-1,1,1,-1,-1,-1,-1,-1,-1,1,1,1,1,-1,-1,-1,-1,1,-1,1,1,-1,-1,-1,-1,1,1,-1,1,-1,-1,-1,-1,-1,-1,1,1,-1,-1,-1,-1,1,-1,-1,1,-1,1,-1,1,-1,1,-1,-1,-1,1,-1,-1,1,-1,-1,-1,1,1,-1,-1,-1,1,1,1,-1,-1,1,-1,-1,-1,1,1,-1,1,-1,1,1,-1,-1,1,1,-1,-1,-1,-1,1,1,-1,-1,-1,-1,-1,-1,-1,-1,1,-1,1,1,1,-1,1,-1,-1,-1,-1,-1,1,1,-1,1,1,1,1,-1,1,-1,1,1,1,-1,-1,1,-1,1,-1,-1,1,-1,-1,-1,-1,1,1,-1,-1,-1,1,-1,-1,1,1,-1,-1,1,-1,-1,1,1,-301.06421995892117,1
539,-1,1,-1,1,1,-1,1,1,-1,1,-1,-1,1,-1,-1,1,1,1,-1,1,1,-1,-1,-1,1,1,-1,1,1,1,-1,-1,1,1,-1,-1,1,1,-1,-1,1,-1,1,1,-1,1,1,-1,-1,1,1,-1,1,1,1,-1,-1,-1,1,-1,1,1,-1,1,1,-1,-1,-1,-1,-1,-1,1,1,1,1,-1,-1,-1,-1,1,-1,1,1,-1,-1,-1,-1,1,1,-1,1,-1,-1,1,-1,-1,-1,-1,1,1,1,-1,-1,1,-1,1,-1,-1,1,-1,-1,-1,1,-1,-1,-1,-1,-1,-1,-1,-1,-1,1,1,1,-1,-1,-1,1,1,1,1,-1,1,-1,-1,-1,1,1,-1,1,-1,1,1,-1,-1,1,1,-1,-1,-1,-1,1,1,-1,1,-1,-1,-1,-1,-1,-1,1,-1,1,1,1,-1,1,-1,-1,1,-1,-1,1,1,-1,1,1,1,1,-1,1,-1,1,1,1,-1,-1,1,-1,1,-1,-1,1,-1,-1,-1,-1,1,1,-1,-1,-1,1,-1,-1,1,1,-1,-1,1,-1,-1,1,1,-301.06324201478395,1
540,-1,1,-1,1,1,-1,1,1,-1,1,-1,-1,1,-1,-1,1,1,1,-1,1,-1,-1,-1,-1,-1,1,-1,1,1,1,-1,-1,1,1,-1,-1,1,1,-1,-1,1,-1,1,1,-1,1,1,-1,-1,1,1,-1,1,1,1,-1,-1,-1,1,-1,1,1,-1,1,1,-1,-1,-1,-1,-1,-1,1,1,1,1,-1,-1,-1,1,1,-1,-1,1,-1,-1,-1,-1,-1,1,-1,1,-1,-1,-1,-1,-1,1,-1,1,-1,1,-1,-1,1,-1,1,-1,-1,1,-1,1,-1,-1,1,-1,-1,1,-1,-1,-1,-1,-1,1,1,1,1,-1,-1,-1,1,1,1,-1,1,-1,-1,-1,1,1,-1,1,-1,1,-1,-1,-1,1,1,-1,-1,-1,-1,1,1,-1,1,-1,-1,-1,-1,-1,-1,1,-1,1,1,1,-1,1,-1,-1,1,-1,-1,1,1,-1,1,1,1,1,-1,1,-1,1,-1,1,-1,-1,1,-1,1,-1,-1,1,-1,-1,-1,-1,1,1,-1,-1,-1,1,-1,-1,1,1,-1,-1,1,-1,-1,1,1,-301.05996541290483,1
541,-1,-1,-1,1,-1,1,1,-1,1,1,1,1,1,-1,-1,1,-1,1,-1,1,1,-1,-1,-1,1,1,1,1,1,-1,-1,-1,-1,1,-1,-1,1,1,-1,-1,-1,1,1,1,1,1,-1,-1,-1,1,1,-1,1,1,1,-1,-1,-1,1,-1,1,1,-1,1,1,-1,-1,-1,-1,-1,-1,1,1,1,1,-1,-1,-1,1,1,-1,-1,1,-1,-1,-1,1,-1,1,-1,1,-1,-1,-1,-1,-1,1,-1,1,-1,1,1,-1,1,-1,1,-1,1,1,-1,1,-1,-1,1,-1,-1,1,-1,-1,-1,-1,-1,1,1,1,1,-1,-1,-1,1,1,1,-1,1,-1,-1,-1,1,1,-1,1,-1,1,-1,-1,-1,1,1,-1,-1,-1,-1,1,1,-1,1,-1,-1,-1,1,1,1,-1,-1,1,-1,1,-1,-1,-1,-1,-1,-1,-1,-1,1,-1,-1,-1,-1,1,-1,1,-1,1,-1,-1,-1,1,-1,1,1,1,-1,1,-1,-1,1,-1,1,1,-1,-1,-1,-1,1,-1,1,1,-1,-1,1,-1,1,-1,-1,-301.05809855279807,1
542,1,1,1,-1,1,-1,-1,1,-1,-1,-1,-1,-1,1,1,-1,1,-1,1,-1,-1,1,1,1,-1,-1,-1,-1,-1,1,1,1,1,-1,1,1,-1,-1,1,1,1,-1,-1,-1,-1,-1,1,1,1,-1,-1,1,-1,-1,-1,1,1,1,-1,1,-1,-1,1,-1,-1,1,1,1,1,1,1,-1,-1,-1,-1,1,1,1,-1,-1,1,1,-1,1,1,1,-1,1,-1,1,-1,1,1,1,1,1,-1,1,-1,1,-1,-1,1,-1,1,-1,1,-1,-1,1,-1,1,1,-1,1,1,-1,1,1,1,1,1,-1,-1,-1,-1,1,1,1,-1,-1,-1,1,-1,1,1,1,-1,-1,1,-1,1,-1,1,1,1,-1,-1,1,1,1,1,-1,-1,1,-1,1,1,1,-1,-1,-1,1,1,-1,1,-1,1,1,1,1,1,1,1,1,-1,1,1,1,1,-1,1,-1,1,-1,1,1,1,-1,1,-1,-1,-1,1,-1,1,1,-1,1,-1,-1,1,1,1,1,-1,1,-1,-1,1,1,-1,1,-1,1,1,-301.05809855279807,1
543,-1,-1,1,1,-1,1,1,-1,1,1,1,1,1,-1,-1,1,-1,1,-1,1,1,-1,-1,-1,1,1,1,1,1,-1,-1,-1,-1,1,-1,-1,1,1,-1,-1,-1,-1,1,1,-1,1,-1,-1,-1,1,1,-1,1,1,1,-1,-1,-1,1,-1,1,1,-1,1,1,-1,-1,-1,-1,-1,-1,1,1,1,1,-1,-1,-1,1,1,-1,-1,1,-1,-1,-1,-1,-1,1,-1,1,-1,-1,-1,-1,-1,1,-1,1,-1,1,1,-1,1,-1,1,-1,1,1,-1,1,-1,1,1,-1,-1,1,-1,-1,-1,-1,-1,1,1,1,1,-1,-1,-1,1,1,1,-1,1,-1,-1,-1,1,1,-1,1,-1,1,-1,-1,-1,1,1,-1,-1,-1,-1,1,1,-1,1,-1,-1,-1,1,1,1,-1,-1,1,-1,1,-1,-1,-1,-1,-1,-1,-1,-1,1,-1,-1,-1,-1,1,-1,1,-1,1,-1,1,-1,1,1,-1,1,1,-1,1,-1,-1,1,-1,1,1,-1,-1,-1,-1,-1,-1,1,1,-1,1,1,-1,1,-1,1,-301.0571502080813,1
544,1,-1,1,-1,-1,1,-1,-1,1,-1,1,1,-1,1,1,-1,-1,-1,1,-1,1,1,1,1,1,-1,1,-1,-1,-1,1,1,-1,-1,1,1,-1,-1,1,1,-1,1,-1,-1,1,-1,-1,1,1,-1,-1,1,-1,-1,-1,1,1,1,-1,1,-1,-1,1,-1,-1,1,1,1,1,1,-1,-1,-1,-1,-1,1,1,1,-1,-1,1,1,-1,1,-1,1,1,1,-1,1,-1,1,1,-1,1,1,-1,-1,-1,1,1,1,1,-1,1,-1,-1,1,-1,1,-1,1,1,-1,1,1,1,1,1,1,1,1,-1,-1,-1,-1,1,1,-1,-1,-1,1,1,-1,-1,1,1,-1,-1,1,-1,1,-1,1,1,1,-1,-1,1,1,1,1,-1,-1,1,1,1,1,1,1,1,1,-1,1,-1,-1,-1,1,-1,1,1,-1,1,1,-1,-1,1,-1,-1,-1,-1,1,-1,1,-1,-1,-1,1,1,-1,1,-1,1,1,-1,1,1,1,1,-1,-1,1,1,1,-1,1,1,-1,-1,1,1,-1,1,1,-1,-1,-301.0470170878831,1
545,-1,1,-1,-1,1,-1,-1,1,-1,-1,-1,-1,-1,1,1,-1,1,-1,1,-1,-1,1,1,1,-1,-1,-1,-1,-1,1,1,1,1,-1,1,1,-1,-1,1,1,1,-1,-1,-1,-1,-1,1,1,1,-1,-1,1,-1,-1,-1,1,1,1,-1,1,-1,-1,1,-1,-1,1,1,1,1,1,1,-1,-1,-1,-1,1,1,1,-1,-1,-1,1,-1,1,1,1,-1,1,-1,1,-1,1,1,1,1,1,-1,1,-1,1,-1,-1,1,-1,1,-1,1,-1,-1,1,-1,1,-1,-1,1,1,-1,1,1,1,1,1,-1,-1,-1,-1,1,1,1,-1,-1,-1,1,-1,1,1,1,-1,-1,1,-1,1,-1,1,1,1,-1,-1,1,1,1,1,-1,-1,1,-1,1,1,1,-1,-1,-1,1,1,-1,1,-1,1,1,1,1,1,1,1,1,-1,1,1,1,1,-1,1,-1,1,-1,1,1,1,-1,1,-1,-1,-1,1,-1,1,1,-1,1,-1,-1,1,1,1,1,-1,1,-1,-1,1,-1,-1,1,-1,1,-1,-301.0435578438058,1
546,-1,1,-1,1,1,-1,1,1,-1,1,-1,-1,1,-1,-1,1,1,1,-1,1,1,-1,-1,-1,1,1,-1,1,1,1,-1,-1,1,1,-1,-1,1,1,-1,-1,1,-1,1,1,-1,1,1,-1,-1,1,1,-1,1,1,1,-1,-1,-1,1,-1,1,1,-1,1,1,-1,-1,-1,-1,-1,-1,1,1,1,1,-1,-1,-1,1,1,-1,-1,1,-1,1,-1,-1,1,1,-1,1,-1,-1,-1,-1,-1,1,1,1,-1,-1,-1,-1,1,-1,-1,1,-1,1,-1,1,-1,-1,1,-1,-1,1,-1,1,1,-1,-1,1,1,1,1,-1,-1,1,1,1,-1,-1,1,-1,-1,-1,1,1,-1,1,-1,1,-1,-1,-1,1,1,-1,-1,-1,-1,1,1,-1,-1,-1,-1,-1,-1,-1,-1,1,-1,1,1,1,-1,1,-1,-1,1,-1,-1,1,1,-1,1,1,1,1,-1,1,-1,1,1,1,-1,-1,1,-1,1,-1,-1,1,-1,-1,-1,-1,1,1,-1,-1,-1,1,-1,-1,1,1,-1,-1,1,-1,-1,1,-1,-301.04228402908444,1
547,1,1,-1,-1,1,-1,-1,1,-1,-1,-1,-1,-1,1,1,-1,1,-1,1,-1,-1,1,1,1,-1,-1,-1,-1,-1,1,1,1,1,-1,1,-1,-1,-1,-1,1,1,-1,-1,-1,1,-1,1,1,1,-1,-1,1,-1,-1,-1,1,1,1,-1,1,-1,-1,1,-1,-1,1,1,1,1,1,1,-1,-1,-1,-1,1,1,1,-1,-1,1,1,-1,1,1,1,1,1,-1,1,-1,1,1,1,1,1,-1,1,-1,1,-1,-1,1,-1,1,-1,1,-1,-1,1,-1,1,1,-1,1,1,-1,1,1,1,1,1,-1,-1,-1,-1,1,1,1,-1,-1,-1,1,-1,1,1,1,-1,-1,1,-1,1,-1,1,1,1,-1,-1,1,1,1,1,-1,-1,1,-1,1,1,1,-1,-1,-1,1,1,-1,1,-1,1,1,1,1,1,1,1,1,-1,1,1,1,1,-1,1,-1,1,-1,1,1,1,-1,-1,1,-1,-1,1,-1,1,1,-1,1,-1,-1,1,1,1,1,-1,1,-1,-1,1,-1,1,1,-1,-1,1,-301.0409362329131,1
548,1,1,-1,-1,1,-1,-1,1,-1,-1,-1,-1,-1,1,1,-1,1,-1,1,-1,-1,1,1,1,-1,-1,-1,-1,-1,1,1,1,1,-1,1,-1,-1,-1,-1,1,1,-1,-1,-1,1,-1,1,1,1,-1,-1,1,-1,-1,-1,1,1,1,-1,1,-1,-1,1,-1,-1,1,1,1,1,1,1,-1,-1,-1,-1,1,1,1,-1,-1,1,1,-1,1,1,1,-1,-1,-1,1,1,-1,1,1,-1,1,1,1,-1,-1,-1,-1,1,-1,1,1,1,-1,-1,1,1,1,-1,1,1,1,-1,1,1,-1,1,1,1,-1,-1,1,1,1,1,-1,-1,-1,1,-1,1,1,1,-1,-1,1,-1,1,-1,1,1,1,-1,-1,1,-1,1,1,-1,-1,1,1,1,1,1,-1,-1,-1,1,1,-1,1,-1,1,1,1,1,1,1,1,1,-1,1,1,1,1,-1,1,-1,1,-1,1,1,1,-1,-1,1,-1,-1,1,-1,1,1,-1,1,-1,-1,1,1,1,1,-1,1,-1,-1,1,-1,1,1,-1,-1,-1,-301.0396309876098,1
549,-1,-1,1,1,-1,1,1,-1,1,1,1,1,1,-1,-1,1,-1,1,-1,1,1,-1,-1,-1,1,1,1,1,1,-1,-1,-1,-1,1,-1,1,1,1,1,-1,-1,1,1,1,-1,1,-1,-1,-1,1,1,-1,1,1,1,-1,-1,-1,1,-1,1,1,-1,1,1,-1,-1,-1,-1,-1,-1,1,1,1,1,-1,-1,-1,1,1,-1,-1,1,-1,-1,-1,1,1,1,-1,-1,1,-1,-1,1,-1,-1,-1,1,1,1,1,-1,1,-1,-1,-1,1,1,-1,-1,-1,1,-1,-1,-1,1,-1,-1,1,-1,-1,-1,1,1,-1,-1,-1,-1,1,1,1,-1,1,-1,-1,-1,1,1,-1,1,-1,1,-1,-1,-1,1,1,-1,1,-1,-1,1,1,-1,-1,-1,-1,-1,1,1,1,-1,-1,1,-1,1,-1,-1,-1,-1,-1,-1,-1,-1,1,-1,-1,-1,-1,1,-1,1,-1,1,-1,-1,-1,1,1,-1,1,1,-1,1,-1,-1,1,-1,1,1,-1,-1,-1,-1,1,-1,1,1,-1,1,-1,-1,1,1,1,-301.0396309876098,2
550,-1,1,-1,1,1,-1,1,1,-1,1,-1,-1,1,-1,-1,1,1,1,-1,1,-1,-1,-1,-1,1,1,-1,1,1,1,-1,-1,1,1,-1,-1,1,1,-1,-1,1,-1,1,1,-1,1,1,-1,-1,1,1,-1,1,1,1,-1,-1,-1,1,-1,1,1,-1,1,1,-1,-1,-1,-1,1,-1,1,1,1,1,-1,-1,-1,-1,1,-1,1,1,-1,1,-1,-1,1,1,-1,1,-1,-1,-1,-1,-1,1,1,1,-1,-1,-1,-1,1,-1,-1,1,-1,1,-1,1,-1,1,1,-1,-1,1,-1,1,1,-1,-1,1,1,1,1,-1,-1,1,1,1,-1,-1,1,-1,-1,-1,1,1,-1,1,-1,1,1,-1,-1,1,1,-1,-1,-1,-1,1,1,-1,-1,-1,-1,-1,-1,-1,-1,1,-1,1,1,1,-1,1,-1,-1,1,-1,-1,1,1,-1,1,1,1,1,-1,1,-1,1,1,1,-1,-1,1,-1,1,-1,-1,1,-1,-1,-1,-1,1,1,-1,-1,-1,1,-1,-1,1,1,-1,-1,1,-1,-1,1,1,-301.03734857053246,1
551,1,1,-1,-1,1,-1,-1,1,-1,-1,-1,-1,-1,1,1,-1,1,-1,1,-1,-1,1,1,1,-1,-1,-1,-1,-1,1,1,1,1,-1,1,1,-1,-1,1,1,1,-1,-1,-1,-1,-1,1,1,1,-1,-1,1,-1,-1,-1,1,1,1,-1,1,-1,-1,1,-1,-1,1,-1,1,1,-1,1,-1,-1,-1,-1,1,1,1,-1,-1,1,1,-1,1,1,1,1,1,-1,1,-1,1,1,-1,1,1,-1,1,-1,1,-1,1,1,-1,1,-1,1,1,-1,1,-1,1,-1,-1,1,-1,1,1,1,1,1,1,-1,-1,-1,-1,1,1,1,-1,-1,-1,1,-1,1,1,1,-1,-1,1,-1,1,-1,1,1,1,-1,-1,1,1,1,1,-1,-1,1,-1,1,1,1,-1,-1,-1,1,1,-1,1,-1,1,1,1,1,1,1,1,1,-1,1,1,1,1,-1,1,-1,1,-1,-1,1,1,1,1,1,-1,-1,1,-1,1,1,1,1,-1,-1,1,1,1,1,-1,1,-1,-1,1,-1,-1,1,-1,1,-1,-301.03610873911055,1
552,-1,-1,1,1,-1,1,1,-1,1,1,1,1,1,-1,-1,1,-1,1,-1,1,1,-1,-1,-1,1,1,1,1,1,-1,-1,-1,-1,1,-1,-1,1,1,-1,-1,-1,1,1,1,1,1,-1,-1,-1,1,1,-1,1,1,1,-1,-1,-1,1,-1,1,1,-1,1,1,-1,1,-1,-1,1,-1,1,1,1,1,-1,-1,-1,1,1,-1,-1,1,-1,-1,-1,-1,-1,1,-1,1,-1,-1,1,-1,-1,1,-1,1,-1,1,-1,-1,1,-1,1,-1,-1,1,-1,1,-1,1,1,-1,1,-1,-1,-1,-1,-1,-1,1,1,1,1,-1,-1,-1,1,1,1,-1,1,-1,-1,-1,1,1,-1,1,-1,1,-1,-1,-1,1,1,-1,-1,-1,-1,1,1,-1,1,-1,-1,-1,1,1,1,-1,-1,1,-1,1,-1,-1,-1,-1,-1,-1,-1,-1,1,-1,-1,-1,-1,1,-1,1,-1,1,1,-1,-1,-1,-1,-1,1,1,-1,1,-1,-1,-1,-1,1,1,-1,-1,-1,-1,1,-1,1,1,-1,1,1,-1,1,-1,1,-301.03610873911055,1
553,1,1,1,-1,1,-1,-1,1,-1,-1,-1,-1,-1,1,1,-1,1,-1,1,-1,-1,1,1,1,-1,-1,-1,-1,-1,1,1,1,1,-1,1,1,-1,-1,1,1,1,-1,-1,-1,-1,-1,1,1,1,-1,-1,1,-1,-1,-1,1,1,1,-1,1,-1,-1,1,-1,-1,1,1,1,1,1,1,-1,-1,-1,-1,1,1,1,-1,-1,1,1,-1,1,1,1,1,1,-1,1,-1,-1,1,1,-1,1,-1,1,-1,1,-1,1,1,-1,1,-1,1,1,-1,1,-1,1,1,-1,1,1,-1,1,1,1,1,1,-1,-1,-1,-1,1,1,1,-1,-1,-1,1,-1,1,1,1,-1,-1,1,-1,1,-1,1,1,1,-1,-1,1,-1,1,1,-1,-1,1,1,1,1,1,-1,-1,-1,1,1,-1,1,-1,1,1,1,1,1,1,1,1,-1,1,1,1,1,-1,1,-1,1,-1,-1,1,1,1,1,1,-1,-1,1,-1,1,1,1,1,-1,-1,1,1,1,-1,-1,1,-1,-1,1,1,-1,1,-1,1,1,-301.03473371618463,2
554,1,1,-1,-1,1,-1,-1,1,-1,-1,-1,-1,-1,1,1,-1,1,-1,1,-1,-1,1,1,1,-1,-1,-1,-1,-1,1,1,1,1,-1,1,1,-1,-1,1,1,1,-1,-1,-1,-1,-1,1,1,1,-1,-1,1,-1,-1,-1,1,1,1,-1,1,-1,-1,1,-1,-1,1,1,1,1,1,1,-1,-1,-1,-1,1,1,1,1,-1,1,-1,-1,1,1,1,1,-1,-1,1,1,-1,1,1,-1,1,1,1,-1,-1,-1,1,1,-1,1,1,-1,1,-1,1,1,1,-1,1,1,1,-1,1,1,-1,1,1,1,-1,-1,1,1,1,-1,-1,-1,-1,1,-1,1,1,1,-1,-1,1,-1,1,-1,-1,1,1,1,-1,1,-1,1,1,-1,-1,1,1,1,1,1,-1,-1,-1,1,1,-1,1,-1,1,1,1,1,1,1,1,1,-1,1,1,1,1,-1,1,-1,1,-1,-1,1,1,1,1,1,-1,-1,1,-1,1,1,1,1,-1,-1,1,1,1,1,-1,1,-1,-1,1,-1,-1,1,-1,1,-1,-301.0308000543837,1
555,-1,-1,1,1,-1,1,1,-1,1,1,1,1,1,-1,-1,1,-1,1,-1,1,1,-1,-1,-1,1,1,1,1,1,-1,-1,-1,-1,1,-1,-1,1,1,-1,-1,-1,1,1,1,1,1,-1,-1,-1,1,1,-1,1,1,1,-1,-1,-1,1,-1,1,1,-1,1,1,-1,-1,-1,-1,-1,-1,1,1,1,1,-1,-1,-1,-1,1,-1,1,1,-1,-1,-1,-1,1,1,-1,-1,1,-1,-1,1,-1,-1,-1,1,1,1,-1,-1,1,-1,-1,1,-1,1,-1,-1,-1,1,-1,-1,-1,1,-1,-1,1,-1,-1,-1,1,1,-1,-1,-1,1,1,1,1,-1,1,-1,-1,-1,1,1,-1,1,-1,1,1,-1,-1,-1,1,-1,1,-1,-1,1,1,-1,-1,-1,-1,-1,1,1,1,-1,-1,1,-1,1,-1,-1,-1,-1,-1,-1,-1,-1,1,-1,-1,-1,-1,1,-1,1,-1,1,1,-1,-1,-1,-1,-1,1,1,-1,1,-1,-1,-1,-1,1,1,-1,-1,-1,-1,1,-1,1,1,-1,1,1,-1,1,-1,1,-301.0308000543837,1
556,1,-1,1,-1,-1,1,-1,-1,1,-1,1,1,1,1,1,1,-1,1,-1,1,1,1,1,1,1,1,-1,-1,1,-1,-1,-1,-1,1,1,-1,1,1,-1,1,-1,-1,-1,-1,1,-1,-1,1,-1,-1,-1,-1,-1,-1,-1,1,1,1,-1,1,-1,-1,1,-1,-1,1,-1,-1,1,1,-1,-1,-1,-1,-1,1,1,1,-1,-1,1,1,-1,1,-1,1,1,-1,-1,1,-1,1,1,-1,1,1,-1,-1,-1,1,1,1,1,-1,1,-1,-1,1,1,1,-1,-1,-1,-1,1,1,1,-1,1,1,1,1,-1,1,1,-1,1,1,-1,-1,-1,1,-1,-1,-1,-1,1,-1,-1,-1,-1,1,-1,1,1,1,-1,-1,1,1,1,1,-1,1,1,1,-1,1,1,1,1,1,-1,1,-1,-1,-1,1,-1,-1,1,-1,1,1,-1,-1,1,-1,-1,-1,-1,1,-1,-1,-1,-1,1,1,1,-1,1,-1,1,1,-1,1,1,1,1,-1,-1,-1,1,1,-1,-1,1,-1,-1,1,1,1,1,1,-1,1,-301.02945586050186,4
557,-1,1,-1,1,1,-1,1,1,-1,1,-1,-1,-1,-1,-1,-1,1,-1,1,-1,-1,-1,-1,-1,-1,-1,1,1,-1,1,1,1,1,-1,-1,1,-1,-1,1,-1,1,1,1,1,-1,1,1,-1,1,1,1,1,1,1,1,-1,-1,-1,1,-1,1,1,-1,1,1,-1,1,1,-1,-1,1,1,1,1,1,-1,-1,-1,1,1,-1,-1,1,-1,1,-1,-1,1,1,-1,1,-1,-1,1,-1,-1,1,1,1,-1,-1,-1,-1,1,-1,1,1,-1,-1,-1,1,1,1,1,-1,-1,-1,1,-1,-1,-1,-1,1,-1,-1,1,-1,-1,1,1,1,-1,1,1,1,1,-1,1,1,1,1,-1,1,-1,-1,-1,1,1,-1,-1,-1,-1,1,-1,-1,-1,1,-1,-1,-1,-1,-1,1,-1,1,1,1,-1,1,1,-1,1,-1,-1,1,1,-1,1,1,1,1,-1,1,1,1,1,-1,-1,-1,1,-1,1,-1,-1,1,-1,-1,-1,-1,1,1,1,-1,-1,1,1,-1,1,1,-1,-1,-1,-1,-1,1,-1,-301.02945586050186,20
558,-1,-1,1,1,-1,1,1,-1,1,1,1,1,1,-1,-1,1,-1,1,-1,1,1,-1,-1,-1,1,1,1,1,1,-1,-1,-1,-1,1,-1,-1,1,1,-1,-1,-1,1,1,1,1,1,-1,-1,-1,1,1,-1,1,1,1,-1,-1,-1,1,-1,1,1,-1,1,1,-1,-1,-1,-1,-1,-1,1,1,1,1,-1,-1,-1,-1,1,-1,1,1,-1,-1,-1,-1,1,1,-1,1,-1,-1,-1,-1,-1,-1,1,1,-1,-1,-1,-1,1,-1,-1,1,-1,1,-1,1,-1,1,-1,-1,-1,1,-1,-1,1,-1,-1,-1,1,1,-1,-1,-1,1,1,1,-1,-1,1,-1,-1,-1,1,1,-1,1,-1,1,1,-1,-1,1,1,-1,-1,-1,-1,1,1,-1,-1,-1,-1,-1,1,1,-1,-1,-1,1,-1,1,-1,-1,-1,-1,-1,-1,-1,-1,1,-1,-1,-1,-1,1,-1,1,-1,1,1,-1,-1,-1,-1,-1,1,1,-1,1,-1,-1,-1,-1,1,1,-1,-1,-1,-1,1,-1,1,1,-1,1,1,-1,1,-1,1,-301.0284634953698,1
559,-1,-1,1,1,-1,1,1,-1,1,1,1,1,1,-1,-1,1,-1,1,-1,1,1,-1,-1,-1,1,1,1,1,1,-1,-1,-1,-1,1,-1,-1,1,1,-1,-1,-1,1,1,1,1,1,-1,-1,-1,1,1,-1,1,1,1,-1,-1,-1,1,-1,1,1,-1,1,1,-1,-1,-1,-1,-1,-1,1,1,1,1,-1,-1,-1,1,1,-1,-1,1,-1,-1,-1,1,-1,1,-1,1,1,-1,-1,1,-1,1,-1,1,-1,1,1,-1,1,-1,1,-1,1,1,-1,1,-1,1,1,-1,-1,1,-1,-1,-1,-1,-1,1,1,1,1,-1,-1,-1,1,1,1,-1,1,-1,-1,-1,1,1,-1,1,-1,1,-1,-1,-1,1,1,-1,1,-1,-1,1,1,-1,-1,-1,-1,-1,1,1,1,-1,-1,1,-1,1,-1,-1,-1,-1,-1,-1,-1,-1,1,-1,-1,-1,-1,1,-1,1,-1,1,-1,-1,-1,1,-1,-1,1,1,-1,1,-1,-1,1,-1,1,1,-1,-1,-1,-1,1,-1,1,1,-1,1,1,-1,1,-1,1,-301.02141908330265,1
560,-1,-1,1,1,-1,1,1,-1,1,1,1,1,1,-1,-1,1,-1,1,-1,1,1,-1,-1,-1,1,1,1,1,1,-1,-1,-1,-1,1,-1,-1,1,1,-1,-1,-1,-1,1,1,1,1,-1,-1,-1,1,1,-1,1,1,1,-1,-1,-1,1,-1,1,1,-1,1,1,-1,-1,-1,-1,-1,-1,1,1,1,1,-1,-1,-1,1,1,1,-1,1,-1,-1,-1,1,-1,1,-1,1,-1,-1,-1,-1,-1,1,-1,1,-1,1,1,-1,1,-1,1,-1,1,1,-1,1,-1,1,1,-1,-1,1,-1,-1,-1,-1,-1,1,1,1,1,-1,-1,-1,1,1,1,-1,1,-1,-1,-1,1,1,-1,1,-1,1,-1,-1,-1,1,1,-1,-1,-1,-1,1,1,-1,1,-1,-1,-1,1,1,1,-1,-1,1,-1,1,-1,-1,-1,-1,-1,-1,-1,-1,1,-1,-1,-1,-1,1,-1,1,-1,1,-1,-1,-1,1,-1,1,1,1,-1,1,-1,-1,1,-1,1,1,-1,-1,-1,-1,1,-1,1,1,-1,1,1,1,1,-1,1,-301.02070005928294,1
561,1,1,-1,-1,1,-1,-1,1,-1,-1,-1,-1,-1,1,1,-1,1,-1,1,-1,-1,1,1,1,-1,-1,-1,-1,-1,1,1,1,1,-1,1,1,-1,-1,1,1,1,-1,-1,-1,-1,-1,1,1,1,-1,-1,1,-1,-1,-1,1,1,1,-1,1,-1,-1,1,-1,-1,1,1,1,1,1,1,-1,-1,-1,-1,1,1,1,-1,-1,-1,1,-1,1,1,1,-1,1,-1,1,-1,1,1,1,1,1,-1,1,-1,1,-1,-1,1,-1,1,-1,1,-1,-1,1,-1,1,1,-1,1,1,-1,1,1,1,1,1,-1,-1,-1,-1,1,1,1,-1,-1,-1,1,-1,1,1,1,-1,-1,1,-1,1,-1,1,1,1,-1,-1,1,1,1,1,-1,-1,1,-1,1,1,1,-1,-1,-1,1,1,-1,1,-1,1,1,1,1,1,1,1,1,-1,1,1,1,1,-1,1,-1,1,-1,1,1,1,-1,1,-1,-1,-1,1,-1,1,1,-1,1,-1,-1,1,1,1,1,-1,1,-1,-1,1,1,-1,-1,-1,1,-1,-301.01466535675195,1
562,1,1,-1,-1,1,-1,-1,1,-1,-1,-1,-1,-1,1,1,-1,1,-1,1,-1,-1,1,1,1,-1,-1,-1,-1,-1,1,1,1,1,-1,1,1,-1,-1,1,1,1,-1,-1,-1,-1,-1,1,1,1,-1,-1,1,-1,-1,-1,1,1,1,-1,1,-1,-1,1,-1,-1,1,-1,1,1,1,1,-1,-1,-1,-1,1,1,1,-1,-1,1,1,-1,1,1,1,-1,1,-1,1,-1,1,1,1,1,1,-1,1,-1,1,-1,-1,1,-1,1,-1,1,-1,-1,1,-1,1,-1,-1,1,1,-1,1,1,1,1,1,-1,-1,-1,-1,1,1,1,-1,-1,-1,1,-1,1,1,1,-1,-1,1,-1,1,-1,1,1,1,-1,-1,1,1,1,1,-1,-1,1,-1,1,1,1,-1,-1,-1,1,1,-1,1,-1,1,1,1,1,1,1,1,1,-1,1,1,1,1,-1,1,-1,1,-1,1,1,1,-1,1,1,-1,-1,1,-1,1,1,-1,1,-1,-1,1,1,1,1,-1,1,-1,-1,1,-1,-1,1,-1,1,1,-301.01363946244356,1
563,1,1,-1,-1,1,-1,-1,1,-1,-1,-1,-1,-1,1,1,-1,1,-1,1,-1,-1,1,1,1,-1,-1,-1,-1,-1,1,1,1,1,-1,1,1,-1,-1,1,1,1,1,-1,-1,1,-1,1,1,1,-1,-1,1,-1,-1,-1,1,1,1,-1,1,-1,-1,1,-1,-1,1,1,1,1,1,1,-1,-1,-1,-1,1,1,1,1,-1,1,-1,-1,1,1,1,1,-1,-1,1,-1,1,1,1,1,1,1,1,-1,-1,-1,1,1,-1,1,1,-1,1,-1,1,-1,1,-1,1,1,1,-1,1,1,-1,1,1,1,-1,-1,1,1,1,-1,-1,-1,1,1,-1,1,1,1,-1,-1,1,-1,1,-1,-1,1,1,-1,-1,1,1,1,1,-1,-1,1,1,1,1,1,-1,-1,1,1,1,-1,1,-1,1,1,1,1,1,1,1,1,-1,1,1,1,1,-1,1,-1,1,-1,-1,-1,1,1,-1,1,-1,-1,1,-1,1,1,1,1,-1,-1,1,1,1,1,1,1,-1,-1,1,-1,-1,1,-1,1,-1,-301.0008582026842,2
564,-1,-1,1,1,-1,1,1,-1,1,1,1,1,1,-1,-1,1,-1,1,-1,1,1,-1,-1,-1,1,1,1,1,1,-1,-1,-1,-1,1,-1,1,1,1,1,-1,-1,1,1,1,1,1,-1,-1,-1,1,1,-1,1,1,1,-1,-1,-1,1,-1,1,1,-1,1,1,-1,-1,-1,-1,-1,-1,1,1,1,1,-1,-1,-1,1,1,-1,-1,1,-1,-1,-1,1,1,1,-1,1,-1,-1,-1,-1,-1,1,-1,1,-1,1,1,-1,1,-1,1,-1,1,1,-1,1,-1,1,1,-1,-1,1,-1,-1,-1,-1,-1,1,1,1,1,-1,-1,-1,1,1,1,-1,1,-1,-1,-1,1,1,-1,1,-1,1,-1,-1,-1,1,1,-1,-1,-1,-1,1,1,-1,1,-1,-1,-1,1,1,1,-1,-1,1,-1,1,-1,-1,-1,-1,-1,-1,-1,-1,1,-1,-1,-1,-1,1,-1,1,-1,1,-1,-1,-1,1,1,-1,1,1,-1,1,-1,-1,1,-1,1,1,-1,-1,-1,-1,1,-1,1,1,-1,1,-1,-1,1,-1,-1,-301.0001189810949,1
565,1,1,-1,-1,1,-1,-1,1,-1,-1,-1,-1,-1,1,1,-1,1,-1,1,-1,-1,1,1,1,-1,-1,-1,-1,-1,1,1,1,1,-1,1,1,-1,-1,1,1,1,-1,-1,-1,-1,-1,1,1,1,-1,-1,1,-1,-1,-1,1,1,1,-1,1,-1,-1,1,-1,-1,1,-1,1,1,-1,1,-1,-1,-1,-1,1,1,1,-1,-1,1,1,-1,1,1,1,-1,1,-1,1,-1,1,1,1,1,1,-1,1,-1,1,-1,-1,1,-1,1,-1,1,-1,-1,1,-1,1,-1,-1,1,-1,-1,1,1,1,1,1,-1,-1,-1,-1,1,1,1,-1,-1,-1,1,-1,1,1,1,-1,-1,1,-1,1,-1,1,1,1,-1,-1,1,1,1,1,-1,-1,1,-1,1,1,1,-1,-1,-1,1,1,-1,1,-1,1,1,1,1,1,1,1,1,-1,1,1,1,1,-1,1,-1,1,-1,1,1,1,-1,1,1,-1,-1,1,-1,1,1,-1,1,-1,-1,1,1,1,1,-1,1,-1,-1,1,-1,-1,1,-1,1,1,-300.99915430331816,1
566,1,-1,1,-1,-1,1,-1,-1,1,-1,1,1,-1,1,1,-1,-1,1,1,-1,-1,1,1,1,-1,-1,1,-1,-1,-1,1,1,-1,-1,1,1,-1,-1,1,1,-1,1,-1,-1,1,-1,-1,1,1,-1,-1,1,-1,-1,-1,1,1,1,-1,1,-1,-1,1,-1,-1,1,1,1,1,1,1,-1,-1,-1,-1,1,1,1,-1,-1,1,1,-1,1,-1,1,1,1,-1,1,-1,1,1,-1,1,1,-1,-1,-1,1,1,1,1,-1,1,-1,-1,1,-1,1,-1,1,1,-1,1,1,1,1,1,1,1,1,-1,-1,-1,-1,1,1,-1,-1,-1,1,1,-1,-1,1,1,-1,-1,1,-1,1,-1,1,1,1,-1,-1,1,1,1,1,-1,-1,1,1,1,1,1,1,1,1,-1,1,-1,-1,-1,1,-1,1,1,-1,1,1,-1,-1,1,-1,-1,-1,-1,1,-1,1,-1,-1,-1,1,1,-1,1,-1,1,1,-1,1,1,1,1,-1,-1,1,1,1,-1,1,1,1,-1,1,1,-1,1,1,-1,-1,-300.9985378906705,1
567,-1,1,-1,1,1,-1,1,1,-1,1,-1,-1,1,1,1,1,1,-1,-1,1,1,-1,-1,-1,1,1,-1,1,1,1,-1,-1,1,1,-1,1,1,1,-1,-1,1,-1,1,1,-1,1,1,-1,-1,1,1,-1,1,1,1,-1,-1,-1,1,-1,1,1,-1,1,1,-1,1,-1,-1,-1,-1,1,1,1,1,-1,-1,-1,-1,1,-1,1,1,-1,-1,-1,-1,1,1,-1,1,-1,-1,-1,-1,-1,-1,-1,1,1,1,-1,-1,1,-1,-1,1,-1,1,-1,1,-1,1,-1,-1,-1,1,-1,-1,1,-1,-1,-1,1,1,-1,-1,-1,1,1,1,1,-1,1,-1,-1,-1,1,1,-1,1,-1,1,1,-1,-1,1,1,-1,-1,-1,-1,1,1,-1,-1,-1,-1,-1,-1,-1,-1,1,-1,1,1,1,-1,1,-1,-1,1,-1,-1,1,1,-1,1,1,1,1,-1,1,-1,1,1,1,-1,-1,1,-1,1,-1,-1,1,1,-1,-1,-1,1,1,-1,-1,-1,1,-1,-1,-1,1,-1,-1,1,-1,-1,1,1,-300.9984502474348,1
568,-1,-1,-1,1,-1,1,1,-1,1,1,1,1,1,-1,-1,1,-1,1,-1,1,1,-1,-1,-1,1,1,1,1,1,-1,-1,-1,-1,1,-1,-1,1,1,-1,-1,-1,1,1,1,1,1,-1,-1,-1,1,1,-1,1,1,1,-1,-1,-1,1,-1,1,1,-1,1,1,-1,-1,-1,-1,-1,-1,1,1,1,1,-1,-1,-1,1,1,-1,-1,1,-1,-1,-1,1,-1,1,-1,1,-1,-1,-1,-1,-1,1,-1,1,-1,1,1,-1,1,-1,1,-1,1,1,-1,1,-1,1,1,-1,-1,1,-1,-1,-1,-1,-1,1,1,1,1,-1,-1,-1,1,1,1,-1,1,-1,-1,-1,1,1,-1,1,-1,1,-1,-1,-1,1,1,-1,-1,-1,-1,1,1,-1,1,-1,-1,-1,1,1,-1,-1,-1,1,-1,1,-1,-1,-1,-1,-1,-1,-1,-1,1,-1,-1,-1,-1,1,-1,1,-1,1,-1,-1,-1,1,-1,-1,1,1,-1,1,-1,-1,1,-1,1,1,-1,-1,-1,1,1,-1,1,1,-1,-1,1,-1,1,-1,-1,-300.9982798860851,1
569,1,1,-1,-1,1,-1,-1,1,-1,-1,-1,-1,-1,1,1,-1,1,-1,1,-1,-1,1,1,1,-1,-1,-1,-1,-1,1,1,1,1,-1,1,1,-1,-1,1,1,1,-1,-1,-1,-1,-1,1,1,1,-1,-1,1,-1,-1,-1,1,1,1,-1,1,-1,-1,1,-1,-1,1,1,1,1,1,1,-1,-1,-1,-1,1,1,1,-1,-1,1,1,-1,1,1,1,-1,1,-1,1,-1,1,1,1,1,1,-1,1,-1,1,-1,-1,1,-1,1,-1,1,-1,-1,1,-1,1,-1,-1,1,1,-1,1,1,1,1,1,-1,-1,-1,-1,1,1,1,-1,-1,-1,1,-1,1,1,1,-1,-1,1,-1,1,-1,1,1,1,-1,-1,1,1,1,1,-1,-1,1,-1,1,1,1,-1,-1,-1,1,1,-1,1,-1,1,1,1,1,1,1,1,1,-1,1,1,1,1,-1,1,-1,1,-1,1,1,1,-1,1,-1,-1,-1,1,-1,1,1,-1,1,-1,-1,1,1,1,1,-1,1,-1,-1,1,1,-1,1,-1,1,1,-300.99682522100056,1
570,1,-1,1,-1,-1,1,-1,-1,1,-1,1,1,1,1,1,1,-1,-1,-1,1,1,1,1,1,1,1,1,-1,1,-1,-1,-1,-1,1,1,1,-1,-1,1,1,-1,1,-1,-1,1,-1,-1,1,-1,-1,-1,-1,-1,-1,-1,1,1,1,-1,1,-1,-1,1,-1,-1,1,-1,-1,1,1,-1,-1,-1,-1,-1,1,1,1,-1,-1,1,1,-1,1,-1,1,1,-1,-1,1,-1,1,1,-1,1,1,-1,-1,-1,1,1,1,1,-1,1,-1,-1,1,1,1,-1,-1,-1,-1,1,1,1,-1,1,1,1,1,-1,1,1,-1,1,1,-1,-1,-1,1,-1,-1,-1,-1,1,-1,-1,1,-1,1,-1,1,1,1,-1,-1,1,1,1,1,-1,1,1,1,-1,1,1,1,1,1,-1,1,-1,-1,-1,1,-1,1,1,-1,1,1,-1,-1,1,-1,-1,-1,-1,1,-1,1,-1,-1,-1,1,1,-1,1,-1,1,1,-1,1,1,1,1,-1,-1,1,1,1,-1,1,1,-1,-1,1,1,-1,1,1,-1,-1,-300.98976584804547,1
571,-1,1,-1,1,1,-1,1,1,-1,1,-1,-1,-1,-1,-1,-1,1,1,1,-1,-1,-1,-1,-1,-1,-1,-1,1,-1,1,1,1,1,-1,-1,-1,1,1,-1,-1,1,-1,1,1,-1,1,1,-1,1,1,1,1,1,1,1,-1,-1,-1,1,-1,1,1,-1,1,1,-1,1,1,-1,-1,1,1,1,1,1,-1,-1,-1,1,1,-1,-1,1,-1,1,-1,-1,1,1,-1,1,-1,-1,1,-1,-1,1,1,1,-1,-1,-1,-1,1,-1,1,1,-1,-1,-1,1,1,1,1,-1,-1,-1,1,-1,-1,-1,-1,1,-1,-1,1,-1,-1,1,1,1,-1,1,1,1,1,-1,1,1,-1,1,-1,1,-1,-1,-1,1,1,-1,-1,-1,-1,1,-1,-1,-1,1,-1,-1,-1,-1,-1,1,-1,1,1,1,-1,1,-1,-1,1,-1,-1,1,1,-1,1,1,1,1,-1,1,-1,1,1,1,-1,-1,1,-1,1,-1,-1,1,-1,-1,-1,-1,1,1,-1,-1,-1,1,-1,-1,1,1,-1,-1,1,-1,-1,1,1,-300.98976584804547,3
572,1,-1,1,-1,-1,1,-1,-1,1,-1,1,1,1,1,1,1,-1,1,-1,1,1,1,1,1,1,1,-1,-1,1,-1,-1,-1,-1,1,1,-1,1,1,-1,1,-1,-1,-1,-1,1,-1,-1,1,-1,-1,-1,-1,-1,-1,-1,1,1,1,-1,1,-1,-1,1,-1,-1,1,-1,-1,1,1,-1,-1,-1,-1,-1,1,1,1,-1,-1,1,1,-1,1,-1,1,1,-1,-1,1,-1,1,1,-1,1,1,-1,-1,-1,1,1,1,-1,-1,1,-1,-1,1,1,1,-1,-1,-1,-1,1,1,1,-1,1,1,1,1,-1,1,1,-1,1,1,-1,-1,-1,1,-1,-1,-1,-1,1,-1,-1,-1,-1,1,-1,1,1,1,-1,-1,1,1,1,1,-1,1,1,1,-1,1,1,1,1,1,-1,1,-1,-1,-1,1,-1,-1,1,-1,1,1,-1,-1,1,-1,-1,-1,-1,1,-1,-1,-1,-1,1,1,1,-1,1,-1,1,1,-1,1,1,1,1,-1,-1,-1,1,1,-1,-1,1,-1,-1,1,1,1,1,1,-1,-1,-300.9828705807382,4
573,-1,1,-1,1,1,-1,1,1,-1,1,-1,-1,-1,-1,-1,-1,1,-1,1,-1,-1,-1,-1,-1,-1,-1,1,1,-1,1,1,1,1,-1,-1,1,-1,-1,1,-1,1,1,1,1,-1,1,1,-1,1,1,1,1,1,1,1,-1,-1,-1,1,-1,1,1,-1,1,1,-1,1,1,-1,-1,1,1,1,1,1,-1,-1,-1,1,1,-1,-1,1,-1,1,-1,-1,1,1,-1,1,-1,-1,1,-1,-1,1,1,1,-1,-1,-1,1,1,-1,1,1,-1,-1,-1,1,1,1,1,-1,-1,-1,1,-1,-1,-1,-1,1,-1,-1,1,-1,-1,1,1,1,-1,1,1,1,1,-1,1,1,1,1,-1,1,-1,-1,-1,1,1,-1,-1,-1,-1,1,-1,-1,-1,1,-1,-1,-1,-1,-1,1,-1,1,1,1,-1,1,1,-1,1,-1,-1,1,1,-1,1,1,1,1,-1,1,1,1,1,-1,-1,-1,1,-1,1,-1,-1,1,-1,-1,-1,-1,1,1,1,-1,-1,1,1,-1,1,1,-1,-1,-1,-1,-1,1,1,-300.9828705807382,12
574,1,-1,1,-1,-1,1,-1,-1,1,-1,1,1,-1,-1,-1,-1,-1,1,1,-1,-1,1,1,1,-1,-1,1,-1,-1,-1,1,1,-1,-1,1,1,-1,-1,1,1,-1,1,-1,-1,1,-1,-1,1,1,-1,-1,1,-1,-1,-1,1,1,1,-1,1,-1,-1,1,-1,-1,1,1,1,1,1,1,-1,-1,-1,-1,1,1,1,-1,-1,1,1,-1,1,-1,1,1,-1,-1,1,-1,1,1,1,1,1,-1,-1,-1,1,1,1,1,-1,1,1,-1,1,-1,1,-1,1,1,-1,1,1,-1,1,-1,-1,1,1,-1,-1,-1,-1,1,1,-1,-1,-1,1,1,-1,1,1,1,-1,-1,1,-1,1,-1,1,1,1,-1,-1,1,1,1,1,-1,-1,1,1,1,1,1,1,1,1,-1,1,-1,-1,-1,1,-1,1,1,-1,1,1,-1,-1,1,-1,-1,-1,-1,1,-1,1,-1,-1,-1,1,1,-1,1,-1,1,1,-1,-1,1,1,1,-1,-1,1,1,1,-1,1,1,1,-1,1,1,-1,1,1,-1,-1,-300.9806731171288,1
575,-1,1,-1,1,1,-1,1,1,-1,1,-1,-1,-1,-1,-1,-1,1,-1,1,-1,-1,-1,-1,-1,-1,-1,1,1,-1,1,1,1,1,-1,-1,1,-1,-1,1,-1,1,1,1,1,-1,1,1,-1,1,1,1,1,1,1,1,-1,-1,-1,1,-1,1,1,-1,1,1,-1,1,1,-1,-1,1,1,1,1,1,-1,-1,-1,1,1,-1,-1,1,-1,1,-1,-1,1,1,-1,1,-1,-1,1,-1,-1,1,1,1,-1,-1,-1,-1,1,-1,1,1,-1,-1,-1,1,1,1,1,-1,-1,-1,1,-1,-1,-1,-1,1,-1,-1,1,-1,-1,1,1,1,-1,1,1,1,1,-1,1,1,1,-1,-1,1,-1,-1,-1,1,1,-1,-1,-1,-1,1,-1,-1,-1,1,-1,-1,-1,-1,-1,1,-1,1,1,1,-1,1,1,-1,1,-1,-1,1,1,-1,1,1,1,1,-1,1,1,1,1,-1,-1,-1,1,-1,1,-1,-1,1,-1,-1,-1,-1,1,1,1,-1,-1,1,1,-1,1,1,-1,-1,-1,-1,-1,1,-1,-300.9792726546852,8
576,1,1,-1,-1,1,-1,-1,1,-1,-1,-1,-1,-1,1,1,-1,1,-1,1,-1,-1,1,1,1,-1,-1,-1,-1,-1,1,1,1,1,-1,1,1,-1,-1,1,1,1,-1,-1,-1,-1,-1,1,1,1,-1,-1,1,-1,-1,-1,1,1,1,-1,1,-1,-1,1,-1,-1,1,-1,1,1,-1,1,-1,-1,-1,-1,1,1,1,-1,-1,-1,1,-1,1,1,1,-1,1,-1,1,-1,1,1,1,1,1,-1,1,-1,1,-1,-1,1,-1,1,-1,1,-1,-1,1,-1,1,-1,-1,1,1,-1,1,1,1,1,1,-1,-1,-1,-1,1,1,1,-1,-1,-1,1,-1,1,1,1,-1,-1,1,-1,1,-1,1,1,1,-1,-1,1,1,1,1,-1,-1,1,-1,1,1,1,-1,-1,-1,1,1,-1,1,-1,1,1,1,1,1,1,1,1,-1,1,1,1,1,-1,1,-1,1,-1,1,1,1,-1,1,-1,-1,-1,1,-1,1,1,-1,1,-1,-1,1,1,1,1,-1,1,-1,-1,1,-1,-1,1,-1,1,-1,-300.97635414560625,1
577,-1,-1,1,1,-1,1,1,-1,1,1,1,1,1,-1,-1,1,-1,1,-1,1,1,-1,-1,-1,1,1,1,1,1,-1,-1,-1,-1,1,-1,1,1,1,1,-1,-1,1,1,1,-1,1,-1,-1,-1,1,1,-1,1,1,1,-1,-1,-1,1,-1,1,1,-1,1,1,-1,-1,-1,-1,-1,-1,1,1,1,1,-1,-1,-1,-1,1,-1,1,1,-1,-1,-1,-1,1,1,-1,1,-1,-1,-1,-1,-1,-1,-1,1,1,1,-1,-1,1,-1,-1,1,-1,1,-1,1,-1,1,-1,-1,-1,1,-1,-1,1,-1,-1,-1,1,1,-1,-1,-1,1,1,1,-1,-1,1,-1,-1,-1,1,1,-1,1,-1,1,1,-1,-1,1,1,-1,-1,-1,-1,1,1,-1,-1,-1,-1,-1,1,1,-1,-1,-1,1,-1,1,-1,-1,-1,-1,-1,-1,-1,-1,1,-1,-1,-1,-1,1,-1,1,-1,1,1,-1,-1,-1,1,-1,1,1,-1,1,-1,-1,-1,-1,1,1,-1,-1,-1,-1,1,-1,1,1,-1,1,-1,-1,1,1,-1,-300.97574564963105,1
578,-1,-1,1,1,-1,1,1,-1,1,1,1,1,1,-1,-1,1,-1,1,-1,1,1,-1,-1,-1,1,1,1,1,1,-1,-1,-1,-1,1,-1,-1,1,1,-1,-1,-1,1,1,1,1,1,-1,-1,-1,1,1,-1,1,1,1,-1,-1,-1,1,-1,1,1,-1,1,1,-1,-1,-1,-1,-1,-1,1,1,1,1,-1,-1,-1,1,1,-1,-1,1,-1,-1,-1,1,-1,1,-1,1,-1,-1,-1,-1,-1,1,-1,1,-1,1,1,-1,1,-1,1,-1,1,1,-1,1,-1,1,1,-1,-1,1,-1,-1,1,-1,-1,1,1,1,1,-1,-1,-1,1,1,1,-1,1,-1,-1,-1,1,1,-1,1,-1,1,-1,-1,-1,1,1,-1,-1,-1,-1,1,1,-1,1,-1,-1,-1,1,1,1,-1,-1,1,-1,1,-1,-1,-1,-1,-1,-1,-1,-1,1,-1,-1,-1,-1,1,-1,1,-1,1,-1,-1,-1,1,-1,1,1,1,-1,1,-1,-1,1,-1,1,1,-1,-1,-1,-1,1,-1,1,1,-1,1,1,-1,1,-1,1,-300.96928927973863,1
579,1,-1,1,1,-1,1,1,-1,1,1,1,1,1,-1,-1,1,-1,1,-1,1,1,-1,-1,-1,1,1,1,1,1,-1,-1,-1,-1,1,-1,-1,1,1,-1,-1,-1,1,1,1,1,1,-1,-1,-1,1,1,-1,1,1,1,-1,-1,-1,1,-1,1,1,-1,1,1,-1,-1,-1,-1,-1,-1,1,1,1,1,-1,-1,-1,1,1,1,-1,1,-1,-1,-1,1,-1,1,-1,1,-1,-1,-1,-1,-1,1,-1,1,-1,1,1,-1,1,-1,1,-1,1,1,-1,1,-1,1,1,-1,-1,1,-1,-1,-1,-1,-1,1,1,1,1,-1,-1,-1,1,1,1,-1,1,-1,-1,-1,1,1,-1,1,-1,1,-1,-1,-1,1,1,-1,-1,-1,-1,1,1,-1,1,-1,-1,-1,1,1,-1,-1,-1,1,-1,1,-1,-1,-1,-1,-1,-1,-1,-1,1,-1,-1,-1,-1,1,-1,1,-1,1,-1,-1,-1,1,-1,1,1,1,-1,1,-1,-1,1,-1,1,1,-1,-1,-1,-1,1,-1,1,1,-1,1,1,-1,1,-1,1,-300.9635763745089,1
580,-1,1,-1,1,1,-1,1,1,-1,1,-1,-1,-1,-1,-1,-1,1,-1,1,-1,-1,-1,-1,-1,-1,-1,1,1,-1,1,1,1,1,-1,-1,1,-1,-1,1,1,1,1,1,1,-1,1,1,-1,1,1,1,1,1,1,1,-1,-1,-1,1,-1,1,1,-1,1,1,-1,1,1,-1,-1,1,1,1,1,1,-1,-1,-1,1,1,-1,-1,1,-1,1,-1,-1,1,1,-1,1,-1,-1,1,-1,-1,1,1,1,-1,-1,-1,-1,1,-1,1,1,-1,-1,-1,1,1,1,1,-1,-1,-1,1,-1,-1,-1,-1,1,-1,-1,1,-1,-1,1,1,1,-1,1,1,1,1,-1,1,1,-1,1,-1,1,-1,-1,-1,1,1,-1,-1,-1,-1,1,-1,-1,-1,1,-1,-1,-1,-1,-1,1,-1,1,1,1,-1,1,1,-1,1,-1,-1,1,1,-1,1,1,1,1,-1,1,1,1,1,-1,-1,-1,1,-1,1,-1,-1,1,-1,-1,-1,-1,1,1,1,-1,-1,1,1,-1,1,1,-1,-1,-1,-1,-1,1,1,-300.95803923023027,19
581,1,-1,1,-1,-1,1,-1,-1,1,-1,1,1,1,1,1,1,-1,1,-1,1,1,1,1,1,1,1,-1,-1,1,-1,-1,-1,-1,1,1,-1,1,1,-1,-1,-1,-1,-1,-1,1,-1,-1,1,-1,-1,-1,-1,-1,-1,-1,1,1,1,-1,1,-1,-1,1,-1,-1,1,-1,-1,1,1,-1,-1,-1,-1,-1,1,1,1,-1,-1,1,1,-1,1,-1,1,1,-1,-1,1,-1,1,1,-1,1,1,-1,-1,-1,1,1,1,1,-1,1,-1,-1,1,1,1,-1,-1,-1,-1,1,1,1,-1,1,1,1,1,-1,1,1,-1,1,1,-1,-1,-1,1,-1,-1,-1,-1,1,-1,-1,1,-1,1,-1,1,1,1,-1,-1,1,1,1,1,-1,1,1,1,-1,1,1,1,1,1,-1,1,-1,-1,-1,1,-1,-1,1,-1,1,1,-1,-1,1,-1,-1,-1,-1,1,-1,-1,-1,-1,1,1,1,-1,1,-1,1,1,-1,1,1,1,1,-1,-1,-1,1,1,-1,-1,1,-1,-1,1,1,1,1,1,-1,-1,-300.95803923023027,1
582,1,1,-1,1,1,-1,1,1,-1,1,-1,-1,1,-1,-1,1,1,1,-1,1,-1,-1,-1,-1,1,1,-1,1,1,1,-1,-1,1,1,-1,-1,1,1,-1,-1,1,-1,1,1,-1,1,1,-1,-1,1,1,-1,1,1,1,-1,-1,-1,1,-1,1,1,-1,1,1,-1,-1,-1,-1,-1,-1,1,1,1,1,-1,-1,-1,-1,1,-1,1,1,-1,-1,-1,-1,1,1,-1,1,-1,-1,-1,-1,-1,-1,-1,1,1,1,-1,-1,1,-1,-1,1,-1,1,-1,-1,-1,1,-1,-1,-1,1,-1,-1,1,-1,-1,-1,1,1,-1,-1,-1,1,1,1,-1,-1,1,-1,-1,-1,1,1,-1,1,-1,1,1,-1,-1,1,1,-1,-1,-1,-1,1,1,-1,1,-1,-1,-1,-1,-1,-1,1,-1,1,1,1,-1,1,-1,-1,1,-1,-1,1,1,-1,1,1,1,1,-1,1,-1,1,1,1,-1,-1,1,-1,1,-1,-1,1,-1,-1,-1,-1,1,1,-1,-1,-1,1,-1,-1,1,1,-1,-1,1,-1,-1,1,1,-300.95738365403207,1
583,1,1,-1,-1,1,-1,-1,1,-1,-1,-1,-1,-1,1,-1,-1,1,-1,1,-1,-1,1,1,1,-1,-1,-1,-1,-1,1,1,1,1,-1,1,-1,-1,-1,-1,1,1,-1,-1,-1,1,-1,1,1,1,-1,-1,1,-1,-1,-1,1,1,1,-1,1,-1,-1,1,-1,-1,1,1,1,1,1,1,-1,-1,-1,-1,1,1,1,-1,-1,1,1,-1,1,1,1,1,1,-1,1,-1,1,1,1,1,1,-1,1,-1,1,-1,1,1,-1,1,-1,1,1,-1,1,-1,1,-1,-1,1,1,-1,1,1,1,1,1,-1,-1,-1,-1,1,1,1,-1,-1,-1,1,-1,1,1,1,-1,-1,1,-1,1,-1,1,1,1,-1,-1,1,1,1,1,-1,-1,1,-1,1,1,1,-1,-1,1,1,1,-1,1,-1,1,1,1,1,1,1,1,1,-1,1,1,1,1,-1,1,-1,1,-1,-1,1,1,1,-1,1,-1,-1,1,-1,1,1,1,1,-1,-1,1,1,1,1,-1,1,-1,-1,1,-1,1,1,-1,-1,1,-300.95702930180795,1
584,-1,-1,1,1,-1,1,1,-1,1,1,1,1,1,-1,-1,1,-1,1,-1,1,1,-1,-1,-1,1,1,1,1,1,-1,-1,-1,-1,1,-1,1,1,1,1,-1,-1,1,1,1,-1,1,-1,-1,-1,1,1,-1,1,1,1,-1,-1,-1,1,-1,1,1,-1,1,1,-1,-1,-1,-1,-1,-1,1,1,1,1,-1,-1,-1,1,1,-1,-1,1,-1,-1,-1,-1,-1,1,-1,1,-1,-1,-1,-1,-1,1,-1,1,-1,1,1,-1,1,-1,1,-1,1,1,-1,1,-1,1,1,-1,-1,1,-1,-1,-1,-1,-1,1,1,1,1,-1,-1,-1,1,1,1,-1,1,-1,-1,-1,1,1,-1,1,-1,1,-1,-1,-1,1,1,-1,-1,-1,-1,1,1,-1,1,-1,-1,-1,1,1,-1,-1,-1,1,-1,1,-1,-1,-1,-1,-1,-1,-1,-1,1,-1,-1,-1,-1,1,-1,1,-1,1,-1,-1,-1,1,1,-1,1,1,-1,1,-1,-1,1,-1,1,1,-1,-1,-1,-1,1,-1,1,1,-1,1,-1,-1,1,1,-1,-300.95205618573124,1
585,1,1,-1,-1,1,-1,-1,1,-1,-1,-1,-1,-1,1,1,-1,1,-1,1,-1,-1,1,1,1,-1,-1,-1,-1,-1,1,1,1,1,-1,1,1,-1,-1,1,1,1,1,-1,-1,-1,-1,1,1,1,-1,-1,1,-1,-1,-1,1,1,1,-1,1,-1,-1,1,-1,-1,1,1,1,1,1,1,-1,-1,-1,-1,1,1,1,-1,-1,-1,1,-1,1,1,1,-1,1,-1,1,-1,1,1,1,1,1,-1,1,-1,1,-1,-1,1,-1,1,-1,1,-1,-1,1,-1,1,1,-1,1,1,-1,1,1,1,1,1,-1,-1,-1,-1,1,1,1,-1,-1,-1,1,-1,1,1,1,-1,-1,1,-1,1,-1,1,1,1,-1,-1,1,1,1,1,-1,-1,1,-1,1,1,1,-1,-1,1,1,1,-1,1,-1,1,1,1,1,1,1,1,1,-1,1,1,1,1,-1,1,-1,1,-1,1,1,1,-1,1,-1,-1,-1,1,-1,1,1,-1,1,-1,-1,1,1,1,1,-1,1,-1,-1,1,-1,-1,-1,-1,1,-1,-300.9496171678711,1
586,1,1,-1,-1,1,-1,-1,1,-1,-1,-1,-1,-1,1,1,-1,1,-1,1,-1,-1,1,1,1,-1,-1,-1,-1,-1,1,-1,1,1,-1,1,-1,-1,-1,-1,1,1,-1,-1,-1,-1,-1,1,1,1,-1,-1,1,-1,-1,-1,1,1,1,-1,1,-1,-1,1,-1,-1,1,1,1,1,1,1,-1,-1,-1,-1,1,1,1,-1,-1,1,1,-1,1,1,1,1,1,-1,1,-1,1,1,1,1,1,-1,1,-1,1,-1,1,1,-1,1,-1,1,1,-1,1,-1,1,-1,-1,1,1,-1,1,1,1,1,1,-1,-1,-1,-1,1,1,1,-1,-1,-1,1,-1,1,1,1,-1,-1,1,-1,1,-1,1,1,1,-1,-1,1,1,1,1,-1,-1,1,-1,1,1,1,-1,-1,-1,1,1,-1,1,-1,1,1,1,1,1,1,1,1,-1,1,1,1,1,-1,1,-1,1,-1,-1,1,1,1,-1,1,-1,-1,1,-1,1,1,1,1,-1,-1,1,1,1,1,-1,1,-1,-1,1,-1,1,1,-1,1,-1,-300.94350901978765,1
587,1,1,-1,-1,1,-1,-1,1,-1,-1,-1,-1,-1,1,1,-1,1,-1,1,-1,-1,1,1,1,-1,-1,-1,-1,-1,1,1,1,1,-1,1,1,-1,-1,1,1,1,-1,-1,-1,-1,-1,1,1,1,-1,-1,1,-1,-1,-1,1,1,1,-1,1,-1,-1,1,-1,-1,1,1,1,1,1,1,-1,-1,-1,-1,1,1,1,-1,-1,1,1,-1,1,-1,1,1,-1,-1,1,-1,-1,1,1,-1,1,-1,-1,-1,1,1,1,1,-1,1,1,-1,1,-1,1,-1,1,1,-1,1,1,-1,1,-1,-1,1,1,-1,-1,-1,-1,1,1,-1,-1,-1,1,1,-1,1,1,1,-1,-1,1,-1,1,-1,1,1,1,1,-1,1,-1,1,1,1,-1,1,1,1,1,1,-1,-1,-1,1,1,-1,1,-1,1,1,1,1,1,1,1,1,-1,1,1,1,1,-1,1,-1,1,-1,-1,1,1,1,1,1,-1,-1,1,-1,1,1,1,1,-1,-1,1,1,1,1,-1,1,-1,-1,1,1,-1,1,-1,1,-1,-300.93992470719127,1
588,-1,-1,1,1,-1,1,1,-1,1,1,1,1,1,-1,-1,1,-1,1,-1,1,1,-1,-1,-1,1,1,1,1,1,-1,-1,-1,-1,1,-1,1,1,1,1,-1,-1,1,1,1,-1,1,-1,-1,-1,1,1,-1,1,1,1,-1,-1,-1,1,-1,1,1,-1,1,1,-1,1,-1,-1,-1,-1,1,1,1,1,-1,-1,-1,1,1,-1,-1,1,-1,-1,-1,-1,-1,1,-1,1,1,-1,-1,1,-1,1,-1,1,-1,1,-1,-1,1,-1,1,-1,-1,1,-1,1,-1,1,1,-1,-1,1,-1,-1,-1,-1,-1,1,1,1,1,-1,-1,-1,1,1,1,-1,1,-1,-1,-1,1,1,-1,1,-1,1,-1,-1,-1,1,1,-1,1,-1,-1,1,1,-1,-1,-1,-1,-1,1,1,1,-1,-1,1,-1,1,-1,-1,-1,-1,-1,-1,-1,-1,1,-1,-1,-1,-1,1,-1,1,-1,1,1,-1,-1,-1,1,-1,1,1,-1,1,-1,-1,-1,-1,1,1,-1,-1,-1,-1,1,-1,1,1,-1,1,-1,-1,1,1,1,-300.934848070107,1
589,1,-1,1,-1,-1,1,-1,-1,1,-1,1,1,1,1,1,1,-1,1,-1,1,1,1,1,1,1,1,-1,-1,1,-1,-1,-1,-1,1,1,-1,1,1,-1,1,-1,-1,-1,-1,1,-1,-1,1,-1,-1,-1,-1,-1,-1,-1,1,1,1,-1,1,-1,-1,1,-1,-1,1,-1,-1,1,1,-1,-1,-1,-1,-1,1,1,1,-1,-1,1,1,-1,1,-1,1,1,-1,-1,1,-1,1,1,-1,1,1,-1,-1,-1,1,1,1,-1,-1,1,-1,-1,1,1,1,-1,-1,-1,-1,1,1,1,-1,1,1,1,1,-1,1,1,-1,1,1,-1,-1,-1,1,-1,-1,-1,-1,1,-1,-1,-1,1,1,-1,1,1,1,-1,-1,1,1,1,1,-1,1,1,1,-1,1,1,1,1,1,-1,1,-1,-1,-1,1,-1,-1,1,-1,1,1,-1,-1,1,-1,-1,-1,-1,1,-1,-1,-1,-1,1,1,1,-1,1,-1,1,1,-1,1,1,1,1,-1,-1,-1,1,1,-1,-1,1,-1,-1,1,1,1,1,1,-1,-1,-300.93268737492156,1
590,-1,1,-1,1,1,-1,1,1,-1,1,-1,-1,-1,-1,-1,-1,1,-1,1,-1,-1,-1,-1,-1,-1,-1,1,1,-1,1,1,1,1,-1,-1,1,-1,-1,1,-1,1,1,1,1,-1,1,1,-1,1,1,1,1,1,1,1,-1,-1,-1,1,-1,1,1,-1,1,1,-1,1,1,-1,-1,1,1,1,1,1,-1,-1,-1,1,1,-1,-1,1,-1,1,-1,-1,1,1,-1,1,-1,-1,1,-1,-1,1,1,1,-1,-1,-1,1,1,-1,1,1,-1,-1,-1,1,1,1,1,-1,-1,-1,1,-1,-1,-1,-1,1,-1,-1,1,-1,-1,1,1,1,-1,1,1,1,1,-1,1,1,1,-1,-1,1,-1,-1,-1,1,1,-1,-1,-1,-1,1,-1,-1,-1,1,-1,-1,-1,-1,-1,1,-1,1,1,1,-1,1,1,-1,1,-1,-1,1,1,-1,1,1,1,1,-1,1,1,1,1,-1,-1,-1,1,-1,1,-1,-1,1,-1,-1,-1,-1,1,1,1,-1,-1,1,1,-1,1,1,-1,-1,-1,-1,-1,1,1,-300.93268737492156,4
591,1,1,1,-1,1,-1,-1,1,-1,-1,-1,-1,-1,1,1,-1,1,-1,1,-1,-1,1,1,1,-1,-1,-1,-1,-1,1,1,1,1,-1,1,-1,-1,-1,-1,1,1,-1,-1,-1,1,-1,1,1,1,-1,-1,1,-1,-1,-1,1,1,1,-1,1,-1,-1,1,-1,-1,1,1,1,1,1,1,-1,-1,-1,-1,1,1,1,-1,-1,1,1,-1,1,1,1,1,1,-1,1,-1,1,1,1,1,1,-1,1,-1,1,-1,1,1,-1,1,-1,1,1,-1,1,-1,1,-1,-1,1,1,-1,1,1,1,1,1,-1,-1,-1,-1,1,1,1,-1,-1,-1,1,-1,1,1,1,-1,-1,1,-1,1,-1,1,1,1,-1,-1,1,1,1,1,-1,-1,1,-1,1,1,1,-1,-1,-1,1,1,-1,1,-1,1,1,1,1,1,1,1,1,-1,1,1,1,1,-1,1,-1,1,-1,-1,1,1,1,-1,1,-1,-1,1,-1,1,1,1,1,-1,-1,1,1,1,-1,-1,1,-1,-1,1,1,1,1,-1,-1,-1,-300.9284907492043,1
592,1,1,-1,-1,1,-1,-1,1,-1,-1,-1,-1,-1,1,1,-1,1,-1,1,-1,-1,1,1,1,-1,-1,-1,-1,-1,1,1,1,1,-1,1,1,-1,-1,1,1,1,1,-1,-1,-1,-1,1,1,1,-1,-1,1,-1,-1,-1,1,1,1,-1,1,-1,-1,1,-1,-1,1,1,1,1,1,1,-1,-1,-1,-1,1,1,1,-1,-1,1,1,-1,1,1,1,1,1,-1,1,-1,1,1,1,1,1,-1,1,-1,1,-1,1,1,-1,1,-1,1,1,-1,1,-1,1,-1,-1,1,1,-1,1,1,1,1,1,-1,-1,-1,-1,1,1,1,-1,-1,-1,1,-1,1,1,1,-1,-1,1,-1,1,-1,1,1,1,-1,-1,1,1,1,1,-1,-1,1,-1,1,1,1,-1,-1,1,1,1,-1,1,-1,1,1,1,1,1,1,1,1,-1,1,1,1,1,-1,1,-1,1,-1,-1,1,1,1,1,1,-1,-1,1,-1,1,1,1,-1,1,-1,1,1,1,1,1,1,-1,-1,1,-1,-1,1,-1,1,-1,-300.9239070975746,1
593,1,1,-1,-1,1,-1,-1,1,-1,-1,-1,-1,-1,1,1,-1,1,-1,1,-1,-1,1,1,1,-1,-1,-1,-1,-1,1,1,1,1,-1,1,-1,-1,-1,-1,1,1,-1,-1,-1,1,-1,1,1,1,-1,-1,1,-1,-1,-1,1,1,1,-1,1,-1,-1,1,-1,-1,1,1,1,1,1,1,-1,-1,-1,-1,1,1,1,-1,-1,1,1,-1,1,1,1,-1,1,-1,1,-1,-1,1,1,-1,1,-1,1,-1,1,-1,-1,1,-1,1,-1,1,-1,-1,1,-1,1,1,-1,1,1,-1,1,1,1,1,1,-1,-1,-1,-1,1,1,1,-1,-1,-1,1,-1,1,1,1,-1,-1,1,-1,1,-1,1,1,1,-1,-1,1,-1,1,1,-1,-1,1,1,1,1,1,-1,-1,-1,1,1,-1,1,-1,1,1,1,1,1,1,1,1,-1,1,1,1,1,-1,1,-1,1,-1,1,1,1,-1,-1,1,-1,-1,1,-1,1,1,-1,1,-1,-1,1,1,1,1,-1,1,-1,-1,1,-1,1,1,-1,-1,-1,-300.9239069268336,1
594,-1,-1,1,1,-1,1,1,-1,1,1,1,1,1,-1,-1,1,-1,1,-1,1,1,-1,-1,-1,1,1,1,1,1,-1,-1,-1,-1,1,-1,1,1,1,1,-1,-1,1,1,1,-1,1,-1,-1,-1,1,1,-1,1,1,1,-1,-1,-1,1,-1,1,1,-1,1,1,-1,-1,-1,-1,-1,-1,1,1,1,1,-1,-1,-1,1,1,-1,-1,1,-1,-1,-1,1,-1,1,-1,1,1,-1,-1,1,-1,1,-1,1,-1,1,1,-1,1,-1,1,-1,1,1,-1,1,-1,-1,1,-1,-1,1,-1,-1,-1,-1,-1,1,1,1,1,-1,-1,-1,1,1,1,-1,1,-1,-1,-1,1,1,-1,1,-1,1,-1,-1,-1,1,1,-1,1,-1,-1,1,1,-1,-1,-1,-1,-1,1,1,1,-1,-1,1,-1,1,-1,-1,-1,-1,-1,-1,-1,-1,1,-1,-1,-1,-1,1,-1,1,-1,1,-1,-1,-1,1,1,-1,1,1,-1,1,-1,-1,1,-1,1,1,-1,-1,-1,-1,1,-1,1,1,-1,1,-1,-1,1,1,1,-300.9239069268336,1
595,-1,1,-1,-1,1,-1,-1,1,-1,-1,-1,-1,-1,1,1,-1,1,-1,1,-1,-1,1,1,1,-1,-1,-1,-1,-1,1,1,1,1,-1,1,1,-1,-1,1,1,1,1,-1,-1,1,-1,1,1,1,-1,-1,1,-1,-1,-1,1,1,1,-1,1,-1,-1,1,-1,-1,1,1,1,1,1,1,-1,-1,-1,-1,1,1,1,-1,-1,1,1,-1,1,1,1,1,1,-1,1,-1,1,1,1,1,1,-1,1,-1,1,-1,1,1,-1,1,-1,1,1,-1,1,-1,1,-1,-1,1,1,-1,1,1,1,1,1,-1,-1,-1,-1,1,1,1,-1,-1,-1,1,-1,1,1,1,-1,-1,1,-1,1,-1,1,1,1,-1,-1,1,1,1,1,-1,-1,1,-1,1,1,1,-1,-1,1,1,1,-1,1,-1,1,1,1,1,1,1,1,1,-1,1,1,1,1,-1,1,-1,1,-1,-1,-1,1,1,-1,1,-1,-1,1,-1,1,1,1,1,-1,-1,1,1,1,1,1,1,-1,-1,1,-1,-1,1,-1,1,1,-300.9221790581435,1
596,1,1,-1,-1,1,-1,-1,1,-1,-1,-1,-1,-1,1,1,-1,1,-1,1,-1,-1,1,1,1,-1,-1,-1,-1,-1,1,1,1,1,-1,1,-1,-1,-1,-1,1,1,-1,-1,-1,1,-1,1,1,1,-1,-1,1,-1,-1,-1,1,1,1,-1,1,-1,-1,1,-1,-1,1,1,1,1,1,1,-1,-1,-1,-1,1,1,1,1,-1,1,-1,-1,1,1,1,1,-1,-1,1,-1,1,1,1,1,1,1,-1,-1,1,1,1,1,-1,1,1,-1,1,-1,1,-1,1,-1,1,1,1,-1,1,1,-1,1,1,1,-1,-1,1,1,1,-1,-1,-1,1,1,-1,1,1,1,-1,-1,1,-1,1,-1,-1,1,1,-1,-1,1,1,1,1,-1,-1,1,1,1,1,1,-1,-1,1,1,1,-1,1,-1,1,1,1,1,1,1,1,1,-1,1,1,1,1,-1,1,-1,1,-1,-1,1,1,1,-1,1,-1,-1,1,-1,1,1,1,1,-1,-1,1,1,1,1,-1,1,-1,-1,1,-1,1,1,-1,-1,-1,-300.9220527610158,1
597,1,1,-1,-1,1,-1,-1,1,-1,-1,-1,-1,-1,1,1,-1,1,-1,1,-1,-1,1,1,1,-1,-1,-1,-1,-1,1,1,1,1,-1,1,-1,-1,-1,-1,1,1,-1,-1,-1,-1,-1,1,1,1,-1,-1,1,-1,-1,-1,1,1,1,-1,1,-1,-1,1,-1,-1,1,1,1,1,1,1,-1,-1,-1,-1,1,1,1,-1,-1,1,1,-1,1,1,1,-1,-1,-1,1,-1,1,1,1,1,1,-1,1,-1,1,-1,-1,1,-1,1,-1,1,-1,-1,1,-1,1,-1,-1,1,1,-1,1,1,1,1,1,-1,-1,-1,-1,1,1,1,-1,-1,-1,1,-1,1,1,1,-1,-1,1,-1,1,-1,1,1,1,-1,-1,1,1,1,1,-1,-1,1,-1,1,1,1,-1,-1,1,1,1,-1,1,-1,1,1,1,1,1,1,1,1,-1,1,1,1,1,-1,1,-1,1,-1,1,1,1,-1,-1,1,-1,-1,1,-1,1,1,-1,1,-1,-1,1,1,1,1,-1,1,-1,-1,1,-1,1,1,-1,1,1,-300.920137511798,1
598,1,1,-1,-1,1,-1,-1,1,-1,-1,-1,-1,-1,1,1,-1,1,-1,1,-1,-1,1,1,1,-1,-1,-1,-1,-1,1,1,1,1,-1,1,1,-1,-1,1,1,1,1,-1,-1,1,-1,1,1,1,-1,-1,1,-1,-1,-1,1,1,1,-1,1,-1,-1,1,-1,-1,1,1,1,1,1,1,-1,-1,-1,-1,1,1,1,-1,-1,1,1,-1,1,1,1,1,1,-1,1,-1,1,1,1,1,1,-1,1,-1,1,-1,1,1,-1,1,-1,1,1,-1,1,-1,1,1,-1,1,1,-1,1,1,1,1,1,-1,-1,-1,-1,1,1,1,-1,-1,-1,1,-1,1,1,1,-1,-1,1,-1,1,-1,1,1,1,-1,-1,1,1,1,1,-1,-1,1,-1,1,1,1,-1,-1,1,1,1,-1,1,-1,1,1,1,1,1,1,1,1,-1,1,1,1,1,-1,1,-1,1,-1,1,-1,1,1,-1,1,-1,-1,1,-1,1,1,1,1,-1,-1,1,1,1,1,1,1,-1,-1,1,-1,-1,1,-1,1,1,-300.9167262760824,1
599,-1,-1,-1,1,-1,1,1,-1,1,1,1,1,1,-1,-1,1,-1,1,-1,1,1,-1,-1,-1,1,1,1,1,1,-1,-1,-1,-1,1,-1,-1,1,1,-1,-1,-1,1,1,1,1,1,-1,-1,-1,1,1,-1,1,1,1,-1,-1,-1,1,-1,1,1,-1,1,1,-1,-1,-1,-1,-1,-1,1,1,1,1,-1,-1,-1,-1,1,-1,1,1,-1,-1,-1,-1,1,1,-1,1,-1,-1,-1,-1,-1,-1,-1,1,1,1,-1,-1,1,-1,-1,1,-1,1,-1,-1,-1,1,-1,-1,-1,1,-1,-1,1,-1,-1,-1,1,1,-1,-1,-1,1,1,1,-1,-1,1,-1,-1,-1,1,1,-1,1,-1,1,1,-1,-1,1,1,-1,-1,-1,-1,1,1,-1,-1,-1,-1,-1,1,1,-1,-1,-1,1,-1,1,-1,-1,-1,-1,-1,-1,-1,-1,1,-1,-1,-1,-1,1,-1,1,-1,1,1,-1,-1,-1,-1,-1,1,1,-1,1,-1,-1,-1,-1,1,1,-1,-1,-1,1,1,-1,1,1,-1,-1,1,-1,1,-1,1,-300.9145064481033,1
600,-1,-1,-1,1,-1,1,1,-1,1,1,1,1,1,-1,-1,1,-1,1,-1,1,1,-1,-1,-1,1,1,1,1,1,-1,-1,-1,-1,1,-1,-1,1,1,-1,-1,-1,1,1,1,1,1,-1,-1,-1,1,1,-1,1,1,1,-1,-1,-1,1,-1,1,1,-1,1,1,-1,-1,-1,-1,-1,-1,1,1,1,1,-1,-1,-1,1,1,1,-1,1,-1,-1,-1,1,1,1,-1,1,-1,-1,-1,-1,-1,1,-1,1,-1,1,1,-1,1,-1,1,-1,1,1,-1,1,-1,1,1,-1,-1,1,-1,-1,-1,-1,-1,1,1,1,1,-1,-1,-1,1,1,1,-1,1,-1,-1,-1,1,1,-1,1,-1,1,-1,-1,-1,1,1,-1,-1,-1,-1,1,1,-1,1,-1,-1,-1,1,1,1,-1,-1,1,-1,1,-1,-1,-1,-1,-1,-1,-1,-1,1,-1,-1,-1,-1,1,-1,1,-1,1,-1,-1,-1,1,-1,1,1,1,-1,1,-1,-1,1,-1,1,1,-1,-1,-1,1,1,-1,1,1,-1,-1,1,1,1,-1,1,-300.9119205283015,1
601,-1,-1,1,1,-1,1,1,-1,1,1,1,1,1,-1,-1,1,-1,1,-1,1,1,-1,-1,-1,1,1,1,1,1,-1,-1,-1,-1,1,-1,-1,1,1,-1,-1,-1,-1,1,1,1,1,-1,-1,-1,1,1,-1,1,1,1,-1,-1,-1,1,-1,1,1,-1,1,1,-1,-1,-1,-1,-1,-1,1,1,1,1,-1,-1,-1,1,1,1,-1,1,-1,-1,-1,1,1,1,-1,1,-1,-1,-1,-1,-1,1,-1,1,-1,1,1,-1,1,-1,1,-1,1,1,-1,1,-1,1,1,-1,-1,1,-1,-1,-1,-1,-1,1,1,1,1,-1,-1,-1,1,1,1,-1,1,-1,-1,-1,1,1,-1,1,-1,1,-1,-1,-1,1,1,-1,-1,-1,-1,1,1,-1,1,-1,-1,-1,1,1,-1,-1,-1,1,-1,1,-1,-1,-1,-1,-1,-1,-1,-1,1,-1,-1,-1,-1,1,-1,1,-1,1,-1,-1,-1,1,-1,1,1,1,-1,1,-1,-1,1,-1,1,1,-1,-1,-1,-1,-1,-1,1,1,-1,1,1,1,1,-1,1,-300.9058198062397,1
602,1,1,1,-1,1,-1,-1,1,-1,-1,-1,-1,-1,1,1,-1,1,-1,1,-1,-1,1,1,1,-1,-1,-1,-1,-1,1,1,1,1,-1,1,1,-1,-1,1,1,1,-1,-1,-1,-1,-1,1,1,1,-1,-1,1,-1,-1,-1,1,1,1,-1,1,-1,-1,1,-1,-1,1,1,1,1,1,1,-1,-1,-1,-1,1,1,1,-1,-1,1,1,-1,1,1,1,-1,-1,-1,1,-1,1,1,1,1,1,-1,1,-1,1,-1,-1,1,-1,1,-1,1,-1,-1,1,-1,1,-1,-1,1,1,-1,1,1,1,1,1,-1,-1,-1,-1,1,1,1,-1,-1,-1,1,-1,1,1,1,-1,-1,1,-1,1,-1,1,1,1,-1,-1,1,1,1,1,-1,-1,1,-1,1,1,1,-1,-1,-1,1,1,-1,1,-1,1,1,1,1,1,1,1,1,-1,1,1,1,1,-1,1,-1,1,-1,1,1,1,-1,1,-1,-1,-1,1,-1,1,1,-1,1,-1,-1,1,1,1,-1,-1,1,-1,-1,1,1,-1,1,-1,1,1,-300.9029789704351,1
603,-1,-1,-1,1,-1,1,1,-1,1,1,1,1,1,-1,-1,1,-1,1,-1,1,1,-1,-1,-1,1,1,1,1,1,-1,-1,-1,-1,1,-1,-1,1,1,-1,-1,-1,1,1,1,1,1,-1,-1,-1,1,1,-1,1,1,1,-1,-1,-1,1,-1,1,1,-1,1,1,-1,-1,-1,-1,-1,-1,1,1,1,1,-1,-1,-1,1,1,-1,-1,1,-1,-1,-1,1,-1,1,-1,1,-1,-1,-1,-1,-1,1,-1,1,-1,1,1,-1,1,-1,1,-1,1,1,-1,1,-1,-1,1,-1,-1,1,-1,-1,-1,-1,-1,1,1,1,1,-1,-1,-1,1,1,1,-1,1,-1,-1,-1,1,1,-1,1,-1,1,-1,-1,-1,1,1,-1,-1,-1,-1,1,1,-1,1,-1,-1,-1,1,1,-1,-1,-1,1,-1,1,-1,-1,-1,-1,-1,-1,-1,-1,1,-1,-1,-1,-1,1,-1,1,-1,1,-1,-1,-1,1,-1,-1,1,1,-1,1,-1,-1,1,-1,1,1,-1,-1,-1,-1,1,-1,1,1,-1,-1,1,-1,1,-1,1,-300.9024183876786,1
604,1,1,1,-1,1,-1,-1,1,-1,-1,-1,-1,-1,1,1,-1,1,-1,1,-1,-1,1,1,1,-1,-1,-1,-1,-1,1,1,1,1,-1,1,1,-1,-1,1,1,1,-1,-1,-1,-1,-1,1,1,1,-1,-1,1,-1,-1,-1,1,1,1,-1,1,-1,-1,1,-1,-1,1,1,1,1,1,1,-1,-1,-1,-1,1,1,1,-1,-1,1,1,-1,1,1,1,-1,1,-1,1,-1,1,1,1,1,1,-1,1,-1,1,-1,-1,1,-1,1,-1,1,-1,-1,1,-1,1,1,-1,1,1,-1,1,1,1,1,1,-1,-1,-1,-1,1,1,1,-1,-1,-1,1,-1,1,1,1,-1,-1,1,-1,1,-1,1,1,1,-1,-1,1,1,1,1,-1,-1,1,-1,1,1,1,-1,-1,-1,1,1,-1,1,-1,1,1,1,1,1,1,1,1,-1,1,1,1,1,-1,1,-1,1,-1,1,1,1,-1,1,1,-1,-1,1,-1,1,1,-1,1,-1,-1,1,1,1,1,-1,1,-1,-1,1,1,-1,1,-1,1,1,-300.9023542978757,1
605,-1,1,-1,1,1,-1,1,1,-1,1,-1,-1,1,-1,-1,1,1,1,-1,1,-1,-1,-1,-1,1,1,-1,1,1,1,-1,-1,1,1,-1,-1,1,1,-1,-1,1,-1,1,1,-1,1,1,-1,-1,1,1,-1,1,1,1,-1,-1,-1,1,-1,1,1,-1,1,1,-1,-1,-1,-1,-1,-1,1,1,1,1,-1,-1,-1,1,1,-1,-1,1,-1,-1,-1,1,-1,1,-1,1,-1,-1,-1,-1,-1,1,-1,1,-1,1,-1,-1,1,-1,1,-1,1,1,-1,1,-1,-1,1,-1,-1,1,-1,-1,-1,-1,-1,1,1,1,1,-1,-1,-1,1,1,1,-1,1,-1,-1,-1,1,1,-1,1,-1,1,-1,-1,-1,1,1,-1,-1,-1,-1,1,1,-1,1,-1,-1,-1,-1,-1,-1,1,-1,1,1,1,-1,1,-1,-1,1,-1,-1,1,1,-1,1,1,1,1,-1,1,-1,1,-1,1,-1,-1,1,-1,1,-1,-1,1,-1,-1,1,-1,1,1,-1,-1,-1,1,-1,-1,1,1,-1,-1,1,-1,-1,1,1,-300.8975206719177,1
606,1,-1,1,-1,-1,-1,-1,-1,1,-1,1,-1,-1,1,1,-1,-1,-1,1,-1,-1,1,1,1,-1,-1,1,-1,-1,-1,1,1,-1,-1,1,1,-1,-1,1,1,-1,1,-1,-1,1,-1,-1,1,1,-1,-1,1,-1,-1,-1,1,1,1,-1,1,-1,-1,1,-1,-1,1,1,1,1,1,1,-1,-1,-1,-1,1,1,1,-1,-1,1,1,-1,1,1,1,1,1,-1,1,-1,1,1,1,1,1,-1,1,-1,1,-1,1,1,-1,1,-1,1,1,-1,1,-1,1,-1,-1,1,1,-1,1,1,1,1,1,-1,-1,-1,-1,1,1,1,-1,-1,-1,1,-1,1,1,1,-1,-1,1,-1,1,-1,1,1,1,-1,-1,1,1,1,1,-1,-1,1,-1,1,1,1,1,1,1,-1,1,-1,-1,-1,1,-1,1,1,1,1,1,-1,-1,1,-1,-1,-1,-1,1,-1,1,-1,1,-1,1,1,-1,1,-1,1,1,-1,1,1,1,1,-1,-1,1,1,1,1,1,1,-1,-1,1,1,-1,1,-1,1,1,-300.8966873909284,1
607,1,-1,1,1,-1,1,1,-1,1,1,1,1,1,-1,-1,1,-1,1,-1,1,1,-1,-1,-1,1,1,1,1,1,-1,-1,-1,-1,1,-1,-1,1,1,-1,-1,-1,1,1,1,1,1,-1,-1,-1,1,1,-1,1,1,1,-1,-1,-1,1,-1,1,1,-1,1,1,-1,-1,-1,-1,-1,-1,1,1,1,1,-1,-1,-1,1,1,-1,-1,1,-1,-1,-1,1,-1,1,-1,1,-1,-1,-1,-1,-1,1,-1,1,-1,1,1,-1,1,-1,1,-1,1,1,-1,1,-1,-1,1,-1,-1,1,-1,-1,-1,-1,-1,1,1,1,1,-1,-1,-1,1,1,1,-1,1,-1,-1,-1,1,1,-1,1,-1,1,-1,-1,-1,1,1,-1,-1,-1,-1,1,1,-1,1,-1,-1,-1,1,1,1,-1,-1,1,-1,1,-1,-1,-1,-1,-1,-1,-1,-1,1,-1,-1,-1,-1,1,-1,1,-1,1,-1,-1,-1,1,-1,1,1,1,-1,1,-1,-1,1,-1,1,1,-1,-1,-1,-1,1,-1,1,1,-1,1,1,-1,1,-1,-1,-300.8926129510674,1
608,-1,1,-1,1,1,-1,1,1,-1,1,-1,-1,1,-1,-1,1,1,1,-1,1,-1,-1,-1,-1,1,1,-1,1,1,1,-1,-1,1,1,-1,-1,1,1,-1,-1,1,-1,1,1,-1,1,1,-1,-1,1,1,-1,1,1,1,-1,-1,-1,1,-1,1,1,-1,1,1,-1,-1,-1,-1,-1,-1,1,1,1,1,-1,-1,-1,-1,1,-1,1,1,-1,-1,-1,-1,1,1,-1,1,-1,-1,-1,-1,-1,-1,-1,1,1,1,-1,-1,1,-1,-1,1,-1,1,-1,1,-1,1,-1,-1,-1,1,-1,-1,1,-1,-1,-1,1,1,-1,-1,-1,1,1,1,-1,-1,1,-1,-1,-1,1,1,-1,1,-1,1,1,-1,-1,1,1,-1,1,-1,-1,1,1,-1,-1,-1,-1,-1,-1,-1,-1,1,-1,1,1,1,-1,1,-1,-1,-1,-1,-1,1,1,-1,1,1,1,1,-1,1,-1,1,1,1,-1,-1,1,-1,1,-1,-1,1,-1,-1,-1,-1,1,1,-1,-1,-1,1,-1,-1,1,1,-1,-1,1,-1,-1,1,1,-300.89231978451204,1
609,1,1,1,-1,1,-1,-1,1,-1,-1,-1,-1,-1,1,1,-1,1,-1,1,-1,-1,1,1,1,-1,-1,-1,-1,-1,1,1,1,1,-1,1,1,-1,-1,1,1,1,-1,-1,-1,-1,-1,1,1,1,-1,-1,1,-1,-1,-1,1,1,1,-1,1,-1,-1,1,-1,-1,1,1,1,1,1,1,-1,-1,-1,-1,1,1,1,-1,-1,1,1,-1,1,1,1,1,1,-1,1,-1,1,1,1,1,1,-1,1,-1,1,-1,1,1,-1,1,-1,1,1,-1,1,-1,1,1,-1,1,1,-1,1,1,1,1,1,-1,-1,-1,-1,1,1,1,-1,-1,-1,1,-1,1,1,1,-1,-1,1,-1,1,-1,1,1,1,-1,-1,1,1,1,1,-1,-1,1,-1,1,1,1,-1,-1,-1,1,1,-1,1,-1,1,1,1,1,1,1,1,1,-1,1,1,1,1,-1,1,-1,1,-1,1,1,1,1,1,1,-1,-1,1,-1,1,1,1,1,-1,-1,1,1,1,-1,-1,1,-1,-1,1,1,-1,1,-1,1,-1,-300.8870245093953,1
610,-1,1,-1,1,1,-1,1,1,-1,1,-1,-1,1,-1,-1,1,1,1,-1,1,-1,-1,-1,-1,1,1,-1,1,1,1,-1,-1,1,1,-1,-1,1,1,-1,-1,1,-1,1,1,-1,1,1,-1,-1,1,1,-1,1,1,1,-1,-1,-1,1,-1,1,1,-1,1,1,-1,1,1,-1,-1,1,1,1,1,1,-1,-1,-1,1,1,-1,-1,1,-1,1,-1,-1,-1,1,-1,1,-1,-1,1,-1,-1,1,1,1,-1,-1,-1,-1,1,-1,1,1,-1,1,-1,1,-1,-1,1,-1,-1,1,-1,-1,-1,-1,-1,1,1,1,1,-1,-1,1,1,1,-1,-1,1,1,-1,-1,1,1,-1,1,-1,1,-1,-1,-1,1,1,-1,-1,-1,-1,1,1,-1,-1,-1,-1,-1,-1,-1,-1,1,-1,1,1,1,-1,1,-1,-1,-1,-1,-1,1,1,-1,1,1,1,1,-1,1,-1,1,1,1,-1,-1,1,-1,1,-1,-1,1,-1,-1,-1,-1,1,1,-1,-1,-1,1,-1,-1,1,1,-1,-1,1,-1,-1,1,-1,-300.8865143041359,1
611,-1,1,-1,-1,1,-1,-1,1,-1,-1,-1,-1,-1,1,1,-1,1,-1,1,-1,-1,1,1,1,-1,-1,-1,-1,-1,1,1,1,1,-1,1,1,-1,-1,1,1,1,1,-1,-1,-1,-1,1,1,1,-1,-1,1,-1,-1,-1,1,1,1,-1,1,-1,-1,1,-1,-1,1,1,1,1,1,1,-1,-1,-1,-1,1,1,1,-1,-1,1,1,-1,1,1,1,1,1,-1,1,-1,1,1,1,1,1,-1,1,-1,1,-1,1,1,-1,1,-1,1,1,-1,1,-1,1,-1,-1,1,1,-1,1,1,1,1,1,-1,-1,-1,-1,1,1,1,-1,-1,-1,1,-1,1,1,1,-1,-1,1,-1,1,-1,1,1,1,-1,-1,1,1,1,1,-1,-1,1,-1,1,1,1,-1,-1,1,1,1,-1,1,-1,1,1,1,1,1,1,1,1,-1,1,1,1,1,-1,1,-1,1,-1,-1,1,1,1,1,1,-1,-1,1,-1,1,1,1,1,-1,-1,1,1,1,1,1,1,-1,-1,1,-1,-1,1,-1,1,-1,-300.8863765693947,1
612,-1,1,-1,1,1,-1,1,1,-1,1,-1,-1,-1,-1,-1,-1,1,1,1,-1,-1,-1,-1,-1,-1,-1,-1,1,-1,1,1,1,1,-1,-1,-1,-1,-1,-1,-1,1,-1,1,1,-1,1,1,-1,1,1,1,1,1,1,1,-1,-1,-1,1,-1,1,1,-1,1,1,-1,1,1,-1,-1,1,1,1,1,1,-1,-1,-1,1,1,-1,-1,1,-1,1,-1,-1,1,1,-1,1,-1,-1,1,-1,-1,1,1,1,-1,-1,-1,-1,1,-1,1,1,-1,-1,-1,1,1,1,1,-1,-1,-1,1,-1,-1,-1,-1,1,-1,-1,1,-1,-1,1,1,1,-1,1,1,1,1,-1,1,1,1,1,-1,1,-1,-1,-1,1,1,-1,-1,-1,-1,1,-1,-1,-1,1,-1,-1,-1,-1,-1,1,-1,1,1,1,-1,1,-1,-1,1,-1,-1,1,1,-1,1,1,1,1,-1,1,-1,1,1,1,-1,-1,1,-1,1,-1,-1,1,-1,-1,-1,-1,1,1,-1,-1,-1,1,-1,-1,1,1,-1,-1,1,-1,-1,1,1,-300.88634226547026,7
613,1,-1,1,-1,-1,1,-1,-1,1,-1,1,1,1,1,1,1,-1,-1,-1,1,1,1,1,1,1,1,1,-1,1,-1,-1,-1,-1,1,1,1,1,1,1,1,-1,1,-1,-1,1,-1,-1,1,-1,-1,-1,-1,-1,-1,-1,1,1,1,-1,1,-1,-1,1,-1,-1,1,-1,-1,1,1,-1,-1,-1,-1,-1,1,1,1,-1,-1,1,1,-1,1,-1,1,1,-1,-1,1,-1,1,1,-1,1,1,-1,-1,-1,1,1,1,1,-1,1,-1,-1,1,1,1,-1,-1,-1,-1,1,1,1,-1,1,1,1,1,-1,1,1,-1,1,1,-1,-1,-1,1,-1,-1,-1,-1,1,-1,-1,-1,-1,1,-1,1,1,1,-1,-1,1,1,1,1,-1,1,1,1,-1,1,1,1,1,1,-1,1,-1,-1,-1,1,-1,1,1,-1,1,1,-1,-1,1,-1,-1,-1,-1,1,-1,1,-1,-1,-1,1,1,-1,1,-1,1,1,-1,1,1,1,1,-1,-1,1,1,1,-1,1,1,-1,-1,1,1,-1,1,1,-1,-1,-300.88634226547026,1
614,1,-1,1,-1,-1,1,-1,-1,1,-1,1,1,-1,-1,-1,-1,-1,1,1,-1,-1,1,1,1,-1,-1,1,-1,-1,-1,1,1,-1,-1,1,-1,-1,-1,1,1,-1,1,-1,-1,1,-1,-1,1,1,-1,-1,1,-1,-1,1,1,1,-1,-1,1,-1,-1,1,-1,-1,1,1,1,1,1,1,-1,-1,-1,-1,1,1,1,1,-1,1,-1,-1,1,-1,1,1,-1,-1,1,-1,1,1,1,1,1,1,1,-1,-1,-1,1,1,-1,1,1,-1,1,-1,-1,1,1,1,1,1,1,-1,1,-1,-1,1,1,1,-1,-1,1,1,-1,-1,-1,-1,1,1,-1,1,1,-1,-1,-1,1,-1,1,-1,-1,1,1,-1,-1,1,1,1,1,-1,-1,1,1,1,1,1,1,1,1,-1,1,-1,-1,-1,1,-1,1,1,-1,1,1,-1,-1,1,-1,-1,-1,-1,1,-1,1,-1,-1,-1,1,1,-1,1,-1,1,1,-1,-1,1,1,1,-1,-1,1,1,1,-1,1,1,1,-1,1,1,-1,1,1,-1,-1,-300.88348842658456,1
615,-1,1,-1,1,1,-1,1,1,-1,1,-1,-1,1,-1,-1,1,1,1,-1,1,1,-1,-1,-1,1,1,-1,1,1,1,-1,-1,1,1,-1,-1,1,1,-1,-1,1,-1,1,1,-1,1,1,-1,-1,1,1,-1,1,1,1,-1,-1,-1,1,-1,1,1,-1,1,1,-1,-1,-1,-1,-1,-1,1,1,1,1,-1,-1,-1,-1,1,-1,1,1,-1,1,-1,-1,1,1,-1,1,-1,-1,-1,-1,-1,1,1,1,-1,-1,-1,-1,1,-1,-1,1,-1,1,-1,1,-1,1,1,-1,-1,1,-1,1,1,-1,-1,1,1,1,1,-1,-1,1,1,1,-1,-1,1,-1,-1,-1,1,1,-1,1,-1,1,1,-1,-1,1,1,-1,-1,-1,-1,1,1,-1,-1,-1,-1,-1,-1,-1,-1,1,-1,1,1,1,-1,1,-1,-1,1,-1,-1,1,1,-1,1,1,1,1,-1,1,-1,1,1,1,-1,-1,1,-1,1,-1,-1,1,-1,-1,-1,-1,1,1,-1,-1,-1,1,-1,-1,-1,1,-1,-1,1,-1,-1,1,1,-300.88004402852266,1
616,-1,-1,1,1,-1,1,1,-1,1,1,1,1,1,-1,-1,1,-1,1,-1,1,1,-1,-1,-1,1,1,1,1,1,-1,-1,-1,-1,1,-1,-1,1,1,-1,-1,-1,-1,1,1,1,1,-1,-1,-1,1,1,-1,1,1,1,-1,-1,-1,1,-1,1,1,-1,1,1,-1,1,-1,-1,-1,-1,1,1,1,1,-1,-1,-1,1,1,1,-1,1,-1,-1,-1,1,-1,1,-1,1,-1,-1,-1,-1,-1,1,-1,1,-1,1,1,-1,1,-1,1,-1,1,1,-1,1,-1,1,1,-1,-1,1,-1,-1,-1,-1,-1,1,1,1,1,-1,-1,-1,1,1,1,-1,1,-1,-1,-1,1,1,-1,1,-1,1,-1,-1,-1,1,1,-1,-1,-1,-1,1,1,-1,1,-1,-1,-1,1,1,1,-1,-1,1,-1,1,-1,-1,-1,-1,-1,-1,-1,-1,1,-1,-1,-1,-1,1,-1,1,-1,1,-1,-1,-1,1,-1,1,1,1,-1,1,-1,-1,1,1,-1,-1,-1,-1,-1,-1,1,-1,1,1,-1,1,1,-1,1,-1,1,-300.8792163752201,1
617,-1,-1,1,1,-1,1,1,-1,1,1,1,1,1,-1,1,1,-1,1,-1,1,1,-1,-1,-1,1,1,1,1,1,-1,-1,-1,-1,1,-1,-1,1,1,-1,-1,-1,1,1,1,1,1,-1,-1,-1,1,1,-1,1,1,1,-1,-1,-1,1,-1,1,1,-1,1,1,-1,-1,-1,-1,-1,-1,1,1,1,1,-1,-1,-1,1,1,-1,-1,1,-1,-1,-1,1,-1,1,-1,1,-1,-1,-1,-1,-1,1,-1,1,-1,1,1,-1,1,-1,1,-1,1,1,-1,1,-1,-1,1,-1,-1,1,-1,-1,-1,-1,-1,1,1,1,1,-1,-1,-1,1,1,1,-1,1,-1,-1,-1,1,1,-1,1,-1,1,-1,-1,-1,1,1,-1,-1,-1,-1,1,1,-1,1,-1,-1,-1,1,1,-1,-1,-1,1,-1,1,-1,-1,-1,-1,-1,-1,-1,-1,1,-1,-1,-1,-1,1,-1,1,-1,1,-1,-1,-1,1,-1,1,1,1,-1,1,-1,-1,1,-1,1,1,-1,-1,-1,-1,1,-1,1,1,-1,1,1,-1,1,-1,1,-300.8725942784881,1
618,1,1,-1,-1,1,-1,-1,1,-1,-1,-1,-1,-1,1,1,-1,1,-1,1,-1,-1,1,1,1,-1,-1,-1,-1,-1,1,1,1,1,-1,1,1,-1,-1,1,1,1,-1,-1,-1,-1,-1,1,1,1,-1,-1,1,-1,-1,-1,1,1,1,-1,1,-1,-1,1,-1,-1,1,1,1,1,1,1,-1,-1,-1,-1,1,1,1,-1,-1,1,1,-1,1,-1,1,1,-1,-1,1,-1,1,1,1,1,1,-1,-1,-1,1,1,1,1,-1,1,1,-1,1,-1,1,-1,1,1,-1,1,1,-1,1,-1,-1,1,1,-1,-1,-1,-1,1,1,-1,-1,-1,1,1,-1,1,1,1,-1,-1,1,-1,1,-1,1,1,1,-1,-1,1,1,1,1,-1,-1,1,1,1,1,1,-1,-1,1,1,1,-1,1,-1,1,1,1,1,1,1,1,1,-1,1,1,1,1,-1,1,-1,1,-1,-1,1,1,1,1,1,-1,-1,1,-1,1,1,1,1,-1,-1,1,1,1,1,-1,1,-1,-1,1,-1,-1,1,-1,1,-1,-300.872513255538,1
619,-1,-1,1,1,-1,1,1,-1,1,1,1,1,1,-1,-1,1,-1,1,-1,1,1,-1,-1,-1,1,1,1,1,1,-1,-1,-1,-1,1,-1,-1,1,1,-1,-1,-1,1,1,1,1,1,-1,-1,-1,1,1,-1,1,1,1,-1,-1,-1,1,-1,1,1,-1,1,1,-1,-1,-1,-1,-1,-1,1,1,1,1,-1,-1,-1,1,1,-1,-1,1,-1,1,-1,-1,1,1,-1,1,-1,-1,-1,-1,-1,1,1,1,-1,-1,-1,-1,1,-1,-1,1,-1,1,-1,1,-1,-1,1,-1,-1,1,-1,1,1,-1,-1,1,1,1,1,-1,-1,1,1,1,-1,-1,1,-1,-1,-1,1,1,-1,1,-1,1,-1,-1,-1,1,1,-1,-1,-1,-1,1,1,-1,-1,-1,-1,-1,1,1,-1,-1,-1,1,-1,1,-1,-1,-1,-1,-1,-1,-1,-1,1,-1,-1,-1,-1,1,-1,1,-1,1,1,-1,-1,-1,-1,-1,1,1,-1,1,-1,-1,-1,-1,1,1,-1,-1,-1,-1,1,-1,1,1,-1,1,1,-1,1,-1,1,-300.872513255538,1
620,1,-1,1,-1,-1,1,-1,-1,1,-1,1,1,1,1,1,1,-1,1,-1,1,1,1,1,1,1,1,-1,-1,1,-1,-1,-1,-1,1,1,-1,1,1,-1,1,-1,-1,-1,-1,1,-1,-1,1,-1,-1,-1,-1,-1,-1,-1,1,1,1,-1,1,-1,-1,1,-1,-1,1,-1,1,1,1,1,-1,-1,-1,-1,1,1,1,-1,-1,1,1,-1,1,1,1,1,1,-1,1,-1,1,1,1,1,1,-1,1,-1,1,-1,1,1,-1,1,-1,1,1,1,1,-1,-1,-1,-1,1,1,-1,-1,1,1,1,1,-1,1,1,-1,1,1,1,-1,-1,-1,-1,-1,1,-1,1,-1,-1,-1,-1,1,-1,1,1,1,-1,-1,1,1,1,1,-1,1,1,-1,-1,1,1,1,1,1,-1,1,-1,-1,-1,1,-1,-1,1,-1,1,1,-1,-1,1,-1,-1,-1,-1,1,-1,-1,-1,-1,1,1,1,-1,1,-1,1,1,-1,1,1,1,1,-1,-1,-1,1,1,-1,-1,1,-1,-1,1,1,1,1,1,-1,-1,-300.8703449778444,8
621,-1,1,-1,1,1,-1,1,1,-1,1,-1,-1,-1,-1,-1,-1,1,-1,1,-1,-1,-1,-1,-1,-1,-1,1,1,-1,1,1,1,1,-1,-1,1,-1,-1,1,-1,1,1,1,1,-1,1,1,-1,1,1,1,1,1,1,1,-1,-1,-1,1,-1,1,1,-1,1,1,-1,1,-1,-1,-1,-1,1,1,1,1,-1,-1,-1,1,1,-1,-1,1,-1,-1,-1,-1,-1,1,-1,1,-1,-1,-1,-1,-1,1,-1,1,-1,1,-1,-1,1,-1,1,-1,-1,-1,-1,1,1,1,1,-1,-1,1,1,-1,-1,-1,-1,1,-1,-1,1,-1,-1,-1,1,1,1,1,1,-1,1,-1,1,1,1,1,-1,1,-1,-1,-1,1,1,-1,-1,-1,-1,1,-1,-1,1,1,-1,-1,-1,-1,-1,1,-1,1,1,1,-1,1,1,-1,1,-1,-1,1,1,-1,1,1,1,1,-1,1,1,1,1,-1,-1,-1,1,-1,1,-1,-1,1,-1,-1,-1,-1,1,1,1,-1,-1,1,1,-1,1,1,-1,-1,-1,-1,-1,1,1,-300.8703449778444,83
622,1,1,-1,-1,1,-1,-1,1,-1,-1,-1,-1,-1,1,1,-1,1,-1,1,-1,-1,1,1,1,1,-1,-1,-1,-1,1,1,1,1,-1,1,-1,-1,-1,-1,1,1,-1,-1,-1,-1,-1,1,1,1,-1,-1,1,-1,-1,-1,1,1,1,-1,1,-1,-1,1,-1,-1,1,1,1,1,1,1,-1,-1,-1,-1,1,1,1,-1,-1,1,1,-1,1,1,1,1,1,-1,1,-1,1,1,1,1,1,-1,1,-1,1,-1,1,1,-1,1,-1,1,1,-1,1,-1,1,1,-1,1,1,-1,1,1,1,1,1,-1,-1,-1,-1,1,1,1,-1,-1,-1,1,-1,1,1,1,-1,-1,1,-1,1,-1,1,1,1,-1,-1,1,1,1,1,-1,-1,1,-1,1,1,1,-1,-1,1,1,1,-1,1,-1,1,1,1,1,1,1,1,1,-1,1,1,1,1,-1,1,-1,1,-1,-1,1,1,1,-1,1,-1,-1,1,-1,1,1,1,1,-1,-1,1,1,1,1,-1,1,-1,-1,1,-1,1,1,-1,1,1,-300.8687934789944,1
623,1,-1,1,-1,-1,1,-1,-1,1,-1,1,1,1,1,1,1,-1,-1,-1,1,-1,1,1,1,1,1,1,-1,1,-1,-1,-1,-1,1,1,1,1,1,1,1,-1,1,-1,-1,1,-1,-1,1,-1,-1,-1,-1,-1,-1,-1,1,1,1,-1,1,-1,-1,1,-1,-1,1,-1,-1,1,1,-1,-1,-1,-1,-1,1,1,1,-1,-1,1,1,-1,1,-1,1,1,-1,-1,1,-1,1,1,-1,1,1,-1,-1,-1,1,1,1,1,-1,1,-1,-1,1,1,1,-1,-1,-1,-1,1,1,1,-1,1,1,1,1,-1,1,1,-1,1,1,-1,-1,-1,1,-1,-1,-1,-1,1,-1,-1,-1,-1,1,-1,1,1,1,-1,-1,1,1,1,1,-1,1,1,1,-1,1,1,1,1,1,-1,1,-1,-1,-1,1,-1,1,1,-1,1,1,-1,-1,1,1,1,1,-1,1,-1,1,-1,-1,-1,1,1,-1,1,-1,1,1,-1,1,1,1,1,-1,-1,1,1,1,-1,1,1,-1,-1,1,1,-1,1,1,-1,-1,-300.8679102365191,3
624,-1,1,-1,1,1,-1,1,1,-1,1,-1,-1,-1,-1,-1,-1,1,1,1,-1,1,-1,-1,-1,-1,-1,-1,1,-1,1,1,1,1,-1,-1,-1,-1,-1,-1,-1,1,-1,1,1,-1,1,1,-1,1,1,1,1,1,1,1,-1,-1,-1,1,-1,1,1,-1,1,1,-1,1,1,-1,-1,1,1,1,1,1,-1,-1,-1,1,1,-1,-1,1,-1,1,-1,-1,1,1,-1,1,-1,-1,1,-1,-1,1,1,1,-1,-1,-1,-1,1,-1,1,1,-1,-1,-1,1,1,1,1,-1,-1,-1,1,-1,-1,-1,-1,1,-1,-1,1,-1,-1,1,1,1,-1,1,1,1,1,-1,1,1,1,1,-1,1,-1,-1,-1,1,1,-1,-1,-1,-1,1,-1,-1,-1,1,-1,-1,-1,-1,-1,1,-1,1,1,1,-1,1,-1,-1,1,-1,-1,1,1,-1,-1,-1,-1,1,-1,1,-1,1,1,1,-1,-1,1,-1,1,-1,-1,1,-1,-1,-1,-1,1,1,-1,-1,-1,1,-1,-1,1,1,-1,-1,1,-1,-1,1,1,-300.8679102365191,2
625,1,1,-1,-1,1,-1,-1,1,-1,-1,-1,-1,-1,1,-1,-1,1,-1,1,-1,-1,1,1,1,-1,-1,-1,-1,-1,1,1,1,1,-1,1,1,-1,-1,1,1,1,-1,-1,-1,-1,-1,1,1,1,-1,-1,1,-1,-1,-1,1,1,1,-1,1,-1,-1,1,-1,-1,1,1,1,1,1,1,-1,-1,-1,-1,1,1,1,-1,-1,1,1,-1,1,1,1,1,-1,-1,1,-1,1,1,1,1,1,-1,1,-1,1,-1,1,1,-1,1,-1,1,1,-1,1,-1,1,-1,-1,1,1,-1,1,1,1,1,1,-1,-1,-1,-1,1,1,1,-1,-1,-1,1,-1,1,1,1,-1,-1,1,-1,1,-1,1,1,1,-1,-1,1,1,1,1,-1,-1,1,-1,1,1,1,-1,-1,1,1,1,-1,1,-1,1,1,1,1,1,1,1,1,-1,1,1,1,1,-1,1,-1,1,-1,-1,1,1,1,1,1,-1,-1,1,-1,1,1,1,1,-1,-1,1,1,1,1,-1,1,-1,-1,1,-1,-1,1,-1,1,1,-300.8654149740095,1
626,1,1,-1,-1,1,-1,-1,1,-1,-1,-1,-1,-1,1,1,-1,1,-1,1,-1,-1,1,1,1,-1,-1,-1,-1,-1,1,1,1,1,-1,1,-1,-1,-1,-1,1,1,-1,-1,-1,-1,-1,1,1,1,-1,-1,1,-1,-1,-1,1,1,1,-1,1,-1,-1,1,-1,-1,1,1,1,1,1,1,-1,-1,-1,-1,1,1,1,-1,-1,1,1,-1,1,1,1,1,1,-1,1,-1,1,1,1,1,1,-1,1,-1,1,-1,1,1,-1,1,-1,1,1,-1,1,-1,1,1,-1,1,1,-1,1,1,1,1,1,-1,-1,-1,-1,1,1,1,-1,-1,-1,1,-1,1,1,1,-1,-1,1,-1,1,-1,1,1,1,-1,-1,1,1,1,1,-1,-1,1,-1,1,1,1,-1,-1,1,1,1,-1,1,-1,1,1,1,1,1,1,1,1,-1,1,1,1,-1,-1,1,-1,1,-1,-1,1,1,1,-1,1,-1,-1,1,-1,1,1,1,1,-1,-1,1,1,1,1,-1,1,-1,-1,1,-1,1,1,-1,1,1,-300.8651398382056,1
627,1,1,1,-1,1,-1,-1,1,-1,-1,-1,-1,-1,1,1,-1,1,-1,1,-1,-1,1,1,1,-1,-1,-1,-1,-1,1,1,1,1,-1,1,1,-1,-1,1,1,1,1,-1,-1,-1,-1,1,1,1,-1,-1,1,-1,-1,-1,1,1,1,-1,1,-1,-1,1,-1,-1,1,1,1,1,1,1,-1,-1,-1,-1,1,1,1,-1,-1,-1,1,-1,1,1,1,-1,1,-1,1,-1,1,1,1,1,1,-1,1,-1,1,-1,-1,1,-1,1,-1,1,-1,-1,1,-1,1,-1,-1,1,1,-1,1,1,1,1,1,-1,-1,-1,-1,1,1,1,-1,-1,-1,1,-1,1,1,1,-1,-1,1,-1,1,-1,1,1,1,-1,-1,1,1,1,1,-1,-1,1,-1,1,1,1,-1,-1,1,1,1,-1,1,-1,1,1,1,1,1,1,1,1,-1,1,1,1,1,-1,1,-1,1,-1,1,1,1,-1,1,-1,-1,-1,1,-1,1,1,-1,-1,1,1,1,1,1,-1,1,1,-1,-1,1,1,-1,-1,-1,1,-1,-300.86344727454923,1
628,-1,-1,1,1,-1,1,1,-1,1,1,1,1,1,-1,-1,1,-1,1,-1,1,1,-1,-1,-1,1,1,1,1,1,-1,-1,-1,-1,1,-1,-1,1,1,-1,-1,-1,-1,1,1,1,1,-1,-1,-1,1,1,-1,1,1,1,-1,-1,-1,1,-1,1,1,-1,1,1,-1,-1,-1,-1,-1,-1,1,1,1,1,-1,-1,-1,1,1,-1,-1,1,-1,-1,-1,-1,-1,1,-1,1,-1,-1,-1,-1,-1,1,-1,1,-1,1,1,-1,1,-1,1,-1,1,1,-1,1,-1,1,1,-1,-1,1,-1,-1,-1,-1,-1,1,1,1,1,-1,-1,-1,1,1,1,-1,1,-1,-1,-1,1,1,-1,1,-1,1,-1,-1,-1,1,1,-1,-1,-1,-1,1,1,-1,1,-1,-1,-1,1,1,-1,-1,-1,1,-1,1,-1,-1,-1,-1,-1,-1,-1,-1,1,-1,-1,-1,-1,1,-1,1,-1,1,-1,-1,-1,1,-1,-1,1,1,-1,1,-1,-1,1,-1,1,1,-1,-1,-1,-1,-1,-1,1,1,-1,1,1,-1,1,-1,1,-300.8613206909358,1
629,-1,-1,1,1,-1,1,1,-1,1,1,1,1,1,-1,1,1,-1,1,-1,1,1,-1,-1,-1,1,1,1,1,1,-1,-1,-1,-1,1,-1,-1,1,1,-1,-1,-1,1,1,1,1,1,-1,-1,-1,1,1,-1,1,1,1,-1,-1,-1,1,-1,1,1,-1,1,1,-1,-1,-1,-1,-1,-1,1,1,1,1,-1,-1,-1,1,1,-1,-1,1,-1,-1,-1,-1,1,1,-1,-1,1,-1,-1,1,-1,-1,-1,1,1,1,-1,-1,1,-1,-1,-1,-1,1,-1,-1,-1,1,-1,-1,-1,1,-1,-1,1,-1,-1,-1,1,1,-1,-1,-1,-1,1,1,1,-1,1,-1,-1,-1,1,1,-1,1,-1,1,-1,-1,-1,1,1,-1,1,-1,-1,1,1,-1,-1,-1,-1,-1,1,1,1,-1,-1,1,-1,1,-1,-1,-1,-1,-1,-1,-1,-1,1,-1,-1,-1,-1,1,-1,1,-1,1,1,-1,-1,-1,-1,-1,1,1,-1,1,-1,-1,-1,-1,1,1,-1,-1,-1,-1,1,-1,1,1,-1,1,1,-1,1,-1,1,-300.8601293365565,1
630,1,-1,1,-1,-1,1,-1,-1,1,-1,1,1,-1,1,1,-1,-1,-1,1,-1,-1,1,1,1,-1,-1,1,-1,-1,-1,1,1,-1,-1,1,1,-1,-1,1,1,-1,1,-1,-1,1,-1,-1,1,1,-1,-1,1,-1,-1,-1,1,1,1,-1,1,-1,-1,1,-1,-1,1,1,1,1,1,1,-1,-1,-1,-1,1,1,1,-1,-1,1,-1,-1,1,1,1,1,-1,-1,1,-1,1,1,-1,1,1,1,1,-1,-1,-1,1,1,-1,1,-1,1,1,-1,1,1,1,-1,1,1,1,1,1,1,1,1,1,-1,-1,-1,1,1,1,1,-1,-1,-1,1,-1,1,1,1,-1,-1,1,-1,1,-1,-1,1,1,-1,-1,1,1,1,1,-1,-1,1,-1,1,1,1,1,1,1,-1,1,-1,-1,-1,1,-1,1,1,-1,1,1,-1,-1,1,-1,-1,-1,-1,1,-1,1,-1,-1,-1,1,1,-1,1,-1,1,1,-1,1,1,1,1,-1,-1,1,1,1,-1,1,1,-1,-1,1,1,-1,1,1,-1,1,-300.8595323663047,1
631,1,-1,1,-1,-1,1,-1,-1,1,-1,1,1,1,1,1,1,-1,-1,-1,1,1,1,1,1,1,1,-1,-1,1,-1,-1,-1,-1,1,1,-1,1,1,-1,1,-1,-1,-1,-1,1,-1,-1,1,-1,-1,-1,-1,-1,-1,-1,1,1,1,-1,1,-1,-1,1,-1,-1,1,-1,-1,1,1,-1,-1,-1,-1,-1,1,1,1,-1,-1,1,1,-1,1,-1,1,1,-1,-1,1,-1,1,1,-1,1,1,-1,-1,-1,1,1,1,1,-1,1,-1,-1,1,1,1,-1,-1,-1,-1,1,1,1,-1,1,1,1,1,-1,1,1,-1,1,1,-1,-1,-1,1,-1,-1,-1,-1,1,-1,-1,-1,-1,1,-1,1,1,1,-1,-1,1,1,1,1,-1,1,1,1,-1,1,1,1,1,1,-1,1,-1,-1,-1,1,-1,-1,1,-1,1,1,-1,-1,1,-1,-1,-1,-1,1,-1,-1,-1,-1,1,1,1,-1,1,-1,1,1,-1,1,1,1,1,-1,-1,-1,1,1,-1,-1,1,-1,-1,1,1,1,1,1,-1,-1,-300.85589720758065,1
632,-1,1,-1,1,1,-1,1,1,-1,1,-1,-1,-1,-1,-1,-1,1,1,1,-1,-1,-1,-1,-1,-1,-1,1,1,-1,1,1,1,1,-1,-1,1,-1,-1,1,-1,1,1,1,1,-1,1,1,-1,1,1,1,1,1,1,1,-1,-1,-1,1,-1,1,1,-1,1,1,-1,1,1,-1,-1,1,1,1,1,1,-1,-1,-1,1,1,-1,-1,1,-1,1,-1,-1,1,1,-1,1,-1,-1,1,-1,-1,1,1,1,-1,-1,-1,-1,1,-1,1,1,-1,-1,-1,1,1,1,1,-1,-1,-1,1,-1,-1,-1,-1,1,-1,-1,1,-1,-1,1,1,1,-1,1,1,1,1,-1,1,1,1,1,-1,1,-1,-1,-1,1,1,-1,-1,-1,-1,1,-1,-1,-1,1,-1,-1,-1,-1,-1,1,-1,1,1,1,-1,1,1,-1,1,-1,-1,1,1,-1,1,1,1,1,-1,1,1,1,1,-1,-1,-1,1,-1,1,-1,-1,1,-1,-1,-1,-1,1,1,1,-1,-1,1,1,-1,1,1,-1,-1,-1,-1,-1,1,1,-300.85589720758065,3
633,-1,-1,1,1,-1,1,1,-1,1,1,1,1,1,-1,-1,1,-1,1,-1,1,1,-1,-1,-1,1,1,1,1,1,-1,-1,-1,-1,1,-1,-1,1,1,-1,-1,-1,1,1,1,1,1,-1,-1,-1,1,1,-1,1,1,1,-1,-1,-1,1,-1,1,1,-1,1,1,-1,-1,-1,-1,-1,-1,1,1,1,1,-1,-1,-1,1,1,-1,-1,1,-1,-1,-1,-1,1,1,-1,-1,1,-1,-1,1,-1,-1,-1,1,1,1,1,-1,1,-1,-1,-1,1,1,-1,-1,-1,1,-1,-1,-1,1,-1,-1,1,-1,-1,-1,1,1,-1,-1,-1,-1,1,1,1,-1,1,-1,-1,-1,1,1,-1,1,-1,1,-1,-1,-1,1,1,-1,1,-1,-1,1,1,-1,-1,-1,-1,-1,1,1,1,-1,-1,1,-1,1,-1,-1,-1,-1,-1,-1,-1,-1,1,-1,-1,-1,-1,1,-1,1,-1,1,-1,-1,-1,1,-1,-1,1,1,-1,1,-1,-1,1,-1,1,1,-1,-1,-1,-1,1,-1,1,1,-1,1,1,-1,1,-1,1,-300.8551562204798,1
634,-1,-1,1,1,-1,1,1,-1,1,1,1,1,1,-1,-1,1,-1,1,-1,1,1,-1,-1,-1,1,1,1,1,1,-1,-1,-1,-1,1,-1,-1,1,1,-1,-1,-1,-1,1,1,1,1,-1,-1,-1,1,1,-1,1,1,1,-1,-1,-1,1,-1,1,1,-1,1,1,-1,-1,-1,-1,-1,-1,1,1,1,1,-1,-1,-1,1,1,1,-1,1,-1,-1,-1,1,-1,1,-1,1,-1,-1,-1,-1,-1,1,-1,1,-1,1,1,-1,1,-1,1,-1,1,1,-1,1,-1,1,1,-1,-1,1,-1,-1,-1,-1,-1,1,1,1,1,-1,-1,-1,1,1,1,-1,1,-1,-1,-1,1,1,-1,1,-1,1,-1,-1,-1,1,1,-1,-1,-1,-1,1,1,-1,1,-1,-1,-1,1,1,1,-1,-1,1,-1,1,-1,-1,-1,-1,-1,-1,-1,-1,1,-1,-1,-1,-1,1,-1,1,-1,1,-1,-1,-1,1,-1,1,1,1,-1,1,-1,-1,1,1,-1,-1,-1,-1,-1,-1,-1,-1,1,1,-1,-1,1,1,1,-1,1,-300.85188382222054,1
635,1,1,-1,-1,1,-1,-1,1,-1,-1,-1,-1,-1,1,1,-1,1,-1,1,-1,-1,1,1,1,-1,-1,-1,-1,-1,1,1,1,1,-1,1,1,-1,-1,1,1,1,1,-1,-1,1,-1,1,1,1,-1,-1,1,-1,-1,-1,1,1,1,-1,1,-1,-1,1,-1,-1,1,1,1,1,1,1,-1,-1,-1,-1,1,1,1,-1,-1,1,1,-1,1,1,1,-1,-1,-1,1,1,-1,1,1,-1,1,1,1,-1,-1,-1,-1,1,-1,1,1,1,-1,-1,1,1,1,-1,1,1,1,-1,1,1,-1,1,1,1,-1,-1,1,1,1,1,-1,-1,-1,1,-1,1,1,1,-1,-1,1,-1,1,-1,1,1,1,-1,-1,1,-1,1,1,-1,-1,1,1,1,1,1,-1,-1,-1,1,1,-1,1,-1,1,1,1,1,1,1,1,1,-1,1,1,1,1,-1,1,-1,1,-1,1,-1,1,-1,-1,1,-1,-1,1,-1,1,1,-1,1,-1,-1,1,1,1,1,1,1,-1,-1,1,-1,-1,1,-1,1,-1,-300.85169640384635,1
636,-1,-1,1,1,-1,1,1,-1,1,1,1,1,1,-1,-1,1,-1,1,-1,1,1,-1,-1,-1,1,1,1,1,1,-1,-1,-1,-1,1,-1,1,1,1,1,-1,-1,1,1,1,1,1,-1,-1,-1,1,1,-1,1,1,1,-1,-1,-1,1,-1,1,1,-1,1,1,-1,1,-1,-1,1,-1,1,1,1,1,-1,-1,-1,1,1,-1,-1,1,-1,-1,-1,1,-1,1,-1,1,-1,-1,-1,-1,-1,1,-1,1,-1,1,1,-1,1,-1,1,-1,1,1,-1,1,-1,1,1,-1,1,1,-1,-1,-1,-1,-1,1,1,1,1,-1,-1,-1,1,1,1,-1,1,-1,-1,-1,1,1,-1,1,-1,1,-1,-1,-1,1,1,-1,-1,-1,-1,1,1,-1,1,-1,-1,-1,1,1,1,-1,-1,1,-1,1,-1,-1,-1,-1,-1,-1,-1,-1,1,-1,-1,-1,-1,1,-1,1,-1,1,-1,-1,-1,1,1,-1,1,1,-1,1,-1,-1,1,-1,1,1,-1,-1,-1,-1,1,-1,1,1,-1,1,-1,-1,1,-1,1,-300.848010014799,1
637,1,1,-1,-1,1,-1,-1,1,-1,-1,-1,-1,-1,1,1,-1,1,-1,1,-1,-1,1,1,1,-1,-1,-1,-1,-1,1,1,1,1,-1,1,-1,-1,-1,-1,1,1,-1,-1,-1,-1,-1,1,1,1,-1,-1,1,-1,-1,-1,1,1,1,-1,1,-1,-1,1,-1,-1,1,-1,1,1,-1,1,-1,-1,-1,-1,1,1,1,-1,-1,1,1,-1,1,1,1,-1,1,-1,1,-1,1,1,1,1,1,-1,1,-1,1,-1,-1,1,-1,1,-1,1,-1,-1,1,-1,1,-1,-1,1,-1,-1,1,1,1,1,1,-1,-1,-1,-1,1,1,1,-1,-1,-1,1,-1,1,1,1,-1,-1,1,-1,1,-1,1,1,1,-1,-1,1,1,1,1,-1,-1,1,-1,1,1,1,-1,-1,-1,1,1,-1,1,-1,1,1,1,1,1,1,1,1,-1,1,1,1,1,-1,1,-1,1,-1,1,1,1,-1,-1,1,-1,-1,1,-1,1,1,-1,1,-1,-1,1,1,1,1,-1,1,-1,-1,1,-1,1,1,-1,1,-1,-300.848010014799,1
638,-1,-1,1,1,-1,1,1,-1,1,1,1,1,1,-1,-1,1,-1,1,-1,1,1,-1,-1,-1,1,1,1,1,1,-1,-1,-1,-1,1,-1,-1,1,1,-1,-1,-1,1,1,1,1,1,-1,-1,-1,1,1,-1,1,1,1,-1,-1,-1,1,-1,1,1,-1,1,1,-1,1,-1,-1,-1,-1,1,1,1,1,-1,-1,-1,1,1,1,-1,1,-1,-1,-1,1,1,1,-1,1,-1,-1,-1,-1,-1,1,-1,1,-1,1,1,-1,1,-1,1,-1,1,1,-1,1,-1,1,1,-1,-1,1,-1,-1,-1,-1,-1,1,1,1,1,-1,-1,-1,1,1,1,-1,1,-1,-1,-1,1,1,-1,1,-1,1,-1,-1,-1,1,1,-1,-1,-1,-1,1,1,-1,1,-1,-1,-1,1,1,1,-1,-1,1,-1,1,-1,-1,-1,-1,-1,-1,-1,-1,1,-1,-1,-1,-1,1,-1,1,-1,1,-1,-1,-1,1,-1,1,1,1,-1,1,-1,-1,1,-1,1,1,-1,-1,-1,-1,1,-1,1,1,-1,1,1,1,1,-1,1,-300.84729863536313,1
639,-1,-1,1,1,-1,1,1,-1,1,1,1,1,1,-1,-1,1,-1,1,-1,1,1,-1,-1,-1,1,1,1,1,1,-1,1,-1,-1,1,-1,-1,1,1,-1,-1,-1,1,1,1,1,1,-1,-1,-1,1,1,-1,1,1,1,-1,-1,-1,1,-1,1,1,-1,1,1,-1,-1,-1,-1,-1,-1,1,1,1,1,-1,-1,-1,1,1,1,-1,1,-1,-1,-1,1,-1,1,-1,1,-1,-1,-1,-1,-1,1,-1,1,-1,1,1,-1,1,-1,1,-1,1,1,-1,1,-1,1,1,-1,-1,1,-1,-1,-1,-1,-1,1,1,1,1,-1,-1,-1,1,1,1,-1,1,-1,-1,-1,1,1,-1,1,-1,1,-1,-1,-1,1,1,-1,-1,-1,-1,1,1,-1,1,-1,-1,-1,1,1,1,-1,-1,1,-1,1,-1,-1,-1,-1,-1,-1,-1,-1,1,-1,-1,-1,-1,1,-1,1,-1,1,-1,-1,-1,1,-1,1,1,1,-1,1,-1,-1,1,-1,1,1,-1,-1,-1,-1,1,-1,1,1,-1,1,1,-1,1,-1,1,-300.8417053065546,1
640,1,-1,1,-1,-1,1,-1,-1,1,-1,1,1,1,1,1,1,-1,-1,-1,1,1,1,1,1,1,1,1,-1,1,-1,-1,-1,-1,1,1,1,1,1,1,1,-1,1,-1,-1,1,-1,-1,1,-1,-1,-1,-1,-1,-1,-1,1,1,1,-1,1,-1,-1,1,-1,-1,1,-1,-1,1,1,-1,-1,-1,-1,-1,1,1,1,-1,-1,1,1,-1,1,-1,1,1,-1,-1,1,-1,1,1,-1,1,1,-1,-1,-1,1,1,1,1,-1,1,-1,-1,1,1,1,-1,-1,-1,-1,1,1,1,-1,1,1,1,1,-1,1,1,-1,1,1,-1,-1,-1,1,-1,-1,-1,-1,1,-1,-1,-1,1,1,-1,1,1,1,-1,-1,1,1,1,1,-1,1,1,1,-1,1,1,1,1,1,-1,1,-1,-1,-1,1,-1,1,1,-1,1,1,-1,-1,1,-1,-1,-1,-1,1,-1,1,-1,-1,-1,1,1,-1,1,-1,1,1,-1,1,1,1,1,-1,-1,1,1,1,-1,1,1,-1,-1,1,1,-1,1,1,-1,-1,-300.8361590596536,3
641,-1,1,-1,1,1,-1,1,1,-1,1,-1,-1,-1,-1,-1,-1,1,1,1,-1,-1,-1,-1,-1,-1,-1,-1,1,-1,1,1,1,1,-1,-1,-1,-1,-1,-1,-1,1,-1,1,1,-1,1,1,-1,1,1,1,1,1,1,1,-1,-1,-1,1,-1,1,1,-1,1,1,-1,1,1,-1,-1,1,1,1,1,1,-1,-1,-1,1,1,-1,-1,1,-1,1,-1,-1,1,1,-1,1,-1,-1,1,-1,-1,1,1,1,-1,-1,-1,-1,1,-1,1,1,-1,-1,-1,1,1,1,1,-1,-1,-1,1,-1,-1,-1,-1,1,-1,-1,1,-1,-1,1,1,1,-1,1,1,1,1,-1,1,1,1,-1,-1,1,-1,-1,-1,1,1,-1,-1,-1,-1,1,-1,-1,-1,1,-1,-1,-1,-1,-1,1,-1,1,1,1,-1,1,-1,-1,1,-1,-1,1,1,-1,1,1,1,1,-1,1,-1,1,1,1,-1,-1,1,-1,1,-1,-1,1,-1,-1,-1,-1,1,1,-1,-1,-1,1,-1,-1,1,1,-1,-1,1,-1,-1,1,1,-300.8361590596536,5
642,-1,-1,-1,1,-1,1,1,-1,1,1,1,1,1,-1,-1,1,-1,1,-1,1,1,-1,-1,-1,1,1,1,1,1,-1,-1,-1,-1,1,-1,-1,1,1,-1,-1,-1,1,1,1,1,1,-1,-1,-1,1,1,-1,1,1,1,-1,-1,-1,1,-1,1,1,-1,1,1,-1,-1,-1,-1,-1,-1,1,1,1,1,-1,-1,-1,-1,1,-1,1,1,-1,-1,-1,-1,1,1,-1,1,-1,-1,-1,-1,-1,-1,-1,1,1,1,-1,-1,1,-1,-1,1,-1,1,-1,-1,-1,1,-1,-1,-1,1,-1,-1,1,-1,-1,-1,1,1,-1,-1,-1,1,1,1,-1,-1,1,-1,-1,-1,1,1,-1,1,-1,1,1,-1,-1,1,1,-1,-1,-1,-1,1,1,-1,-1,-1,-1,-1,1,1,-1,-1,-1,1,-1,1,-1,-1,-1,-1,-1,-1,-1,-1,1,-1,-1,-1,-1,1,-1,1,-1,1,1,-1,-1,-1,-1,-1,1,1,-1,1,-1,-1,-1,-1,1,1,-1,-1,-1,1,1,-1,1,1,-1,-1,1,-1,1,-1,-1,-300.8344608890036,1
643,1,1,-1,-1,1,-1,-1,1,-1,-1,-1,-1,-1,1,1,-1,1,-1,1,-1,-1,1,1,1,-1,-1,-1,-1,-1,1,1,1,1,-1,1,-1,-1,-1,-1,1,1,-1,-1,-1,1,-1,1,1,1,-1,-1,1,-1,-1,-1,1,1,1,-1,1,-1,-1,1,-1,-1,1,1,1,1,1,1,-1,-1,-1,-1,1,1,1,-1,-1,1,1,-1,1,1,1,1,-1,-1,1,-1,1,1,1,1,1,-1,1,-1,1,-1,-1,1,-1,1,-1,1,-1,-1,1,-1,1,-1,-1,1,1,-1,1,1,1,1,1,-1,-1,-1,-1,1,1,1,-1,-1,-1,1,-1,1,1,1,-1,-1,1,-1,1,-1,1,1,1,-1,-1,1,1,1,1,-1,-1,1,-1,1,1,1,-1,-1,1,1,1,-1,1,-1,1,1,1,1,1,1,1,1,-1,1,1,1,1,-1,1,-1,1,-1,1,1,1,-1,-1,1,-1,-1,1,-1,1,1,-1,1,-1,-1,1,1,1,1,-1,1,-1,-1,1,-1,1,1,-1,-1,-1,-300.8340766826786,1
644,1,1,-1,-1,1,-1,-1,1,-1,-1,-1,-1,-1,1,1,-1,1,-1,1,-1,-1,1,1,1,-1,-1,-1,-1,-1,1,1,1,1,-1,1,1,-1,-1,1,1,1,-1,-1,-1,-1,-1,1,1,1,-1,-1,1,-1,-1,-1,1,1,1,-1,1,-1,-1,1,-1,-1,1,-1,1,1,1,1,-1,-1,-1,-1,1,1,1,-1,-1,-1,1,-1,1,1,1,-1,-1,-1,1,1,-1,1,1,-1,1,1,1,-1,-1,-1,-1,1,-1,1,1,1,-1,-1,1,1,1,-1,1,1,1,-1,1,1,-1,1,1,1,-1,-1,1,1,1,1,-1,-1,-1,1,-1,1,1,1,-1,-1,1,-1,1,-1,1,1,1,-1,-1,1,-1,1,1,-1,-1,1,1,1,1,1,-1,-1,-1,1,1,-1,1,-1,1,1,1,1,1,1,1,1,-1,1,1,1,1,-1,1,-1,1,-1,1,1,1,-1,1,-1,-1,-1,1,-1,1,1,-1,1,-1,-1,1,1,1,1,-1,1,-1,-1,1,-1,-1,1,-1,1,-1,-300.83288788227037,1
645,-1,-1,1,1,-1,1,1,-1,1,1,1,1,1,-1,-1,1,-1,1,-1,1,1,-1,-1,-1,1,1,1,1,1,-1,-1,-1,-1,1,-1,-1,1,1,-1,-1,-1,1,1,1,1,1,-1,-1,-1,1,1,-1,1,1,1,-1,-1,-1,1,-1,1,1,-1,1,1,-1,-1,-1,-1,-1,-1,1,1,1,1,-1,-1,-1,1,1,1,-1,1,-1,-1,-1,1,1,1,-1,1,-1,-1,-1,-1,-1,1,-1,1,-1,1,1,-1,1,-1,1,-1,1,1,-1,1,-1,1,1,-1,-1,1,-1,-1,-1,-1,-1,1,1,1,1,-1,-1,-1,1,1,1,-1,1,-1,-1,-1,1,1,-1,1,-1,1,-1,-1,-1,1,1,-1,-1,-1,-1,1,1,-1,1,-1,-1,-1,1,1,1,-1,-1,1,-1,1,-1,-1,-1,-1,-1,-1,-1,-1,1,-1,-1,-1,-1,1,-1,1,-1,1,-1,-1,-1,1,-1,1,1,1,-1,1,-1,-1,1,-1,-1,-1,-1,-1,-1,-1,1,-1,1,1,-1,1,1,-1,1,-1,1,-300.83288265457384,1
646,1,1,-1,-1,1,-1,-1,1,-1,-1,-1,-1,-1,1,1,-1,1,-1,1,-1,-1,1,1,1,-1,-1,-1,-1,-1,1,1,1,1,-1,1,1,-1,-1,1,1,1,-1,-1,-1,-1,-1,1,1,1,-1,-1,1,-1,-1,-1,1,1,1,-1,1,-1,-1,1,-1,-1,1,1,1,1,1,-1,-1,-1,-1,-1,1,1,1,-1,-1,1,1,-1,1,-1,1,1,1,-1,1,-1,1,1,-1,1,1,-1,-1,-1,1,1,1,1,-1,1,-1,-1,1,-1,1,-1,1,1,-1,1,1,1,1,1,1,1,1,-1,-1,-1,-1,1,1,-1,-1,-1,1,1,-1,-1,1,1,-1,-1,1,-1,1,-1,1,1,1,-1,-1,1,1,1,1,-1,-1,1,1,1,1,1,-1,-1,1,1,1,-1,1,-1,1,1,1,1,1,1,1,1,-1,1,1,1,1,-1,1,-1,1,-1,-1,1,1,1,1,1,-1,-1,1,-1,1,1,1,1,-1,-1,1,1,1,1,-1,1,-1,-1,1,-1,-1,1,-1,1,-1,-300.8276327054043,1
647,-1,-1,1,1,-1,1,1,-1,1,1,1,1,1,-1,-1,1,-1,1,-1,1,1,-1,-1,-1,1,1,1,1,1,-1,-1,-1,-1,1,-1,-1,1,1,-1,-1,-1,-1,1,1,1,1,-1,-1,-1,1,1,-1,1,1,1,-1,-1,-1,1,-1,1,1,-1,1,1,-1,1,-1,-1,1,-1,1,1,1,1,-1,-1,-1,1,1,-1,-1,1,-1,-1,-1,1,-1,1,-1,1,-1,-1,-1,-1,-1,1,-1,1,-1,1,1,-1,1,-1,1,-1,1,1,-1,1,-1,1,1,-1,1,1,-1,-1,-1,-1,-1,1,1,1,1,-1,-1,-1,1,1,1,-1,1,-1,-1,-1,1,1,-1,1,-1,1,-1,-1,-1,1,1,-1,-1,-1,-1,1,1,-1,1,-1,-1,-1,1,1,1,-1,-1,1,-1,1,-1,-1,-1,-1,-1,-1,-1,-1,1,-1,-1,-1,-1,1,-1,1,-1,1,-1,-1,-1,1,-1,1,1,1,-1,1,-1,-1,1,-1,1,1,-1,-1,-1,-1,-1,-1,1,1,-1,1,1,-1,1,-1,1,-300.8247507513743,1
648,1,1,-1,-1,1,-1,-1,1,-1,-1,-1,-1,-1,1,1,-1,1,-1,1,-1,-1,1,1,1,-1,-1,-1,-1,-1,1,1,1,1,-1,1,1,-1,-1,1,1,1,1,-1,-1,-1,-1,1,1,1,-1,-1,1,-1,-1,-1,1,1,1,-1,1,-1,-1,1,-1,-1,1,1,1,1,1,1,-1,-1,-1,-1,1,1,1,-1,-1,-1,1,-1,1,1,1,-1,1,-1,1,-1,1,1,1,1,1,-1,1,-1,1,-1,-1,1,-1,1,-1,1,-1,-1,1,-1,1,1,-1,1,1,-1,1,1,-1,1,1,-1,-1,-1,-1,1,1,1,-1,-1,-1,1,-1,1,1,1,-1,-1,1,-1,1,-1,1,1,1,-1,-1,1,1,1,1,-1,-1,1,-1,1,1,1,-1,-1,1,1,1,-1,1,-1,1,1,1,1,1,1,1,1,-1,1,1,1,1,-1,1,-1,1,-1,1,1,1,-1,1,-1,-1,-1,1,-1,1,1,-1,-1,1,1,1,1,1,1,1,1,-1,-1,1,-1,-1,1,-1,1,-1,-300.824121343204,1
649,-1,1,-1,1,1,-1,1,1,-1,1,-1,-1,1,-1,-1,1,-1,1,-1,1,-1,-1,-1,-1,1,1,-1,1,1,1,-1,1,1,1,-1,-1,1,1,-1,-1,1,-1,1,1,-1,1,1,-1,-1,1,1,-1,1,1,1,-1,-1,-1,1,-1,1,1,-1,1,1,-1,-1,-1,-1,-1,-1,1,1,1,1,-1,-1,-1,1,1,-1,-1,1,-1,-1,-1,-1,-1,1,-1,1,-1,-1,-1,-1,-1,1,-1,1,-1,1,-1,-1,1,-1,1,-1,-1,1,-1,1,-1,1,1,-1,-1,1,-1,-1,-1,-1,-1,1,1,1,1,-1,-1,-1,1,1,1,-1,1,-1,-1,-1,1,1,-1,1,-1,1,-1,-1,-1,1,1,-1,-1,-1,-1,1,1,-1,1,1,-1,-1,-1,-1,-1,1,-1,1,1,1,-1,1,-1,-1,1,-1,-1,1,1,-1,1,1,1,1,-1,1,-1,1,1,1,-1,-1,1,-1,1,-1,-1,1,-1,-1,-1,-1,1,1,-1,-1,-1,1,-1,-1,1,1,-1,-1,1,-1,-1,1,1,-300.8182334262906,1
650,1,1,-1,-1,1,-1,-1,1,-1,-1,-1,-1,-1,1,1,-1,1,-1,1,-1,-1,1,1,1,-1,-1,-1,-1,-1,1,1,1,1,-1,1,1,-1,-1,1,1,1,-1,-1,-1,-1,-1,1,1,1,-1,-1,1,-1,-1,-1,1,1,1,-1,1,-1,-1,1,-1,-1,1,1,1,1,1,1,-1,-1,-1,-1,1,1,1,-1,-1,1,1,-1,1,1,1,-1,1,-1,1,-1,1,1,1,1,1,-1,1,-1,1,-1,-1,1,-1,1,-1,1,-1,-1,1,-1,1,1,-1,1,1,-1,1,1,-1,1,1,-1,-1,-1,-1,1,1,1,-1,-1,-1,1,-1,1,1,1,-1,-1,1,-1,1,-1,1,1,1,-1,-1,1,1,1,1,-1,-1,1,-1,1,1,1,-1,-1,1,1,1,-1,1,-1,1,1,1,1,1,1,1,1,-1,1,1,1,1,-1,1,-1,1,-1,1,1,1,-1,1,-1,-1,-1,1,-1,1,1,-1,1,-1,-1,1,1,1,1,-1,1,-1,-1,1,-1,-1,1,-1,1,1,-300.818160829227,1
651,-1,1,-1,1,1,-1,1,1,-1,1,-1,-1,-1,-1,-1,-1,1,1,1,-1,1,-1,-1,-1,-1,-1,-1,1,-1,1,1,1,1,-1,-1,-1,-1,-1,-1,-1,1,-1,1,1,-1,1,1,-1,1,1,1,1,1,1,1,-1,-1,-1,1,-1,1,1,-1,1,1,-1,1,1,-1,-1,1,1,1,1,1,-1,-1,-1,1,1,-1,-1,1,-1,1,-1,-1,1,1,-1,1,-1,-1,1,-1,-1,1,1,1,-1,-1,-1,-1,1,-1,1,1,-1,-1,-1,1,1,1,1,-1,-1,-1,1,-1,-1,-1,-1,1,-1,-1,1,-1,-1,1,1,1,-1,1,1,1,1,-1,1,1,1,-1,-1,1,-1,-1,-1,1,1,-1,-1,-1,-1,1,-1,-1,-1,1,-1,-1,-1,-1,-1,1,-1,1,1,1,-1,1,-1,-1,1,-1,-1,1,1,-1,-1,-1,-1,1,-1,1,-1,1,1,1,-1,-1,1,-1,1,-1,-1,1,-1,-1,-1,-1,1,1,-1,-1,-1,1,-1,-1,1,1,-1,-1,1,-1,-1,1,1,-300.81772703070243,2
652,1,-1,1,-1,-1,1,-1,-1,1,-1,1,1,1,1,1,1,-1,-1,-1,1,-1,1,1,1,1,1,1,-1,1,-1,-1,-1,-1,1,1,1,1,1,1,1,-1,1,-1,-1,1,-1,-1,1,-1,-1,-1,-1,-1,-1,-1,1,1,1,-1,1,-1,-1,1,-1,-1,1,-1,-1,1,1,-1,-1,-1,-1,-1,1,1,1,-1,-1,1,1,-1,1,-1,1,1,-1,-1,1,-1,1,1,-1,1,1,-1,-1,-1,1,1,1,1,-1,1,-1,-1,1,1,1,-1,-1,-1,-1,1,1,1,-1,1,1,1,1,-1,1,1,-1,1,1,-1,-1,-1,1,-1,-1,-1,-1,1,-1,-1,-1,1,1,-1,1,1,1,-1,-1,1,1,1,1,-1,1,1,1,-1,1,1,1,1,1,-1,1,-1,-1,-1,1,-1,1,1,-1,1,1,-1,-1,1,1,1,1,-1,1,-1,1,-1,-1,-1,1,1,-1,1,-1,1,1,-1,1,1,1,1,-1,-1,1,1,1,-1,1,1,-1,-1,1,1,-1,1,1,-1,-1,-300.81772703070243,1
653,-1,-1,1,1,-1,1,1,-1,1,1,1,1,1,-1,-1,1,-1,1,-1,1,1,-1,-1,-1,1,1,1,1,1,-1,-1,-1,-1,1,-1,-1,1,1,-1,-1,-1,-1,1,1,1,1,-1,-1,-1,1,1,-1,1,1,1,-1,-1,-1,1,-1,1,1,-1,1,1,-1,-1,-1,-1,-1,-1,1,1,1,1,-1,-1,-1,1,1,1,-1,1,-1,-1,-1,1,-1,1,-1,1,1,-1,-1,1,-1,1,-1,1,-1,1,1,-1,1,-1,1,-1,1,1,-1,1,-1,-1,1,-1,-1,1,-1,-1,-1,-1,-1,1,1,1,1,-1,-1,-1,1,1,1,-1,1,-1,-1,-1,1,1,-1,1,-1,1,-1,-1,-1,1,1,-1,1,-1,-1,1,1,-1,-1,-1,-1,-1,1,1,1,-1,-1,1,-1,1,-1,-1,-1,-1,-1,-1,-1,-1,1,-1,-1,-1,-1,1,-1,1,-1,1,-1,-1,-1,1,-1,1,1,1,-1,1,-1,-1,1,1,-1,-1,-1,-1,-1,-1,1,-1,1,1,-1,1,1,-1,1,-1,1,-300.8158490148644,1
654,-1,-1,1,1,-1,1,1,-1,1,1,1,1,1,-1,-1,1,-1,1,-1,1,1,-1,-1,-1,1,1,1,1,1,-1,-1,-1,-1,1,-1,-1,1,1,-1,-1,-1,-1,1,1,1,1,-1,-1,-1,1,1,-1,1,1,1,-1,-1,-1,1,-1,1,1,-1,1,1,-1,-1,-1,-1,-1,-1,1,1,1,1,-1,-1,-1,1,1,-1,-1,1,-1,-1,-1,1,1,1,-1,-1,1,-1,-1,1,-1,-1,-1,1,1,1,1,-1,1,-1,-1,-1,1,1,-1,-1,-1,1,-1,-1,-1,1,-1,-1,1,-1,-1,-1,1,1,-1,-1,-1,-1,1,1,1,-1,1,-1,-1,-1,1,1,-1,1,-1,1,-1,-1,-1,1,1,-1,1,-1,-1,1,1,-1,-1,-1,-1,-1,1,1,1,-1,-1,1,-1,1,-1,-1,-1,-1,-1,-1,-1,-1,1,-1,-1,-1,-1,1,-1,1,-1,1,-1,-1,-1,1,-1,1,1,1,-1,1,-1,-1,1,-1,1,1,-1,-1,-1,-1,-1,-1,1,1,-1,1,1,-1,1,-1,-1,-300.8115470518204,1
655,1,1,-1,-1,1,-1,-1,1,-1,-1,-1,-1,-1,1,1,-1,1,-1,1,-1,-1,1,1,1,-1,-1,-1,-1,-1,1,1,1,1,-1,1,1,-1,-1,1,1,1,-1,-1,-1,-1,-1,1,1,1,-1,1,1,-1,1,-1,1,1,1,-1,1,-1,-1,1,-1,-1,1,1,1,1,1,1,-1,-1,-1,-1,1,1,1,-1,-1,1,1,-1,1,1,1,1,1,-1,1,-1,1,1,1,1,1,-1,1,-1,1,-1,1,1,-1,1,-1,1,1,-1,1,-1,1,-1,-1,1,1,-1,1,1,1,1,1,-1,-1,-1,-1,1,1,1,-1,-1,-1,1,-1,1,1,1,-1,-1,1,-1,1,-1,1,1,1,-1,-1,1,1,1,1,-1,-1,1,-1,1,1,1,-1,-1,1,1,1,-1,1,-1,1,1,1,1,1,1,1,1,-1,1,1,1,1,-1,1,-1,1,-1,-1,1,1,1,1,1,-1,-1,1,-1,1,1,1,1,-1,-1,1,1,1,1,-1,1,-1,-1,1,-1,-1,1,-1,1,-1,-300.80956175954094,1
656,1,1,-1,-1,1,-1,-1,1,-1,-1,-1,-1,-1,1,1,-1,1,-1,1,-1,-1,1,1,1,-1,-1,-1,-1,-1,1,1,1,1,-1,1,1,-1,-1,1,1,1,-1,-1,-1,-1,-1,1,1,1,-1,-1,1,-1,-1,-1,1,1,1,-1,1,-1,-1,1,-1,-1,1,1,1,1,1,1,-1,-1,-1,-1,1,1,1,-1,-1,1,1,-1,1,1,1,-1,1,-1,1,-1,1,1,1,1,1,-1,1,-1,1,-1,-1,1,-1,1,-1,1,-1,-1,1,-1,1,-1,-1,1,1,-1,1,1,-1,1,1,-1,-1,-1,-1,1,1,1,-1,-1,-1,1,-1,1,1,1,-1,-1,1,-1,1,-1,1,1,1,-1,-1,1,1,1,1,-1,-1,1,-1,1,1,1,-1,-1,1,1,1,-1,1,-1,1,1,1,1,1,1,1,1,-1,1,1,1,1,-1,1,-1,1,-1,1,1,1,-1,1,-1,-1,-1,1,-1,1,1,-1,1,-1,-1,1,1,1,1,-1,1,-1,-1,1,-1,-1,1,-1,1,1,-300.809262251342,1
657,-1,1,-1,1,1,-1,1,1,-1,1,-1,-1,-1,-1,-1,-1,1,1,1,-1,-1,-1,-1,-1,-1,-1,1,1,-1,1,1,1,1,-1,-1,1,-1,-1,1,-1,1,1,1,1,-1,1,1,-1,1,1,1,1,1,1,1,-1,-1,-1,1,-1,1,1,-1,1,1,-1,1,1,-1,-1,1,1,1,1,1,-1,-1,-1,1,1,-1,-1,1,-1,1,-1,-1,1,1,-1,1,-1,-1,1,-1,-1,1,1,1,-1,-1,-1,-1,1,-1,1,1,-1,-1,-1,1,1,1,1,-1,-1,-1,1,-1,-1,-1,-1,1,-1,-1,1,-1,-1,1,1,1,-1,1,1,1,1,-1,1,1,1,-1,-1,1,-1,-1,-1,1,1,-1,-1,-1,-1,1,-1,-1,-1,1,-1,-1,-1,-1,-1,1,-1,1,1,1,-1,1,1,-1,1,-1,-1,1,1,-1,1,1,1,1,-1,1,1,1,1,-1,-1,-1,1,-1,1,-1,-1,1,-1,-1,-1,-1,1,1,1,-1,-1,1,1,-1,1,1,-1,-1,-1,-1,-1,1,1,-300.805714001764,1
658,1,-1,1,-1,-1,1,-1,-1,1,-1,1,1,1,1,1,1,-1,1,-1,1,1,1,1,1,1,1,-1,-1,1,-1,-1,-1,-1,1,1,-1,1,1,-1,1,-1,-1,-1,-1,1,-1,-1,1,-1,-1,-1,-1,-1,-1,-1,1,1,1,-1,1,-1,-1,1,-1,-1,1,-1,-1,1,1,-1,-1,-1,-1,-1,1,1,1,-1,-1,1,1,-1,1,-1,1,1,-1,-1,1,-1,1,1,-1,1,1,-1,-1,-1,1,1,1,1,-1,1,-1,-1,1,1,1,-1,-1,-1,-1,1,1,-1,-1,1,1,1,1,-1,1,1,-1,1,1,-1,-1,-1,1,-1,-1,-1,-1,1,-1,-1,-1,-1,1,-1,1,1,1,-1,-1,1,1,1,1,-1,1,1,1,-1,1,1,1,1,1,-1,1,-1,-1,-1,1,-1,-1,1,-1,1,1,-1,-1,1,-1,-1,-1,-1,1,-1,-1,-1,-1,1,1,1,-1,1,-1,1,1,-1,1,1,1,1,-1,-1,-1,1,1,-1,-1,1,-1,-1,1,1,1,1,1,-1,-1,-300.80430162962443,1
659,-1,1,-1,1,1,-1,1,1,-1,1,-1,-1,-1,-1,-1,-1,1,-1,1,-1,-1,-1,-1,-1,-1,-1,1,1,-1,1,1,1,1,-1,-1,1,-1,-1,1,-1,1,1,1,1,-1,1,1,-1,1,1,1,1,1,1,1,-1,-1,-1,1,-1,1,1,-1,1,1,-1,1,1,-1,-1,1,1,1,1,1,-1,-1,-1,1,1,-1,-1,1,-1,1,-1,-1,1,1,-1,1,-1,-1,1,-1,-1,1,1,1,-1,-1,-1,-1,1,-1,1,1,-1,-1,-1,1,1,1,1,-1,-1,1,1,-1,-1,-1,-1,1,-1,-1,1,-1,-1,1,1,1,-1,1,1,1,1,-1,1,1,1,1,-1,1,-1,-1,-1,1,1,-1,-1,-1,-1,1,-1,-1,-1,1,-1,-1,-1,-1,-1,1,-1,1,1,1,-1,1,1,-1,1,-1,-1,1,1,-1,1,1,1,1,-1,1,1,1,1,-1,-1,-1,1,-1,1,-1,-1,1,-1,-1,-1,-1,1,1,1,-1,-1,1,1,-1,1,1,-1,-1,-1,-1,-1,1,1,-300.80430162962443,4
660,-1,1,-1,1,1,-1,1,1,-1,1,-1,-1,1,-1,-1,1,1,1,-1,1,-1,-1,-1,-1,1,1,-1,1,1,1,-1,-1,1,1,-1,-1,1,1,-1,-1,1,-1,1,1,-1,1,1,-1,-1,1,1,-1,1,1,1,-1,-1,-1,1,-1,1,1,-1,1,1,-1,1,1,-1,-1,1,1,1,1,1,-1,-1,-1,1,1,-1,-1,1,-1,1,-1,-1,1,1,-1,1,-1,-1,1,-1,-1,1,1,1,-1,-1,-1,1,1,-1,1,1,-1,1,-1,1,-1,-1,1,-1,-1,-1,-1,-1,-1,-1,-1,1,1,1,1,-1,-1,1,1,1,-1,-1,1,1,-1,-1,1,1,-1,1,-1,1,-1,-1,-1,1,1,-1,-1,-1,-1,1,1,-1,-1,-1,-1,-1,-1,-1,-1,1,-1,1,1,1,-1,1,-1,-1,1,-1,-1,1,1,-1,1,1,1,1,-1,1,-1,1,1,1,-1,-1,1,-1,1,-1,-1,1,-1,-1,-1,-1,1,1,-1,-1,-1,1,-1,-1,1,1,-1,-1,1,-1,-1,1,-1,-300.79875130099185,1
661,-1,-1,1,1,-1,1,1,-1,1,1,1,1,1,-1,1,1,-1,1,-1,1,1,-1,-1,-1,1,1,1,1,1,-1,-1,-1,-1,1,-1,-1,1,1,-1,-1,-1,1,1,1,1,1,-1,-1,-1,1,1,-1,1,1,1,-1,-1,-1,1,-1,1,1,-1,1,1,-1,-1,-1,-1,-1,-1,1,1,1,1,-1,-1,-1,1,1,-1,-1,1,-1,-1,-1,1,-1,1,-1,1,-1,-1,-1,-1,-1,1,-1,1,-1,1,1,-1,1,-1,1,-1,1,1,-1,1,-1,-1,1,-1,-1,1,-1,-1,-1,-1,-1,1,1,1,1,-1,-1,-1,1,1,1,-1,1,-1,-1,-1,1,1,-1,1,-1,1,-1,-1,-1,1,1,-1,-1,-1,-1,1,1,-1,1,-1,-1,-1,1,1,-1,-1,-1,1,-1,1,-1,-1,-1,-1,-1,-1,-1,-1,1,-1,-1,-1,-1,1,-1,1,-1,1,-1,-1,-1,1,-1,1,1,1,-1,1,-1,-1,1,-1,1,1,-1,-1,-1,-1,1,-1,1,1,-1,1,1,-1,1,-1,-1,-300.7925487193884,1
662,-1,1,-1,1,1,-1,1,1,-1,1,-1,-1,1,-1,-1,1,1,1,-1,1,-1,-1,-1,-1,1,1,-1,1,1,1,-1,-1,1,1,-1,-1,1,1,-1,-1,1,-1,1,1,-1,1,1,-1,-1,1,1,-1,1,1,1,-1,-1,-1,1,-1,1,1,-1,1,1,-1,-1,-1,-1,-1,-1,1,1,1,1,-1,-1,-1,1,1,-1,-1,1,-1,1,-1,-1,1,1,-1,1,-1,-1,-1,-1,-1,1,1,1,-1,-1,-1,-1,1,-1,-1,1,-1,1,-1,1,-1,1,1,-1,-1,1,-1,1,1,-1,-1,1,1,1,1,-1,-1,1,1,1,-1,-1,1,-1,-1,-1,1,1,-1,1,-1,1,-1,-1,-1,1,1,-1,-1,-1,-1,1,1,-1,-1,-1,-1,-1,-1,-1,-1,1,-1,1,1,1,-1,1,-1,-1,1,-1,-1,1,1,-1,1,1,1,1,-1,1,-1,1,1,1,-1,-1,1,-1,1,-1,-1,1,-1,-1,-1,-1,1,1,-1,-1,-1,1,-1,-1,1,1,-1,-1,1,-1,-1,1,-1,-300.77984741839043,1
663,-1,1,-1,1,1,-1,1,1,-1,1,-1,-1,1,-1,-1,1,1,1,-1,1,-1,-1,-1,-1,1,1,-1,1,1,1,-1,-1,1,1,-1,-1,1,1,-1,-1,1,-1,1,1,-1,1,1,-1,-1,1,1,-1,1,1,-1,-1,-1,1,1,-1,1,1,-1,1,1,-1,-1,-1,-1,1,-1,1,1,1,1,-1,-1,-1,-1,1,-1,1,1,-1,1,-1,-1,1,1,-1,1,-1,-1,-1,-1,-1,-1,-1,1,1,1,-1,-1,1,-1,-1,1,-1,1,1,-1,-1,1,-1,-1,-1,1,-1,1,1,-1,-1,-1,1,1,-1,-1,1,1,1,1,-1,-1,1,-1,-1,1,1,1,-1,1,-1,1,1,-1,-1,1,1,-1,-1,-1,-1,1,1,-1,-1,-1,-1,-1,-1,-1,-1,1,-1,1,1,1,-1,1,-1,-1,1,-1,-1,1,1,-1,1,1,1,1,-1,1,-1,1,1,1,-1,-1,1,-1,1,-1,-1,1,-1,-1,-1,-1,1,1,-1,-1,-1,1,-1,-1,1,1,-1,-1,1,-1,-1,1,1,-300.7779423829254,1
664,-1,1,-1,1,1,-1,1,1,-1,1,-1,-1,-1,-1,-1,-1,1,1,1,-1,-1,-1,-1,-1,-1,-1,-1,1,-1,1,1,1,1,-1,-1,-1,1,1,-1,-1,1,-1,1,1,-1,1,1,-1,1,1,1,1,1,1,1,-1,-1,-1,1,-1,1,1,-1,1,1,-1,1,1,-1,-1,1,1,1,1,1,-1,-1,-1,1,1,-1,-1,1,-1,1,-1,-1,1,1,-1,1,-1,-1,1,-1,-1,1,1,1,-1,-1,-1,-1,1,-1,1,1,-1,-1,-1,1,1,1,1,-1,-1,-1,1,-1,-1,-1,-1,1,-1,-1,1,-1,-1,1,1,1,-1,1,1,1,1,-1,1,1,-1,1,-1,1,-1,-1,-1,1,1,-1,-1,-1,-1,1,-1,-1,-1,1,-1,-1,-1,-1,-1,1,-1,1,1,1,-1,1,-1,-1,1,-1,-1,1,1,-1,1,1,1,1,-1,1,-1,1,1,1,-1,-1,1,-1,1,-1,-1,1,-1,-1,-1,-1,1,1,-1,-1,-1,1,-1,-1,1,1,-1,-1,1,-1,-1,1,-1,-300.7767187112288,1
665,-1,-1,1,1,-1,1,1,-1,1,1,1,1,1,-1,-1,1,-1,1,-1,1,1,-1,-1,-1,1,1,1,1,1,-1,-1,-1,-1,1,-1,-1,1,1,-1,-1,-1,-1,1,1,1,1,-1,-1,-1,1,1,-1,1,1,1,-1,-1,-1,1,-1,1,1,-1,1,1,-1,-1,-1,-1,-1,-1,1,1,1,1,-1,-1,-1,1,1,-1,-1,1,-1,-1,-1,1,-1,1,-1,1,1,-1,-1,1,-1,1,-1,1,-1,1,1,-1,1,-1,1,-1,1,1,-1,1,-1,-1,1,-1,-1,1,-1,-1,-1,-1,-1,1,1,1,1,-1,-1,-1,1,1,1,-1,1,-1,-1,-1,1,1,-1,1,-1,1,-1,-1,-1,1,1,-1,1,-1,-1,1,1,-1,-1,-1,-1,-1,1,1,1,-1,-1,1,-1,1,-1,-1,-1,-1,-1,-1,-1,-1,1,-1,-1,-1,-1,1,-1,1,-1,1,-1,-1,-1,1,-1,1,1,1,-1,1,-1,-1,1,-1,1,1,-1,-1,-1,-1,-1,-1,1,1,-1,1,1,-1,1,-1,1,-300.775868550144,1
666,-1,1,-1,1,1,-1,1,1,-1,1,-1,-1,-1,-1,-1,-1,1,-1,1,-1,-1,-1,-1,-1,-1,-1,1,1,-1,1,1,1,1,-1,-1,1,-1,-1,1,-1,1,1,1,1,-1,1,1,-1,1,1,1,1,1,1,1,-1,-1,-1,1,-1,1,1,-1,1,1,-1,1,1,-1,-1,1,1,1,1,1,-1,-1,-1,1,1,-1,-1,1,-1,1,-1,-1,1,1,-1,1,-1,-1,1,-1,-1,1,1,1,-1,-1,-1,1,1,-1,1,1,-1,-1,-1,1,1,1,1,-1,-1,-1,1,-1,-1,-1,-1,1,-1,-1,1,-1,-1,1,1,1,-1,1,1,1,1,-1,1,1,1,1,-1,1,-1,-1,-1,1,1,-1,-1,-1,-1,1,-1,-1,-1,1,-1,-1,-1,-1,-1,1,-1,1,1,1,-1,1,1,-1,1,-1,-1,1,1,-1,1,1,1,1,-1,1,1,1,1,-1,-1,-1,1,-1,1,-1,-1,1,-1,-1,-1,-1,1,1,1,-1,-1,1,1,-1,1,1,-1,-1,-1,-1,-1,1,-1,-300.76982344392167,2
667,1,-1,1,-1,-1,1,-1,-1,1,-1,1,1,1,1,1,1,-1,1,-1,1,1,1,1,1,1,1,-1,-1,1,-1,-1,-1,-1,1,1,-1,1,1,-1,1,-1,-1,-1,-1,1,-1,-1,1,-1,-1,-1,-1,-1,-1,-1,1,1,1,-1,1,-1,-1,1,-1,-1,1,-1,-1,1,1,-1,-1,-1,-1,-1,1,1,1,-1,-1,1,1,-1,1,-1,1,1,-1,-1,1,-1,1,1,-1,1,1,-1,-1,-1,1,1,1,-1,-1,1,-1,-1,1,1,1,-1,-1,-1,-1,1,1,1,-1,1,1,1,1,-1,1,1,-1,1,1,-1,-1,-1,1,-1,-1,-1,-1,1,-1,-1,-1,-1,1,-1,1,1,1,-1,-1,1,1,1,1,-1,1,1,1,-1,1,1,1,1,1,-1,1,-1,-1,-1,1,-1,-1,1,-1,1,1,-1,-1,1,-1,-1,-1,-1,1,-1,-1,-1,-1,1,1,1,-1,1,-1,1,1,-1,1,1,1,1,-1,-1,-1,1,1,-1,-1,1,-1,-1,1,1,1,1,1,-1,1,-300.76982344392167,1
668,-1,1,-1,1,1,-1,1,1,-1,1,-1,-1,1,-1,-1,1,1,1,-1,1,-1,-1,-1,-1,1,1,-1,1,1,1,-1,1,1,1,-1,-1,1,1,-1,-1,1,-1,1,1,-1,1,1,-1,-1,1,1,-1,1,1,1,-1,-1,-1,1,-1,1,1,-1,1,1,-1,-1,-1,-1,-1,-1,1,1,1,1,-1,-1,-1,1,1,-1,-1,1,-1,-1,-1,-1,-1,1,-1,1,-1,-1,-1,-1,-1,1,-1,1,-1,1,-1,-1,1,-1,1,-1,-1,1,-1,1,-1,-1,1,-1,-1,1,-1,-1,-1,-1,-1,1,1,1,1,-1,-1,-1,1,1,1,-1,1,-1,-1,-1,1,1,-1,1,-1,1,-1,-1,-1,1,1,-1,-1,-1,-1,1,1,-1,1,-1,-1,-1,-1,-1,-1,1,-1,1,1,1,-1,1,-1,-1,1,-1,-1,1,1,-1,1,1,1,1,-1,1,-1,1,1,1,-1,-1,1,-1,1,-1,-1,1,-1,-1,-1,-1,1,1,-1,-1,-1,1,-1,-1,1,1,-1,-1,1,-1,-1,1,1,-300.7661831706444,1
669,-1,-1,1,1,-1,1,1,-1,1,1,1,1,1,-1,-1,1,-1,1,-1,1,1,-1,-1,-1,1,1,1,1,1,-1,-1,-1,-1,1,-1,1,1,1,1,-1,-1,1,1,1,-1,1,-1,-1,-1,1,1,-1,1,1,1,-1,-1,-1,1,-1,1,1,-1,1,1,-1,-1,-1,-1,-1,-1,1,1,1,1,-1,-1,-1,1,1,-1,-1,1,-1,1,-1,-1,1,1,-1,1,-1,-1,-1,-1,-1,1,1,1,-1,-1,-1,-1,1,-1,-1,1,-1,1,-1,1,-1,-1,1,-1,-1,1,-1,1,1,-1,-1,1,1,1,1,-1,-1,1,1,1,-1,-1,1,-1,-1,-1,1,1,-1,1,-1,1,-1,-1,-1,1,1,-1,-1,-1,-1,1,1,-1,-1,-1,-1,-1,1,1,-1,-1,-1,1,-1,1,-1,-1,-1,-1,-1,-1,-1,-1,1,-1,-1,-1,-1,1,-1,1,-1,1,1,-1,-1,-1,1,-1,1,1,-1,1,-1,-1,-1,-1,1,1,-1,-1,-1,-1,1,-1,1,1,-1,1,-1,-1,1,1,1,-300.7661025211841,1
670,1,1,1,-1,1,-1,-1,1,-1,-1,-1,-1,-1,1,1,-1,1,-1,1,-1,-1,1,1,1,-1,-1,-1,-1,-1,1,1,1,1,-1,1,1,-1,-1,1,1,1,-1,-1,-1,-1,-1,1,1,1,-1,-1,1,-1,-1,-1,1,1,1,-1,1,-1,-1,1,-1,-1,1,-1,1,1,1,1,-1,-1,-1,-1,1,1,1,-1,-1,1,1,-1,1,1,1,-1,1,-1,1,-1,1,1,1,1,1,-1,1,-1,1,-1,-1,1,-1,1,-1,1,-1,-1,1,-1,1,-1,-1,1,1,-1,1,1,1,1,1,-1,-1,-1,-1,1,1,1,-1,-1,-1,1,-1,1,1,1,-1,-1,1,-1,1,-1,1,1,1,-1,-1,1,1,1,1,-1,-1,1,-1,1,1,1,-1,-1,-1,1,1,-1,1,-1,1,1,1,1,1,1,1,1,-1,1,1,1,1,-1,1,-1,1,-1,1,1,1,-1,1,-1,-1,-1,1,-1,1,1,-1,1,-1,-1,1,1,1,-1,-1,1,-1,-1,1,1,-1,1,-1,1,-1,-300.7653551632646,1
671,-1,1,-1,1,1,-1,1,1,-1,1,-1,-1,1,-1,-1,1,1,1,-1,1,1,-1,-1,-1,1,1,-1,1,1,1,-1,-1,1,1,-1,-1,1,1,-1,-1,1,-1,1,1,-1,1,1,-1,-1,1,1,-1,1,1,1,-1,-1,-1,1,-1,1,1,-1,1,1,-1,-1,-1,-1,-1,-1,1,1,1,1,-1,-1,-1,-1,1,-1,1,1,-1,-1,-1,-1,1,1,-1,1,-1,-1,-1,1,-1,1,1,1,-1,-1,-1,-1,1,-1,-1,1,-1,1,-1,1,-1,1,1,-1,-1,1,-1,-1,1,-1,-1,1,1,1,-1,-1,-1,1,1,1,-1,-1,1,-1,-1,-1,1,1,-1,1,-1,1,1,-1,-1,-1,1,-1,-1,-1,-1,-1,1,-1,-1,-1,-1,-1,-1,-1,-1,1,-1,1,1,1,-1,1,-1,-1,1,-1,-1,1,1,-1,1,1,1,1,-1,1,-1,1,1,1,-1,-1,1,-1,1,-1,-1,1,-1,-1,-1,-1,1,1,-1,-1,-1,1,-1,-1,1,1,-1,-1,1,-1,-1,1,1,-300.76445799159853,1
672,1,1,-1,-1,1,-1,-1,1,-1,-1,-1,-1,-1,1,1,-1,1,-1,1,-1,-1,1,1,-1,-1,-1,-1,-1,-1,1,1,1,1,-1,1,1,-1,-1,1,1,1,1,-1,-1,-1,-1,1,1,1,-1,-1,1,-1,-1,-1,1,1,1,-1,1,-1,-1,1,-1,-1,1,1,1,1,1,1,-1,-1,-1,-1,1,1,1,-1,-1,-1,1,-1,1,1,1,-1,1,-1,1,-1,1,1,1,1,1,-1,1,-1,1,-1,-1,1,-1,1,-1,1,-1,-1,1,-1,1,1,-1,1,1,-1,1,1,1,1,1,-1,-1,-1,-1,1,1,1,-1,-1,-1,1,-1,1,1,1,-1,-1,1,-1,1,-1,1,1,1,-1,-1,1,1,1,1,-1,-1,1,-1,1,1,1,-1,-1,1,1,1,-1,1,-1,1,1,1,1,1,1,1,1,-1,1,1,1,1,-1,1,-1,1,-1,1,-1,1,-1,1,-1,-1,-1,1,-1,1,1,-1,-1,1,1,1,1,1,1,1,1,-1,-1,1,-1,-1,1,-1,1,-1,-300.76276357994186,1
673,-1,-1,1,1,-1,1,1,-1,1,1,1,1,1,-1,-1,1,-1,1,-1,1,1,-1,-1,-1,1,1,1,1,1,-1,1,-1,-1,1,-1,-1,1,1,-1,-1,-1,1,1,1,1,1,-1,-1,-1,1,1,-1,1,1,1,-1,-1,-1,1,-1,1,1,-1,1,1,-1,-1,-1,-1,-1,-1,1,1,1,1,-1,-1,-1,1,1,1,-1,1,-1,-1,-1,1,-1,1,-1,1,-1,-1,-1,-1,-1,1,-1,1,-1,1,1,-1,1,-1,1,-1,1,1,-1,1,-1,1,1,-1,-1,1,-1,-1,-1,-1,-1,1,1,1,1,-1,-1,-1,1,1,1,-1,1,-1,-1,-1,1,1,-1,1,-1,1,-1,-1,-1,1,1,-1,-1,-1,-1,1,1,-1,1,-1,-1,-1,1,1,-1,-1,-1,1,-1,1,-1,-1,-1,-1,-1,-1,-1,-1,1,-1,-1,-1,-1,1,-1,1,-1,1,-1,-1,-1,1,-1,1,1,1,-1,1,-1,-1,1,-1,1,1,-1,-1,-1,-1,1,-1,1,1,-1,1,1,-1,1,-1,1,-300.76172383725776,1
674,-1,-1,1,1,-1,1,1,-1,1,1,1,1,1,-1,-1,1,-1,1,-1,1,1,-1,-1,-1,1,1,1,1,1,-1,-1,-1,-1,1,-1,-1,1,1,-1,-1,-1,-1,1,1,1,1,-1,-1,-1,1,1,-1,1,1,1,-1,-1,-1,1,-1,1,1,-1,1,1,-1,1,-1,-1,-1,-1,1,1,1,1,-1,-1,-1,1,1,-1,-1,1,-1,-1,-1,1,-1,1,-1,1,-1,-1,-1,-1,-1,1,-1,1,-1,1,1,-1,1,-1,1,-1,1,1,-1,1,-1,1,1,-1,-1,1,-1,-1,-1,-1,-1,1,1,1,1,-1,-1,-1,1,1,1,-1,1,-1,-1,-1,1,1,-1,1,-1,1,-1,-1,-1,1,1,-1,-1,-1,-1,1,1,-1,1,-1,-1,-1,1,1,-1,-1,-1,1,-1,1,-1,-1,-1,-1,-1,-1,-1,-1,1,-1,-1,-1,-1,1,-1,1,-1,1,-1,-1,-1,1,-1,1,1,1,-1,1,-1,-1,1,-1,1,1,-1,-1,-1,-1,-1,-1,1,1,-1,1,1,-1,1,-1,1,-300.7592544412028,1
675,-1,-1,1,1,-1,1,1,-1,1,1,1,1,1,-1,-1,1,-1,1,-1,1,1,-1,-1,-1,1,1,1,1,1,-1,-1,-1,-1,1,-1,-1,1,1,-1,-1,-1,1,1,1,1,1,-1,-1,-1,1,1,-1,1,1,1,-1,-1,-1,1,-1,1,1,-1,1,1,-1,1,-1,-1,-1,-1,1,1,1,1,-1,-1,-1,1,1,-1,-1,1,-1,-1,-1,1,1,1,-1,1,-1,-1,-1,-1,-1,1,-1,1,-1,1,1,-1,1,-1,1,-1,1,1,-1,1,-1,1,1,-1,-1,1,-1,-1,-1,-1,-1,1,1,1,1,-1,-1,-1,1,1,1,-1,1,-1,-1,-1,1,1,-1,1,-1,1,-1,-1,-1,1,1,-1,-1,-1,-1,1,1,-1,1,-1,-1,-1,1,1,-1,-1,-1,1,-1,1,-1,-1,-1,-1,-1,-1,-1,-1,1,-1,-1,-1,-1,1,-1,1,-1,1,-1,-1,-1,1,-1,1,1,1,-1,1,-1,-1,1,-1,1,1,-1,-1,-1,-1,1,-1,1,1,-1,1,1,-1,1,-1,-1,-300.75837560819986,1
676,1,-1,1,-1,-1,1,-1,-1,1,-1,1,1,1,1,1,1,-1,1,-1,1,1,1,1,1,1,1,-1,-1,1,-1,-1,-1,-1,1,1,-1,1,1,-1,1,-1,-1,-1,-1,1,-1,-1,1,-1,-1,-1,-1,-1,-1,-1,1,1,1,-1,1,-1,-1,1,-1,-1,1,-1,-1,1,1,-1,-1,-1,-1,-1,1,1,1,-1,-1,1,1,-1,1,-1,1,1,-1,-1,1,-1,1,1,-1,1,1,-1,-1,-1,1,1,1,1,-1,1,-1,-1,1,1,1,-1,-1,-1,-1,1,1,-1,-1,1,1,1,1,-1,1,1,-1,1,1,-1,-1,-1,1,-1,-1,-1,-1,1,-1,-1,-1,1,1,-1,1,1,1,-1,-1,1,1,1,1,-1,1,1,1,-1,1,1,1,1,1,-1,1,-1,-1,-1,1,-1,-1,1,-1,1,1,-1,-1,1,-1,-1,-1,-1,1,-1,-1,-1,-1,1,1,1,-1,1,-1,1,1,-1,1,1,1,1,-1,-1,-1,1,1,-1,-1,1,-1,-1,1,1,1,1,1,-1,-1,-300.75411842380777,1
677,-1,1,-1,1,1,-1,1,1,-1,1,-1,-1,-1,-1,-1,-1,1,-1,1,-1,-1,-1,-1,-1,-1,-1,1,1,-1,1,1,1,1,-1,-1,1,-1,-1,1,-1,1,1,1,1,-1,1,1,-1,1,1,1,1,1,1,1,-1,-1,-1,1,-1,1,1,-1,1,1,-1,1,1,-1,-1,1,1,1,1,1,-1,-1,-1,1,1,-1,-1,1,-1,1,-1,-1,1,1,-1,1,-1,-1,1,-1,-1,1,1,1,-1,-1,-1,-1,1,-1,1,1,-1,-1,-1,1,1,1,1,-1,-1,1,1,-1,-1,-1,-1,1,-1,-1,1,-1,-1,1,1,1,-1,1,1,1,1,-1,1,1,1,-1,-1,1,-1,-1,-1,1,1,-1,-1,-1,-1,1,-1,-1,-1,1,-1,-1,-1,-1,-1,1,-1,1,1,1,-1,1,1,-1,1,-1,-1,1,1,-1,1,1,1,1,-1,1,1,1,1,-1,-1,-1,1,-1,1,-1,-1,1,-1,-1,-1,-1,1,1,1,-1,-1,1,1,-1,1,1,-1,-1,-1,-1,-1,1,1,-300.75411842380777,4
678,1,1,-1,-1,1,-1,-1,1,-1,-1,-1,-1,-1,1,1,-1,1,-1,1,-1,-1,1,1,-1,-1,-1,-1,-1,-1,1,1,1,1,-1,1,1,-1,-1,1,1,1,1,-1,-1,-1,-1,1,1,1,-1,-1,1,-1,-1,-1,1,1,1,-1,1,-1,-1,1,-1,-1,1,1,1,1,1,1,-1,-1,-1,-1,1,1,1,-1,-1,-1,1,-1,1,1,1,-1,1,-1,1,-1,1,1,1,1,1,-1,1,-1,1,-1,-1,1,-1,1,-1,1,-1,-1,1,-1,1,-1,-1,1,1,-1,1,1,1,1,1,-1,-1,-1,-1,1,1,1,-1,-1,-1,1,-1,1,1,1,-1,-1,1,-1,1,-1,1,1,1,-1,-1,1,1,1,1,-1,-1,1,-1,1,1,1,-1,-1,1,1,1,-1,1,-1,1,1,1,1,1,1,1,1,-1,1,1,1,1,-1,1,-1,1,-1,1,-1,1,-1,1,-1,-1,-1,1,-1,1,1,-1,-1,1,1,1,1,1,1,1,1,-1,-1,1,-1,-1,1,-1,1,-1,-300.7538650020569,1
679,1,1,-1,1,1,-1,1,1,-1,1,-1,-1,1,-1,-1,1,1,1,-1,1,-1,-1,-1,-1,1,1,-1,1,1,1,-1,-1,1,1,-1,-1,1,1,-1,-1,1,-1,1,1,-1,1,1,-1,-1,1,1,-1,1,1,1,-1,-1,-1,1,-1,1,1,-1,1,1,-1,-1,-1,-1,-1,-1,1,1,1,1,-1,-1,-1,1,1,-1,-1,1,-1,-1,-1,-1,1,1,-1,1,-1,-1,1,-1,-1,-1,-1,1,1,1,-1,-1,1,-1,1,-1,-1,1,-1,-1,-1,1,-1,-1,-1,-1,-1,-1,-1,-1,-1,1,1,1,-1,-1,-1,-1,1,1,1,-1,1,-1,-1,-1,1,1,-1,1,-1,1,-1,-1,-1,1,1,-1,-1,-1,-1,1,1,-1,1,-1,-1,-1,-1,-1,-1,1,-1,1,1,1,-1,1,-1,-1,1,-1,-1,1,1,-1,1,1,1,1,-1,1,-1,1,1,1,-1,-1,1,-1,1,-1,-1,1,-1,-1,-1,-1,1,1,-1,-1,-1,1,-1,-1,1,1,-1,-1,1,-1,-1,1,1,-300.7533824561219,1
680,-1,1,-1,1,1,-1,1,1,-1,1,-1,-1,-1,-1,-1,-1,1,-1,1,-1,-1,-1,-1,-1,-1,-1,1,1,-1,1,1,1,1,-1,-1,1,-1,-1,1,1,1,1,1,1,-1,1,1,-1,1,1,1,1,1,1,1,-1,-1,-1,1,-1,1,1,-1,1,1,-1,1,1,-1,-1,1,1,1,1,1,-1,-1,-1,1,1,-1,-1,1,-1,1,-1,-1,1,1,-1,1,-1,-1,1,-1,-1,1,1,1,-1,-1,-1,-1,1,-1,1,1,-1,-1,-1,1,1,1,1,-1,-1,-1,1,-1,-1,-1,-1,1,-1,-1,1,-1,-1,1,1,1,-1,1,1,1,1,-1,1,1,-1,1,-1,1,-1,-1,-1,1,1,-1,-1,-1,-1,1,-1,-1,-1,1,-1,-1,-1,-1,-1,1,-1,1,1,1,-1,1,1,-1,1,-1,-1,1,1,-1,1,1,1,1,-1,1,1,1,1,-1,-1,-1,1,-1,1,-1,-1,1,-1,-1,-1,-1,1,1,1,-1,-1,1,1,-1,1,1,-1,-1,-1,-1,-1,1,-1,-300.7449920934137,3
681,1,-1,1,-1,-1,1,-1,-1,1,-1,1,1,1,1,1,1,-1,1,-1,1,1,1,1,1,1,1,-1,-1,1,-1,-1,-1,-1,1,1,-1,1,1,-1,-1,-1,-1,-1,-1,1,-1,-1,1,-1,-1,-1,-1,-1,-1,-1,1,1,1,-1,1,-1,-1,1,-1,-1,1,-1,-1,1,1,-1,-1,-1,-1,-1,1,1,1,-1,-1,1,1,-1,1,-1,1,1,-1,-1,1,-1,1,1,-1,1,1,-1,-1,-1,1,1,1,1,-1,1,-1,-1,1,1,1,-1,-1,-1,-1,1,1,1,-1,1,1,1,1,-1,1,1,-1,1,1,-1,-1,-1,1,-1,-1,-1,-1,1,-1,-1,1,-1,1,-1,1,1,1,-1,-1,1,1,1,1,-1,1,1,1,-1,1,1,1,1,1,-1,1,-1,-1,-1,1,-1,-1,1,-1,1,1,-1,-1,1,-1,-1,-1,-1,1,-1,-1,-1,-1,1,1,1,-1,1,-1,1,1,-1,1,1,1,1,-1,-1,-1,1,1,-1,-1,1,-1,-1,1,1,1,1,1,-1,1,-300.7449920934137,3
682,1,1,-1,-1,1,-1,-1,1,-1,-1,-1,-1,-1,1,1,-1,1,-1,1,-1,-1,1,1,1,-1,-1,-1,-1,-1,1,1,1,1,-1,1,-1,-1,-1,-1,1,1,-1,-1,-1,1,-1,1,1,1,-1,-1,1,-1,-1,-1,1,1,1,-1,1,-1,-1,1,-1,-1,1,1,1,1,1,1,-1,-1,-1,-1,1,1,1,-1,-1,1,1,-1,1,1,1,1,1,-1,1,-1,1,1,1,1,1,-1,1,-1,1,-1,-1,1,-1,1,-1,1,-1,-1,1,-1,1,-1,-1,1,1,-1,1,1,1,1,1,-1,-1,-1,-1,1,1,1,-1,-1,-1,1,-1,1,1,1,-1,-1,1,-1,1,-1,1,1,1,-1,-1,1,1,1,1,-1,-1,1,-1,1,1,1,-1,-1,-1,1,1,-1,1,-1,1,1,1,1,1,1,1,1,-1,1,1,1,1,-1,1,-1,1,-1,1,1,1,-1,-1,1,-1,-1,1,-1,1,1,-1,1,-1,-1,1,1,1,1,-1,1,-1,-1,1,-1,1,1,-1,1,-1,-300.742830614726,1
683,1,-1,1,-1,-1,1,-1,-1,1,-1,1,1,-1,1,1,-1,-1,-1,1,-1,-1,1,1,1,-1,-1,1,-1,-1,-1,1,1,-1,-1,1,1,-1,-1,1,1,-1,1,-1,-1,1,-1,-1,1,1,-1,-1,1,-1,-1,-1,1,1,1,-1,1,-1,-1,1,-1,-1,1,1,1,1,1,1,-1,-1,-1,-1,1,1,1,-1,-1,1,1,-1,1,-1,1,1,-1,-1,1,-1,1,1,1,1,1,-1,-1,-1,1,1,1,1,-1,1,1,-1,1,-1,1,-1,1,1,-1,1,1,-1,1,-1,-1,1,1,-1,-1,-1,-1,1,1,-1,-1,-1,1,1,-1,1,1,1,-1,-1,1,-1,1,-1,1,1,1,-1,-1,1,1,1,1,-1,-1,1,1,1,1,1,1,1,1,-1,1,-1,-1,-1,1,-1,1,1,1,1,1,-1,-1,1,-1,-1,-1,-1,1,-1,1,-1,-1,-1,1,1,-1,1,-1,1,1,-1,1,1,1,1,-1,-1,1,1,1,-1,1,1,1,-1,1,1,-1,1,1,-1,-1,-300.7370792848618,1
684,-1,1,-1,-1,1,-1,-1,1,-1,-1,-1,-1,-1,1,1,-1,1,-1,1,-1,-1,1,1,1,-1,-1,-1,-1,-1,1,1,1,1,-1,1,1,-1,-1,1,1,1,-1,-1,-1,-1,-1,1,1,1,-1,-1,1,-1,-1,-1,1,1,1,-1,1,-1,-1,1,-1,-1,1,1,1,1,1,1,-1,-1,-1,-1,1,1,1,-1,-1,1,1,-1,1,1,1,-1,1,-1,1,-1,1,1,1,1,1,-1,1,-1,1,-1,-1,1,-1,1,-1,1,-1,-1,1,-1,1,1,-1,1,1,-1,1,1,1,1,1,-1,-1,-1,-1,1,1,1,-1,-1,-1,1,-1,1,1,1,-1,-1,1,-1,1,-1,1,1,1,-1,-1,1,1,1,1,-1,-1,1,-1,1,1,1,-1,-1,-1,1,1,-1,1,-1,1,1,1,1,1,1,1,1,-1,1,1,1,1,-1,1,-1,1,-1,1,1,1,-1,1,1,-1,-1,1,-1,1,1,-1,1,-1,-1,1,1,1,1,-1,1,-1,-1,1,-1,-1,1,-1,1,1,-300.73686869614505,1
685,1,1,-1,-1,1,-1,-1,1,-1,-1,-1,-1,-1,1,1,-1,1,-1,1,-1,-1,1,1,1,-1,-1,-1,-1,-1,1,1,1,1,-1,1,1,-1,-1,1,1,1,1,-1,-1,1,-1,1,1,1,-1,-1,1,-1,-1,-1,1,1,1,-1,1,-1,-1,1,-1,-1,1,1,1,1,1,1,-1,-1,-1,-1,1,1,1,-1,-1,1,1,-1,1,1,1,1,-1,-1,1,-1,1,1,1,1,1,-1,1,-1,1,-1,1,1,-1,1,-1,1,1,-1,1,-1,1,-1,-1,1,1,-1,1,1,1,1,1,-1,-1,-1,-1,1,1,1,-1,-1,-1,1,-1,1,1,1,-1,-1,1,-1,1,-1,1,1,1,-1,-1,1,1,1,1,-1,-1,1,-1,1,1,1,-1,-1,-1,1,1,-1,1,-1,1,1,1,1,1,1,1,1,-1,1,1,1,1,-1,1,-1,1,-1,1,-1,1,1,-1,1,-1,-1,1,-1,1,1,1,1,-1,-1,1,1,1,1,1,1,-1,-1,1,-1,-1,1,-1,1,-1,-300.7368280867248,1
686,-1,-1,1,1,-1,1,1,-1,1,1,1,1,1,-1,-1,1,-1,1,-1,1,1,-1,-1,-1,1,1,1,1,1,-1,-1,-1,-1,1,-1,-1,1,1,-1,-1,-1,1,1,1,1,1,-1,-1,-1,1,1,-1,1,1,1,-1,-1,-1,1,-1,1,1,-1,1,1,-1,1,-1,-1,-1,-1,1,1,1,1,-1,-1,-1,1,1,-1,-1,1,-1,-1,-1,-1,-1,1,-1,1,-1,-1,-1,-1,-1,1,-1,1,-1,1,-1,-1,1,-1,1,-1,-1,1,-1,1,-1,1,1,-1,-1,1,-1,-1,-1,-1,-1,1,1,1,1,-1,-1,-1,1,1,1,-1,1,-1,-1,-1,1,1,-1,1,-1,1,-1,-1,-1,1,1,-1,-1,-1,-1,1,1,-1,1,-1,-1,-1,1,1,-1,-1,-1,1,-1,1,-1,-1,-1,-1,-1,-1,-1,-1,1,-1,-1,-1,-1,1,-1,1,-1,1,-1,-1,-1,-1,-1,-1,1,1,-1,1,-1,-1,-1,-1,1,1,-1,-1,-1,-1,1,-1,1,1,-1,1,1,-1,1,-1,1,-300.7335225692751,1
687,-1,1,-1,1,1,-1,1,1,-1,1,-1,-1,1,-1,-1,1,1,1,-1,1,-1,-1,-1,-1,1,1,-1,1,1,1,-1,-1,1,1,-1,-1,1,1,-1,-1,1,-1,1,1,-1,1,1,-1,-1,1,1,-1,1,1,-1,-1,-1,1,1,-1,1,1,-1,1,1,-1,-1,-1,-1,-1,-1,1,1,1,1,-1,-1,-1,-1,1,-1,1,1,-1,1,-1,-1,1,1,-1,1,-1,-1,-1,-1,-1,1,1,1,-1,-1,-1,-1,1,-1,-1,1,-1,1,1,1,-1,-1,1,-1,-1,1,-1,1,1,-1,-1,1,1,1,1,-1,1,1,1,1,-1,-1,1,-1,-1,1,1,1,-1,1,-1,1,1,-1,-1,1,1,-1,-1,-1,-1,1,1,-1,-1,-1,-1,-1,-1,-1,-1,1,-1,1,1,1,-1,1,-1,-1,1,-1,-1,1,1,-1,1,1,1,1,-1,1,-1,1,1,1,-1,-1,1,-1,1,-1,-1,1,-1,-1,-1,-1,1,1,-1,-1,-1,1,-1,-1,1,1,-1,-1,1,-1,-1,1,1,-300.73116530146706,2
688,-1,-1,-1,1,-1,1,1,-1,1,1,1,1,1,-1,-1,1,-1,1,-1,1,1,-1,-1,-1,1,1,1,1,1,-1,-1,-1,-1,1,-1,-1,1,1,-1,-1,-1,1,1,1,1,1,-1,-1,-1,1,1,-1,1,1,1,-1,-1,-1,1,-1,1,1,-1,1,1,-1,-1,-1,-1,-1,-1,1,1,1,1,-1,-1,-1,-1,1,-1,1,1,-1,-1,-1,-1,1,1,-1,1,-1,-1,-1,-1,-1,1,1,1,-1,-1,-1,-1,1,-1,-1,1,-1,1,-1,1,-1,1,1,-1,-1,1,-1,-1,1,-1,-1,1,1,1,-1,-1,-1,1,1,1,-1,-1,1,-1,-1,-1,1,1,-1,1,-1,1,1,-1,-1,1,1,-1,-1,-1,-1,1,1,-1,-1,-1,-1,-1,1,1,-1,-1,-1,1,-1,1,-1,-1,-1,-1,-1,-1,-1,-1,1,-1,-1,-1,-1,1,-1,1,-1,1,1,-1,-1,-1,-1,-1,1,1,-1,1,-1,-1,-1,-1,1,1,-1,-1,-1,1,1,-1,1,1,-1,-1,1,-1,1,-1,-1,-300.7257230840679,1
689,-1,1,-1,1,1,1,1,1,-1,1,-1,1,1,-1,-1,1,1,1,-1,1,1,-1,-1,-1,1,1,-1,1,1,1,-1,-1,1,1,-1,-1,1,1,-1,-1,1,-1,1,1,-1,1,1,-1,-1,1,1,-1,1,1,1,-1,-1,-1,1,-1,1,1,-1,1,1,-1,-1,-1,-1,-1,-1,1,1,1,1,-1,-1,-1,-1,1,-1,1,1,-1,-1,-1,-1,1,1,-1,1,-1,-1,1,-1,-1,-1,-1,1,1,1,-1,-1,1,-1,1,-1,-1,1,-1,-1,-1,1,-1,-1,-1,-1,-1,-1,-1,-1,-1,1,1,1,-1,-1,-1,1,1,1,1,-1,1,-1,-1,-1,1,1,-1,1,-1,1,1,-1,-1,1,1,-1,-1,-1,-1,1,1,-1,1,-1,-1,-1,-1,-1,-1,1,-1,1,1,1,-1,1,-1,-1,1,-1,-1,1,1,-1,1,1,1,1,-1,1,-1,1,1,1,-1,-1,1,-1,1,-1,-1,1,-1,-1,-1,-1,1,1,-1,-1,-1,-1,-1,-1,1,1,-1,-1,1,-1,1,-1,1,-300.72199992584603,1
690,-1,1,-1,1,1,-1,1,1,-1,1,-1,-1,-1,-1,-1,-1,1,-1,1,-1,-1,-1,-1,-1,-1,-1,1,1,-1,1,1,1,1,-1,-1,1,-1,-1,1,-1,1,1,1,1,-1,1,1,-1,1,1,1,1,1,1,1,-1,-1,-1,1,-1,1,1,-1,1,1,-1,1,1,-1,-1,1,1,1,1,1,-1,-1,-1,1,1,-1,-1,1,-1,1,-1,-1,1,1,-1,1,-1,-1,1,-1,-1,1,1,1,-1,-1,-1,1,1,-1,1,1,-1,-1,-1,1,1,1,1,-1,-1,-1,1,-1,-1,-1,-1,1,-1,-1,1,-1,-1,1,1,1,-1,1,1,1,1,-1,1,1,1,-1,-1,1,-1,-1,-1,1,1,-1,-1,-1,-1,1,-1,-1,-1,1,-1,-1,-1,-1,-1,1,-1,1,1,1,-1,1,1,-1,1,-1,-1,1,1,-1,1,1,1,1,-1,1,1,1,1,-1,-1,-1,1,-1,1,-1,-1,1,-1,-1,-1,-1,1,1,1,-1,-1,1,1,-1,1,1,-1,-1,-1,-1,-1,1,-1,-300.719640238105,2
691,-1,-1,1,1,-1,1,1,-1,1,1,1,1,1,-1,-1,1,-1,1,-1,1,1,-1,-1,-1,1,1,1,1,1,-1,-1,-1,-1,1,-1,-1,1,1,-1,-1,-1,-1,1,1,-1,1,-1,-1,-1,1,1,-1,1,1,1,-1,-1,-1,1,-1,1,1,-1,1,1,-1,1,-1,-1,-1,-1,1,1,1,1,-1,-1,-1,1,1,-1,-1,1,-1,-1,-1,1,-1,1,-1,1,-1,-1,-1,-1,-1,1,-1,1,-1,1,1,-1,1,-1,1,-1,1,1,-1,1,-1,1,1,-1,-1,1,-1,-1,-1,-1,-1,1,1,1,1,-1,-1,-1,1,1,1,-1,1,-1,-1,-1,1,1,-1,1,-1,1,-1,-1,-1,1,1,-1,-1,-1,-1,1,1,-1,1,-1,-1,-1,1,1,-1,-1,-1,1,-1,1,-1,-1,-1,-1,-1,-1,-1,-1,1,-1,-1,-1,-1,1,-1,1,-1,1,-1,1,-1,1,1,-1,1,1,-1,1,-1,-1,1,-1,1,1,-1,-1,-1,-1,-1,-1,1,1,-1,1,1,-1,1,-1,1,-300.7193582341289,1
692,1,1,-1,-1,1,-1,-1,1,-1,-1,-1,-1,-1,1,1,-1,1,-1,1,-1,-1,1,1,1,-1,-1,-1,-1,-1,1,1,1,1,-1,1,-1,-1,-1,-1,1,1,-1,-1,-1,-1,-1,1,1,1,-1,-1,1,-1,-1,-1,1,1,1,-1,1,-1,-1,1,-1,-1,1,1,1,1,1,1,-1,-1,-1,-1,1,1,1,1,-1,1,-1,-1,1,1,1,1,-1,-1,1,-1,1,1,1,1,1,1,-1,-1,1,1,1,1,-1,1,1,-1,1,-1,1,-1,1,-1,1,1,1,-1,1,1,-1,1,1,1,-1,-1,1,1,1,-1,-1,-1,1,1,-1,1,1,1,-1,-1,1,-1,1,-1,-1,1,1,-1,-1,1,1,1,1,-1,-1,1,1,1,1,1,-1,-1,1,1,1,-1,1,-1,1,1,1,1,1,1,1,1,-1,1,1,1,1,-1,1,-1,1,-1,-1,1,1,1,-1,1,-1,-1,1,-1,1,1,1,1,-1,-1,1,1,1,1,-1,1,-1,-1,1,-1,1,1,-1,1,1,-300.7172280886511,1
693,-1,-1,1,1,-1,1,1,-1,1,1,1,1,1,-1,1,1,-1,1,-1,1,1,-1,-1,-1,1,1,1,1,1,-1,-1,-1,-1,1,-1,-1,1,1,-1,-1,-1,1,1,1,1,1,-1,-1,-1,1,1,-1,1,1,1,-1,-1,-1,1,-1,1,1,-1,1,1,-1,-1,-1,-1,-1,-1,1,1,1,1,-1,-1,-1,1,1,-1,-1,1,-1,-1,-1,1,-1,1,-1,1,-1,-1,-1,-1,-1,1,-1,1,-1,1,1,-1,1,-1,1,-1,1,1,-1,1,-1,-1,1,-1,-1,1,-1,-1,-1,-1,-1,1,1,1,1,-1,-1,-1,1,1,1,-1,1,-1,-1,-1,1,1,-1,1,-1,1,-1,-1,-1,1,1,-1,-1,-1,-1,1,1,-1,1,-1,-1,-1,1,1,-1,-1,-1,1,-1,1,-1,-1,-1,-1,-1,-1,-1,-1,1,-1,-1,-1,-1,1,-1,1,-1,1,-1,-1,-1,1,-1,-1,1,1,-1,1,-1,-1,1,-1,1,1,-1,-1,-1,-1,1,-1,1,1,-1,1,1,-1,1,-1,1,-300.71685002356577,1
694,1,-1,1,-1,-1,-1,-1,-1,-1,-1,1,-1,-1,-1,-1,-1,-1,-1,1,-1,-1,1,1,1,-1,-1,1,-1,-1,-1,1,1,-1,-1,1,-1,-1,-1,1,1,-1,1,-1,-1,1,-1,-1,1,1,-1,-1,1,-1,-1,-1,1,1,1,-1,1,-1,-1,1,-1,-1,1,1,1,1,1,1,-1,-1,-1,-1,1,1,1,-1,-1,1,1,-1,1,-1,1,1,-1,-1,1,-1,-1,1,1,-1,1,-1,-1,-1,1,1,1,-1,1,1,1,-1,1,-1,1,-1,1,1,-1,1,1,-1,1,-1,-1,1,1,-1,-1,-1,-1,1,1,-1,-1,-1,1,1,-1,1,1,1,-1,-1,1,-1,1,-1,1,1,1,1,-1,1,-1,1,1,1,-1,1,1,1,1,1,1,1,1,-1,1,-1,-1,-1,1,-1,1,1,-1,1,1,-1,-1,1,-1,-1,-1,-1,1,-1,1,-1,-1,-1,1,1,-1,1,-1,-1,1,-1,-1,1,1,1,-1,-1,1,1,1,1,1,1,-1,-1,1,1,-1,1,-1,1,1,-300.71679468303205,1
695,-1,-1,1,1,-1,1,1,-1,1,1,1,1,1,-1,-1,1,-1,1,-1,1,1,-1,-1,-1,1,1,1,1,1,-1,-1,-1,-1,1,-1,1,1,1,1,-1,-1,1,1,1,-1,1,-1,-1,-1,1,1,-1,1,1,1,-1,-1,-1,1,-1,1,1,-1,1,1,-1,-1,-1,-1,-1,-1,1,1,1,1,-1,-1,-1,1,1,-1,-1,1,-1,-1,-1,1,-1,1,-1,1,-1,-1,-1,-1,-1,1,-1,1,-1,1,1,-1,1,-1,1,-1,1,1,-1,1,-1,-1,1,-1,-1,1,-1,-1,1,-1,-1,1,1,1,1,-1,-1,-1,1,1,1,-1,1,-1,-1,-1,1,1,-1,1,-1,1,-1,-1,-1,1,1,-1,-1,-1,-1,1,1,-1,1,-1,-1,-1,1,1,1,-1,-1,1,-1,1,-1,-1,-1,-1,-1,-1,-1,-1,1,-1,-1,-1,-1,1,-1,1,-1,1,-1,-1,-1,1,1,-1,1,1,-1,1,-1,-1,1,-1,1,1,-1,-1,-1,-1,1,-1,1,1,-1,1,-1,-1,1,1,1,-300.71603286834716,1
696,-1,1,-1,1,1,-1,1,1,-1,1,-1,-1,1,-1,-1,1,1,1,-1,1,-1,-1,-1,-1,1,1,-1,1,1,1,-1,-1,1,1,-1,-1,1,1,-1,-1,1,-1,1,1,-1,1,1,-1,-1,1,1,-1,1,1,1,-1,-1,-1,1,-1,1,1,-1,1,1,-1,-1,-1,-1,-1,-1,1,1,1,1,-1,-1,-1,1,1,-1,-1,1,-1,1,-1,-1,1,1,-1,1,1,-1,-1,1,-1,1,1,1,-1,-1,-1,-1,1,-1,-1,1,-1,1,-1,1,-1,-1,1,-1,-1,1,-1,1,1,-1,-1,1,1,1,1,-1,-1,1,1,1,-1,-1,1,-1,-1,-1,1,1,-1,1,-1,1,-1,-1,-1,-1,1,-1,1,-1,-1,-1,1,-1,-1,-1,-1,-1,-1,-1,-1,1,-1,1,1,1,-1,1,-1,-1,-1,-1,-1,1,1,-1,1,1,1,1,-1,1,-1,1,1,1,-1,-1,1,-1,1,-1,-1,1,-1,-1,-1,-1,1,1,-1,-1,-1,1,-1,-1,1,1,-1,-1,1,-1,-1,1,-1,-300.7026838058337,1
697,1,-1,1,-1,-1,1,-1,-1,1,-1,1,1,-1,1,1,-1,-1,-1,1,-1,1,1,1,1,-1,-1,1,-1,-1,-1,1,1,-1,-1,1,1,-1,-1,1,1,-1,1,-1,-1,1,-1,-1,1,1,-1,-1,1,-1,-1,-1,1,1,1,-1,1,-1,-1,1,-1,-1,1,1,1,1,1,1,-1,-1,-1,-1,1,1,1,-1,-1,1,1,-1,1,-1,1,1,-1,-1,1,-1,-1,1,1,-1,1,-1,-1,-1,1,1,1,1,-1,1,1,-1,1,-1,1,-1,1,1,-1,1,1,-1,1,-1,-1,1,1,-1,-1,-1,-1,1,1,-1,-1,-1,1,1,-1,1,1,1,-1,-1,1,-1,1,-1,1,1,1,1,-1,1,-1,1,1,1,-1,1,1,1,1,1,1,1,1,-1,1,-1,-1,-1,1,-1,1,1,1,1,1,-1,-1,1,-1,-1,-1,-1,1,-1,1,-1,-1,-1,1,1,-1,1,-1,1,1,-1,1,1,1,1,-1,-1,1,1,1,-1,1,1,-1,-1,1,1,-1,1,1,-1,1,-300.7026838058337,1
698,1,-1,1,-1,-1,1,-1,-1,1,-1,1,1,1,1,1,1,-1,1,-1,1,1,1,1,1,1,1,-1,-1,1,-1,-1,-1,-1,1,1,-1,1,1,-1,-1,-1,-1,-1,-1,1,-1,-1,1,-1,-1,-1,-1,-1,-1,-1,1,1,1,-1,1,-1,-1,1,-1,-1,1,-1,-1,1,1,-1,-1,-1,-1,-1,1,1,1,-1,-1,1,1,-1,1,-1,1,1,-1,-1,1,-1,1,1,-1,1,1,-1,-1,-1,1,1,1,-1,-1,1,-1,-1,1,1,1,-1,-1,-1,-1,1,1,1,-1,1,1,1,1,-1,1,1,-1,1,1,-1,-1,-1,1,-1,-1,-1,-1,1,-1,-1,1,-1,1,-1,1,1,1,-1,-1,1,1,1,1,-1,1,1,1,-1,1,1,1,1,1,-1,1,-1,-1,-1,1,-1,-1,1,-1,1,1,-1,-1,1,-1,-1,-1,-1,1,-1,-1,-1,-1,1,1,1,-1,1,-1,1,1,-1,1,1,1,1,-1,-1,-1,1,1,-1,-1,1,-1,-1,1,1,1,1,1,-1,-1,-300.6984068136502,1
699,-1,1,-1,1,1,-1,1,1,-1,1,-1,-1,-1,-1,-1,-1,1,-1,1,-1,-1,-1,-1,-1,-1,-1,1,1,-1,1,1,1,1,-1,-1,1,-1,-1,1,1,1,1,1,1,-1,1,1,-1,1,1,1,1,1,1,1,-1,-1,-1,1,-1,1,1,-1,1,1,-1,1,1,-1,-1,1,1,1,1,1,-1,-1,-1,1,1,-1,-1,1,-1,1,-1,-1,1,1,-1,1,-1,-1,1,-1,-1,1,1,1,-1,-1,-1,1,1,-1,1,1,-1,-1,-1,1,1,1,1,-1,-1,-1,1,-1,-1,-1,-1,1,-1,-1,1,-1,-1,1,1,1,-1,1,1,1,1,-1,1,1,-1,1,-1,1,-1,-1,-1,1,1,-1,-1,-1,-1,1,-1,-1,-1,1,-1,-1,-1,-1,-1,1,-1,1,1,1,-1,1,1,-1,1,-1,-1,1,1,-1,1,1,1,1,-1,1,1,1,1,-1,-1,-1,1,-1,1,-1,-1,1,-1,-1,-1,-1,1,1,1,-1,-1,1,1,-1,1,1,-1,-1,-1,-1,-1,1,1,-300.6984068136502,9
700,1,-1,1,-1,-1,1,-1,-1,1,-1,1,1,1,1,1,1,-1,-1,-1,1,-1,1,1,1,1,1,1,-1,1,-1,-1,-1,-1,1,1,1,1,1,1,1,-1,1,-1,-1,1,-1,-1,1,-1,-1,-1,-1,-1,-1,-1,1,1,1,-1,1,-1,-1,1,-1,-1,1,-1,-1,1,1,-1,-1,-1,-1,-1,1,1,1,-1,-1,1,1,-1,1,-1,1,1,-1,-1,1,-1,1,1,-1,1,1,-1,-1,-1,1,1,1,1,-1,1,-1,-1,1,1,1,-1,-1,-1,-1,1,1,1,-1,1,1,1,1,-1,1,1,-1,1,1,-1,-1,-1,1,-1,-1,-1,-1,1,-1,-1,-1,-1,1,-1,1,1,1,-1,-1,1,1,1,1,-1,1,1,1,-1,1,1,1,1,1,-1,1,-1,-1,-1,1,-1,1,1,-1,1,1,-1,-1,1,1,1,1,-1,1,-1,1,-1,-1,-1,1,1,-1,1,-1,1,1,-1,1,1,1,1,-1,-1,1,1,1,-1,1,1,1,-1,1,1,-1,1,1,-1,-1,-300.69671980229145,2
701,1,-1,1,-1,-1,-1,-1,-1,-1,-1,1,-1,-1,-1,-1,-1,-1,-1,1,-1,-1,1,1,1,-1,-1,1,-1,-1,-1,1,1,-1,-1,1,-1,-1,-1,1,1,-1,1,-1,-1,1,-1,-1,1,1,-1,-1,1,-1,-1,1,1,1,-1,-1,1,-1,-1,1,-1,-1,1,1,1,1,1,1,-1,-1,-1,-1,1,1,1,1,-1,1,-1,-1,1,-1,1,1,-1,-1,1,-1,1,1,1,1,1,-1,-1,-1,1,1,1,1,-1,1,1,-1,1,-1,-1,-1,1,1,-1,1,1,-1,1,-1,-1,1,1,-1,-1,-1,-1,1,-1,-1,-1,-1,1,1,-1,1,1,-1,-1,-1,1,-1,1,-1,-1,1,1,-1,-1,1,1,1,1,-1,-1,1,1,1,1,1,1,1,1,-1,1,-1,-1,-1,1,-1,1,1,-1,1,1,-1,-1,1,-1,-1,-1,-1,1,-1,1,-1,-1,-1,1,1,-1,1,-1,-1,1,-1,-1,1,1,1,-1,-1,1,1,1,1,1,1,-1,-1,1,1,-1,1,-1,1,1,-300.69338693907093,1
702,-1,-1,1,1,-1,1,1,-1,1,1,1,1,1,-1,-1,1,-1,1,-1,1,1,-1,-1,-1,1,1,1,1,1,-1,1,-1,-1,1,-1,-1,1,1,-1,-1,-1,1,1,1,1,1,-1,-1,-1,1,1,-1,1,1,1,-1,-1,-1,1,-1,1,1,-1,1,1,-1,-1,-1,-1,-1,-1,1,1,1,1,-1,-1,-1,1,1,-1,-1,1,-1,-1,-1,1,-1,1,-1,1,-1,-1,-1,-1,-1,1,-1,1,-1,1,1,-1,1,-1,1,-1,1,1,-1,1,-1,-1,1,-1,-1,1,-1,-1,-1,-1,-1,1,1,1,1,-1,-1,-1,1,1,1,-1,1,-1,-1,-1,1,1,-1,1,-1,1,-1,-1,-1,1,1,-1,-1,-1,-1,1,1,-1,1,-1,-1,-1,1,1,-1,-1,-1,1,-1,1,-1,-1,-1,-1,-1,-1,-1,-1,1,-1,-1,-1,-1,1,-1,1,-1,1,-1,-1,-1,1,-1,1,1,1,-1,1,-1,-1,1,-1,1,1,-1,-1,-1,-1,1,-1,1,1,-1,1,1,-1,1,-1,1,-300.6908245036192,1
703,1,1,-1,-1,1,-1,-1,1,-1,-1,-1,-1,-1,1,1,-1,1,-1,1,-1,-1,1,1,1,-1,-1,-1,-1,-1,1,-1,1,1,-1,1,1,-1,-1,1,1,1,-1,-1,-1,-1,-1,1,1,1,-1,-1,1,-1,-1,-1,1,1,1,-1,1,-1,-1,1,-1,-1,1,1,1,1,1,1,-1,-1,-1,-1,1,1,1,-1,-1,1,1,-1,1,1,1,-1,1,-1,1,-1,1,1,1,1,1,-1,1,-1,1,-1,-1,1,-1,1,-1,1,-1,-1,1,-1,1,1,-1,1,1,-1,1,1,1,1,1,-1,-1,-1,-1,1,1,1,-1,-1,-1,1,-1,1,1,1,-1,-1,1,-1,1,-1,1,1,1,-1,-1,1,1,1,1,-1,-1,1,-1,1,1,1,-1,-1,-1,1,1,-1,1,-1,1,1,1,1,1,1,1,1,-1,1,1,1,1,-1,1,-1,1,-1,1,1,1,-1,1,-1,-1,-1,1,-1,1,1,-1,1,-1,-1,1,1,1,1,-1,1,-1,-1,1,-1,-1,1,-1,1,1,-300.6907604138163,1
704,1,1,1,-1,1,-1,-1,1,-1,-1,-1,-1,-1,1,1,-1,1,-1,1,-1,-1,1,1,1,-1,-1,-1,-1,-1,1,1,1,1,-1,1,1,-1,-1,1,1,1,-1,-1,-1,-1,-1,1,1,1,-1,-1,1,-1,-1,-1,1,1,1,-1,1,-1,-1,1,-1,-1,1,1,1,1,1,1,-1,-1,-1,-1,1,1,1,1,-1,1,-1,-1,1,1,1,1,-1,-1,1,-1,1,1,1,1,1,1,1,-1,-1,-1,1,1,-1,1,1,-1,1,-1,1,1,1,-1,1,1,1,-1,1,1,-1,1,1,1,-1,-1,1,1,1,-1,-1,-1,-1,1,-1,1,1,1,-1,-1,1,-1,1,-1,-1,1,1,-1,-1,1,1,1,1,-1,-1,1,1,1,1,1,-1,-1,1,1,1,-1,1,-1,1,1,1,1,1,1,1,1,-1,1,1,1,1,-1,1,-1,1,-1,-1,1,1,1,1,1,-1,-1,1,-1,1,1,1,1,-1,-1,1,1,1,-1,-1,1,-1,-1,1,1,-1,1,-1,1,1,-300.67777236163545,1
705,-1,1,-1,1,1,-1,1,1,-1,1,-1,-1,-1,-1,-1,-1,1,1,1,-1,-1,-1,-1,-1,-1,-1,-1,1,-1,1,1,1,1,-1,-1,-1,-1,-1,-1,-1,1,-1,1,1,-1,1,1,-1,1,1,1,1,1,1,1,-1,-1,-1,1,-1,1,1,-1,1,1,-1,1,1,-1,-1,1,1,1,1,1,-1,-1,-1,1,1,-1,-1,1,-1,1,-1,-1,1,1,-1,1,-1,-1,1,-1,-1,1,1,1,-1,-1,-1,-1,1,-1,1,1,-1,-1,-1,1,1,1,1,-1,-1,-1,1,-1,-1,-1,-1,1,-1,-1,1,-1,-1,1,1,1,-1,1,1,1,1,-1,1,1,1,1,-1,1,-1,-1,-1,1,1,-1,-1,-1,-1,1,-1,-1,-1,1,-1,-1,-1,-1,-1,1,-1,1,1,1,-1,1,-1,-1,1,-1,-1,1,1,-1,1,1,1,1,-1,1,-1,1,1,1,-1,-1,1,-1,1,-1,-1,1,-1,-1,-1,-1,1,1,-1,-1,-1,1,-1,-1,1,1,-1,-1,1,-1,-1,1,-1,-300.67329512865365,1
706,1,-1,1,-1,-1,1,-1,-1,1,-1,1,1,-1,1,1,-1,-1,-1,1,-1,-1,1,1,1,-1,-1,1,-1,-1,-1,1,1,-1,-1,1,1,-1,-1,1,1,-1,1,-1,-1,1,-1,-1,1,1,-1,-1,1,-1,-1,-1,1,1,1,-1,1,-1,-1,1,-1,-1,1,1,1,1,1,1,-1,-1,-1,-1,1,1,1,-1,-1,1,1,-1,1,1,1,1,-1,-1,1,-1,1,1,-1,1,1,1,1,-1,-1,-1,1,1,-1,1,-1,1,1,-1,1,1,1,-1,1,1,1,1,1,1,1,1,1,-1,-1,-1,1,1,1,1,-1,-1,-1,1,-1,1,1,1,-1,-1,1,-1,1,-1,1,1,1,-1,-1,1,1,1,1,-1,-1,1,-1,1,1,1,1,1,1,-1,1,-1,-1,-1,1,-1,1,1,1,1,1,-1,-1,1,-1,-1,-1,-1,1,-1,1,-1,-1,-1,1,1,-1,1,-1,1,1,-1,1,1,1,1,-1,-1,1,1,1,-1,1,1,1,-1,1,1,-1,1,1,-1,-1,-300.670319380195,1
707,-1,1,-1,1,1,-1,1,1,-1,1,-1,-1,-1,-1,-1,-1,1,-1,1,-1,-1,-1,-1,-1,-1,-1,1,1,-1,1,1,1,1,-1,-1,1,-1,-1,1,-1,1,1,1,1,-1,1,1,-1,1,1,1,1,1,1,1,-1,-1,-1,1,-1,1,1,-1,1,1,-1,1,-1,-1,-1,-1,1,1,1,1,-1,-1,-1,1,1,-1,-1,1,-1,-1,-1,-1,-1,1,-1,1,-1,-1,-1,-1,-1,1,-1,1,-1,1,-1,-1,1,-1,1,-1,-1,-1,-1,1,1,1,1,-1,-1,1,1,-1,-1,-1,-1,1,-1,-1,1,-1,-1,-1,1,1,1,1,1,-1,1,-1,1,1,1,1,-1,1,-1,-1,-1,1,1,-1,-1,-1,-1,1,-1,-1,1,1,-1,-1,-1,-1,-1,1,-1,1,1,1,-1,1,1,-1,1,-1,-1,1,1,-1,1,1,1,1,-1,1,1,1,1,-1,-1,-1,1,-1,1,-1,-1,1,-1,-1,-1,-1,1,1,1,-1,-1,1,1,-1,1,1,-1,-1,-1,-1,-1,1,-1,-300.65729784102774,11
708,1,-1,1,-1,-1,1,-1,-1,1,-1,1,1,1,1,1,1,-1,1,-1,1,1,1,1,1,1,1,-1,-1,1,-1,-1,-1,-1,1,1,-1,1,1,-1,1,-1,-1,-1,-1,1,-1,-1,1,-1,-1,-1,-1,-1,-1,-1,1,1,1,-1,1,-1,-1,1,-1,-1,1,-1,1,1,1,1,-1,-1,-1,-1,1,1,1,-1,-1,1,1,-1,1,1,1,1,1,-1,1,-1,1,1,1,1,1,-1,1,-1,1,-1,1,1,-1,1,-1,1,1,1,1,-1,-1,-1,-1,1,1,-1,-1,1,1,1,1,-1,1,1,-1,1,1,1,-1,-1,-1,-1,-1,1,-1,1,-1,-1,-1,-1,1,-1,1,1,1,-1,-1,1,1,1,1,-1,1,1,-1,-1,1,1,1,1,1,-1,1,-1,-1,-1,1,-1,-1,1,-1,1,1,-1,-1,1,-1,-1,-1,-1,1,-1,-1,-1,-1,1,1,1,-1,1,-1,1,1,-1,1,1,1,1,-1,-1,-1,1,1,-1,-1,1,-1,-1,1,1,1,1,1,-1,1,-300.65729784102774,2
709,-1,1,-1,1,1,-1,1,1,-1,1,-1,-1,-1,-1,-1,-1,1,-1,1,-1,-1,-1,-1,-1,-1,-1,1,1,-1,1,1,1,1,-1,-1,1,-1,-1,1,-1,1,1,1,1,-1,1,1,-1,1,1,1,1,1,1,1,-1,-1,-1,1,-1,1,1,-1,1,1,-1,1,1,-1,-1,-1,1,1,1,1,-1,-1,-1,1,1,-1,-1,1,-1,1,-1,-1,1,1,-1,1,-1,-1,1,-1,-1,1,1,1,-1,-1,-1,-1,1,-1,1,1,-1,-1,-1,1,1,1,1,-1,-1,-1,1,-1,-1,-1,-1,1,-1,-1,1,-1,-1,1,1,1,-1,1,1,1,1,-1,1,1,1,-1,-1,1,-1,-1,-1,1,1,-1,-1,-1,-1,1,-1,-1,-1,1,-1,-1,-1,-1,-1,1,-1,1,1,1,-1,1,1,-1,1,-1,-1,1,1,-1,1,1,1,1,-1,1,1,1,1,-1,-1,-1,1,-1,1,-1,-1,1,-1,-1,-1,-1,1,1,1,-1,-1,1,1,-1,1,1,-1,-1,-1,-1,-1,1,1,-300.6539638417337,2
710,1,-1,1,1,-1,1,1,-1,1,1,1,1,1,-1,-1,1,-1,1,-1,1,1,-1,-1,-1,1,1,1,1,1,-1,-1,-1,-1,1,-1,1,1,1,1,-1,-1,1,1,1,-1,1,-1,-1,-1,1,1,-1,1,1,1,-1,-1,-1,1,-1,1,1,-1,1,1,-1,-1,-1,-1,-1,-1,1,1,1,1,-1,-1,-1,1,1,-1,-1,1,-1,-1,-1,-1,-1,1,-1,1,1,-1,-1,1,-1,1,-1,1,-1,1,-1,-1,1,-1,1,-1,-1,1,-1,1,-1,1,1,-1,-1,1,-1,-1,-1,-1,-1,1,1,1,1,-1,-1,-1,1,1,1,-1,1,-1,-1,-1,1,1,-1,1,-1,1,-1,-1,-1,1,1,-1,1,-1,-1,1,1,-1,-1,-1,-1,-1,1,1,1,-1,-1,1,-1,1,-1,-1,-1,-1,-1,-1,-1,-1,1,-1,-1,-1,-1,1,-1,1,-1,1,1,-1,-1,-1,1,-1,1,1,-1,1,-1,-1,-1,-1,1,1,-1,-1,-1,-1,1,-1,1,1,-1,1,-1,-1,1,1,1,-300.6491787259235,1
711,-1,-1,1,1,-1,1,1,-1,1,1,1,1,1,-1,-1,1,-1,1,-1,1,1,-1,-1,-1,1,1,1,1,1,-1,-1,-1,-1,1,-1,-1,1,1,-1,-1,-1,-1,1,1,-1,1,-1,-1,-1,1,1,-1,1,1,1,-1,-1,-1,1,-1,1,1,-1,1,1,-1,-1,-1,-1,-1,-1,1,1,1,1,-1,-1,-1,1,1,-1,-1,1,-1,-1,-1,1,-1,1,-1,1,1,-1,-1,1,-1,1,-1,1,-1,1,1,-1,1,-1,1,-1,1,1,-1,1,-1,1,1,-1,-1,1,-1,-1,-1,-1,-1,1,1,1,1,-1,-1,-1,1,1,1,-1,1,-1,-1,-1,1,1,-1,1,-1,1,-1,-1,-1,1,1,-1,1,-1,-1,1,1,-1,-1,-1,-1,-1,1,1,1,-1,-1,1,-1,1,-1,-1,-1,-1,-1,-1,-1,-1,1,-1,-1,-1,-1,1,-1,1,-1,1,-1,1,-1,1,1,-1,1,1,-1,1,-1,-1,1,-1,1,1,-1,-1,-1,-1,-1,-1,1,1,-1,1,1,-1,1,-1,-1,-300.64702820608534,1
712,-1,-1,1,1,-1,1,1,-1,1,1,1,1,1,-1,-1,1,-1,1,-1,1,1,-1,-1,-1,1,1,1,1,1,-1,-1,-1,-1,1,-1,1,1,1,1,-1,-1,1,1,1,1,1,-1,-1,-1,1,1,-1,1,1,1,-1,-1,-1,1,-1,1,1,-1,1,1,-1,-1,-1,-1,-1,-1,1,1,1,1,-1,-1,-1,1,1,-1,-1,1,-1,1,-1,-1,-1,1,-1,1,-1,-1,1,-1,-1,1,1,1,-1,-1,-1,-1,1,-1,1,1,-1,1,-1,1,-1,-1,1,-1,-1,-1,-1,-1,-1,-1,-1,1,1,1,1,-1,-1,1,1,1,-1,-1,1,1,-1,-1,1,1,-1,1,-1,1,-1,-1,-1,1,1,-1,-1,-1,-1,1,1,-1,-1,-1,-1,-1,1,1,-1,-1,-1,1,-1,1,-1,-1,-1,-1,-1,-1,-1,-1,1,-1,-1,-1,-1,1,-1,1,-1,1,1,-1,-1,-1,1,-1,1,1,-1,1,-1,-1,-1,-1,1,1,-1,-1,-1,-1,1,-1,1,1,-1,1,-1,-1,1,-1,1,-300.6433493719671,1
713,-1,1,-1,1,1,-1,1,1,-1,1,-1,-1,-1,-1,-1,-1,1,1,1,-1,-1,-1,-1,-1,-1,-1,1,1,-1,1,1,1,1,-1,-1,1,-1,-1,1,-1,1,1,1,1,-1,1,1,-1,1,1,1,1,1,1,1,-1,-1,-1,1,-1,1,1,-1,1,1,-1,1,1,-1,-1,1,1,1,1,1,-1,-1,-1,1,1,-1,-1,1,-1,1,-1,-1,1,1,-1,1,-1,-1,1,-1,-1,1,1,1,-1,-1,-1,-1,1,-1,1,1,-1,-1,-1,1,1,1,1,-1,-1,-1,1,-1,-1,-1,-1,1,-1,-1,1,-1,-1,1,1,1,-1,1,1,1,1,-1,1,1,1,1,-1,1,-1,-1,-1,1,1,-1,-1,-1,-1,1,-1,-1,-1,1,-1,-1,-1,-1,-1,1,-1,1,1,1,-1,1,1,-1,1,-1,-1,1,1,-1,1,1,1,1,-1,1,1,1,1,-1,-1,-1,1,-1,1,-1,-1,1,-1,-1,-1,-1,1,1,1,-1,-1,1,1,-1,1,1,-1,-1,-1,-1,-1,1,-1,-300.6428500707641,1
714,-1,1,-1,1,1,-1,1,1,-1,1,-1,-1,1,1,1,1,1,-1,-1,1,1,-1,-1,-1,1,1,-1,1,1,1,-1,-1,1,1,-1,-1,1,1,-1,-1,1,-1,1,1,-1,1,1,-1,-1,1,1,-1,1,1,1,-1,-1,-1,1,-1,1,1,-1,1,1,-1,-1,-1,-1,-1,-1,1,1,1,1,-1,-1,-1,1,1,-1,-1,1,-1,1,-1,-1,1,1,-1,1,1,-1,-1,1,-1,1,1,1,-1,-1,-1,-1,1,-1,-1,1,-1,1,-1,1,-1,-1,1,-1,-1,1,-1,1,1,-1,-1,1,1,1,1,-1,-1,1,1,1,-1,-1,1,-1,-1,-1,1,1,-1,1,-1,1,-1,-1,-1,-1,1,-1,1,-1,-1,-1,1,-1,-1,-1,-1,-1,-1,-1,-1,1,-1,1,1,1,-1,1,-1,-1,1,-1,-1,1,1,-1,1,1,1,1,-1,1,-1,1,1,1,-1,-1,1,-1,1,-1,-1,1,1,-1,-1,-1,1,1,-1,-1,-1,1,-1,-1,-1,1,-1,-1,1,-1,-1,1,1,-300.6422990135917,1
715,1,1,-1,1,1,-1,1,1,-1,1,-1,-1,1,1,-1,1,1,1,-1,1,-1,-1,-1,-1,1,1,-1,1,1,1,-1,-1,1,1,-1,-1,1,1,-1,-1,1,-1,1,1,-1,1,1,-1,-1,1,1,-1,1,1,1,-1,-1,-1,1,-1,1,1,-1,1,1,-1,1,-1,-1,-1,-1,1,1,1,1,-1,-1,-1,1,1,-1,-1,1,-1,-1,-1,-1,-1,1,-1,1,-1,-1,-1,-1,-1,1,-1,1,-1,1,-1,-1,1,-1,1,-1,-1,1,-1,1,-1,1,1,-1,-1,1,-1,-1,-1,-1,-1,1,1,1,1,-1,-1,-1,1,1,1,-1,1,-1,-1,-1,1,1,-1,1,-1,1,-1,-1,-1,1,1,-1,-1,-1,-1,1,1,-1,1,-1,-1,-1,-1,-1,-1,1,-1,1,1,1,-1,1,-1,-1,1,-1,-1,1,1,-1,1,1,1,1,-1,1,-1,1,1,1,-1,-1,1,-1,1,-1,-1,1,-1,-1,-1,-1,1,1,-1,-1,-1,1,-1,-1,1,1,-1,-1,1,-1,-1,1,1,-300.63687535606516,1
716,-1,1,-1,1,1,-1,1,1,-1,1,-1,-1,-1,-1,-1,-1,-1,1,1,-1,-1,-1,-1,-1,-1,-1,1,1,-1,1,1,1,-1,-1,-1,1,-1,-1,1,-1,1,1,1,1,-1,1,1,-1,1,1,1,1,1,1,1,-1,-1,-1,1,-1,1,1,-1,1,1,-1,1,1,-1,-1,1,1,1,1,1,-1,-1,-1,1,1,-1,-1,1,-1,1,-1,-1,1,1,-1,1,-1,-1,1,-1,-1,1,1,1,-1,-1,-1,-1,1,-1,1,1,-1,-1,-1,1,1,1,1,-1,-1,-1,1,-1,-1,-1,-1,1,-1,-1,1,-1,-1,1,1,1,-1,1,1,1,1,-1,1,1,1,1,-1,1,-1,-1,-1,1,1,-1,-1,-1,-1,1,-1,-1,-1,1,-1,-1,-1,-1,-1,1,-1,1,-1,1,-1,1,1,-1,1,-1,-1,1,1,-1,1,1,1,1,-1,1,-1,1,1,-1,-1,-1,1,-1,1,-1,-1,1,-1,-1,-1,-1,1,1,1,-1,-1,1,1,-1,1,1,-1,-1,-1,-1,-1,1,1,-300.63296618738474,5
717,1,-1,1,-1,-1,1,-1,-1,1,-1,1,1,1,1,1,1,1,-1,-1,1,1,1,1,1,1,1,-1,-1,1,-1,-1,-1,1,1,1,-1,1,1,-1,1,-1,-1,-1,-1,1,-1,-1,1,-1,-1,-1,-1,-1,-1,-1,1,1,1,-1,1,-1,-1,1,-1,-1,1,-1,-1,1,1,-1,-1,-1,-1,-1,1,1,1,-1,-1,1,1,-1,1,-1,1,1,-1,-1,1,-1,1,1,-1,1,1,-1,-1,-1,1,1,1,1,-1,1,-1,-1,1,1,1,-1,-1,-1,-1,1,1,1,-1,1,1,1,1,-1,1,1,-1,1,1,-1,-1,-1,1,-1,-1,-1,-1,1,-1,-1,-1,-1,1,-1,1,1,1,-1,-1,1,1,1,1,-1,1,1,1,-1,1,1,1,1,1,-1,1,-1,1,-1,1,-1,-1,1,-1,1,1,-1,-1,1,-1,-1,-1,-1,1,-1,1,-1,-1,1,1,1,-1,1,-1,1,1,-1,1,1,1,1,-1,-1,-1,1,1,-1,-1,1,-1,-1,1,1,1,1,1,-1,-1,-300.63296618738474,2
718,1,1,-1,-1,1,-1,-1,1,-1,-1,-1,-1,-1,1,1,-1,1,-1,1,-1,-1,1,1,1,-1,-1,-1,-1,-1,1,1,1,1,-1,1,1,-1,-1,1,1,1,1,-1,-1,1,-1,1,1,1,-1,-1,1,-1,-1,-1,1,1,1,-1,1,-1,-1,1,-1,-1,1,1,1,1,1,1,-1,-1,-1,-1,1,1,1,-1,-1,1,1,-1,1,1,1,1,1,-1,1,-1,1,1,1,1,1,-1,1,-1,1,-1,1,1,-1,1,-1,1,1,-1,1,-1,1,-1,-1,1,1,-1,1,1,1,1,1,-1,-1,-1,-1,1,1,1,-1,-1,-1,1,-1,1,1,1,-1,-1,1,-1,1,-1,1,1,1,-1,-1,1,1,1,1,-1,-1,1,-1,1,1,1,-1,-1,-1,1,1,-1,1,-1,1,1,1,1,1,1,1,1,-1,1,1,1,1,-1,1,-1,1,-1,-1,-1,1,1,-1,1,-1,-1,1,-1,1,1,1,1,-1,-1,1,1,1,1,1,1,-1,-1,1,-1,-1,1,-1,-1,-1,-300.6271547336601,1
719,-1,-1,1,1,-1,1,1,-1,1,1,1,1,1,-1,-1,1,-1,1,-1,1,1,-1,-1,-1,1,1,1,1,1,-1,-1,-1,-1,1,-1,-1,1,1,-1,-1,-1,1,1,1,1,1,-1,-1,-1,1,1,-1,1,1,1,-1,-1,-1,1,-1,1,1,-1,1,1,-1,-1,-1,-1,-1,-1,1,1,1,1,-1,-1,-1,1,1,-1,-1,1,-1,-1,-1,-1,-1,1,-1,1,1,-1,-1,1,-1,1,-1,1,-1,1,-1,-1,1,-1,-1,1,-1,1,-1,1,-1,-1,1,-1,-1,1,-1,-1,1,-1,-1,1,1,1,1,-1,-1,-1,1,1,1,-1,1,-1,-1,-1,1,1,-1,1,-1,1,-1,-1,-1,-1,1,-1,1,-1,-1,1,1,-1,-1,-1,-1,-1,1,1,1,-1,-1,1,-1,1,-1,-1,-1,-1,-1,-1,-1,-1,1,-1,-1,-1,-1,1,-1,1,-1,1,1,-1,-1,-1,-1,-1,1,1,-1,1,-1,-1,-1,-1,1,1,-1,-1,-1,-1,1,-1,1,1,-1,1,1,-1,1,-1,1,-300.6254482116558,1
720,-1,-1,1,1,-1,1,1,-1,1,1,1,1,1,-1,-1,1,-1,1,-1,1,1,-1,-1,-1,1,1,1,1,1,-1,-1,-1,-1,1,-1,-1,1,1,-1,-1,-1,1,1,1,1,1,-1,-1,-1,1,1,-1,1,1,1,-1,-1,-1,1,-1,1,1,-1,1,1,-1,-1,-1,-1,-1,-1,1,1,1,1,-1,-1,-1,-1,1,-1,1,1,-1,-1,-1,-1,1,1,-1,1,-1,-1,-1,-1,-1,-1,-1,1,1,1,-1,-1,1,-1,-1,-1,-1,1,-1,-1,-1,1,-1,-1,-1,1,-1,-1,1,-1,-1,-1,1,1,-1,-1,-1,-1,1,1,1,-1,1,-1,-1,-1,1,1,-1,1,-1,1,1,-1,-1,1,1,-1,-1,-1,-1,1,1,-1,1,-1,-1,-1,1,1,1,-1,-1,1,-1,1,-1,-1,-1,-1,-1,-1,-1,-1,1,-1,-1,-1,-1,1,-1,1,-1,1,1,-1,-1,-1,-1,-1,1,1,-1,1,-1,-1,-1,-1,1,1,-1,-1,-1,-1,1,-1,1,1,-1,1,1,-1,1,-1,1,-300.62338154776546,1
721,-1,1,-1,1,1,-1,1,1,-1,1,-1,-1,-1,-1,-1,-1,1,1,1,-1,-1,-1,-1,-1,-1,-1,-1,1,-1,1,1,1,1,-1,-1,-1,-1,-1,-1,-1,1,-1,1,1,-1,1,1,-1,1,1,1,1,1,1,1,-1,-1,-1,1,-1,1,1,-1,1,1,-1,1,1,-1,-1,1,1,1,1,1,-1,-1,-1,1,1,-1,-1,1,-1,1,-1,-1,1,1,-1,1,-1,-1,1,-1,-1,1,1,1,-1,-1,-1,-1,1,-1,1,1,-1,-1,-1,1,1,1,1,-1,-1,-1,1,-1,-1,-1,-1,1,-1,-1,1,-1,-1,1,1,1,-1,1,1,1,1,-1,1,1,1,-1,-1,1,-1,-1,-1,1,1,-1,-1,-1,-1,1,-1,-1,-1,1,-1,-1,-1,-1,-1,1,-1,1,1,1,-1,1,-1,-1,1,-1,-1,1,1,-1,1,1,1,1,-1,1,-1,1,1,1,-1,-1,1,-1,1,-1,-1,1,-1,-1,-1,-1,1,1,-1,-1,-1,1,-1,-1,1,1,-1,-1,1,-1,-1,1,-1,-300.6231119228369,3
722,1,-1,1,-1,-1,1,-1,-1,1,-1,1,1,1,1,1,1,-1,-1,-1,1,1,1,1,1,1,1,1,-1,1,-1,-1,-1,-1,1,1,1,1,1,1,1,-1,1,-1,-1,1,-1,-1,1,-1,-1,-1,-1,-1,-1,-1,1,1,1,-1,1,-1,-1,1,-1,-1,1,-1,-1,1,1,-1,-1,-1,-1,-1,1,1,1,-1,-1,1,1,-1,1,-1,1,1,-1,-1,1,-1,1,1,-1,1,1,-1,-1,-1,1,1,1,1,-1,1,-1,-1,1,1,1,-1,-1,-1,-1,1,1,1,-1,1,1,1,1,-1,1,1,-1,1,1,-1,-1,-1,1,-1,-1,-1,-1,1,-1,-1,-1,1,1,-1,1,1,1,-1,-1,1,1,1,1,-1,1,1,1,-1,1,1,1,1,1,-1,1,-1,-1,-1,1,-1,1,1,-1,1,1,-1,-1,1,-1,-1,-1,-1,1,-1,1,-1,-1,-1,1,1,-1,1,-1,1,1,-1,1,1,1,1,-1,-1,1,1,1,-1,1,1,-1,-1,1,1,-1,1,1,-1,1,-300.6231119228369,1
723,1,-1,1,-1,-1,1,-1,-1,1,-1,1,1,1,1,1,1,-1,-1,-1,1,1,1,1,1,1,1,1,-1,1,-1,-1,-1,-1,1,1,1,-1,-1,1,1,-1,1,-1,-1,1,-1,-1,1,-1,-1,-1,-1,-1,-1,-1,1,1,1,-1,1,-1,-1,1,-1,-1,1,-1,1,1,1,1,-1,-1,-1,-1,1,1,1,-1,-1,1,1,-1,1,1,1,1,1,-1,1,-1,1,1,1,1,1,-1,1,-1,1,-1,1,1,-1,1,-1,1,1,1,1,-1,-1,-1,-1,1,1,-1,-1,1,1,1,1,-1,1,1,-1,1,1,1,-1,-1,-1,-1,-1,1,-1,1,-1,-1,1,-1,1,-1,1,1,1,-1,-1,1,1,1,1,-1,1,1,-1,-1,1,1,1,1,1,-1,1,-1,-1,-1,1,-1,1,1,-1,1,1,-1,-1,1,-1,-1,-1,-1,1,-1,1,-1,-1,-1,1,1,-1,1,-1,1,1,-1,1,1,1,1,-1,-1,1,1,1,-1,1,1,-1,-1,1,1,-1,1,1,-1,-1,-300.61760782857135,1
724,-1,1,-1,1,1,-1,1,1,-1,1,-1,-1,-1,-1,-1,-1,1,1,1,-1,-1,-1,-1,-1,-1,-1,-1,1,-1,1,1,1,1,-1,-1,-1,1,1,-1,-1,1,-1,1,1,-1,1,1,-1,1,1,1,1,1,1,1,-1,-1,-1,1,-1,1,1,-1,1,1,-1,1,-1,-1,-1,-1,1,1,1,1,-1,-1,-1,1,1,-1,-1,1,-1,-1,-1,-1,-1,1,-1,1,-1,-1,-1,-1,-1,1,-1,1,-1,1,-1,-1,1,-1,1,-1,-1,-1,-1,1,1,1,1,-1,-1,1,1,-1,-1,-1,-1,1,-1,-1,1,-1,-1,-1,1,1,1,1,1,-1,1,-1,1,1,-1,1,-1,1,-1,-1,-1,1,1,-1,-1,-1,-1,1,-1,-1,1,1,-1,-1,-1,-1,-1,1,-1,1,1,1,-1,1,-1,-1,1,-1,-1,1,1,-1,1,1,1,1,-1,1,-1,1,1,1,-1,-1,1,-1,1,-1,-1,1,-1,-1,-1,-1,1,1,-1,-1,-1,1,-1,-1,1,1,-1,-1,1,-1,-1,1,1,-300.61760782857135,4
725,-1,-1,1,1,-1,1,1,-1,1,1,1,1,1,-1,-1,1,-1,1,-1,1,1,-1,-1,-1,1,1,1,1,1,-1,-1,-1,-1,1,-1,-1,1,1,-1,-1,-1,1,1,1,1,1,-1,-1,-1,1,1,-1,1,1,1,-1,-1,-1,1,-1,1,1,-1,1,1,-1,-1,-1,-1,-1,-1,1,1,1,1,-1,-1,-1,1,1,1,-1,1,-1,-1,-1,1,-1,1,-1,1,-1,-1,-1,-1,-1,1,-1,1,-1,1,1,-1,1,-1,1,-1,1,1,-1,1,-1,1,1,-1,-1,1,-1,-1,-1,-1,-1,1,1,1,1,-1,-1,-1,1,1,1,-1,1,-1,-1,-1,1,1,-1,1,-1,1,-1,-1,-1,1,1,-1,-1,-1,-1,1,1,-1,1,-1,-1,-1,1,1,1,-1,-1,1,-1,1,-1,-1,-1,-1,-1,-1,-1,-1,1,-1,-1,-1,-1,1,-1,1,-1,1,-1,-1,-1,-1,-1,1,1,1,-1,1,-1,-1,1,-1,1,1,-1,-1,-1,-1,1,-1,1,1,-1,1,1,-1,1,-1,1,-300.61277143684606,1
726,1,1,-1,-1,1,-1,-1,1,-1,-1,-1,-1,-1,1,1,-1,1,-1,1,-1,-1,1,1,1,-1,-1,-1,-1,-1,1,1,1,1,-1,1,-1,-1,-1,-1,1,1,-1,-1,-1,-1,-1,-1,1,1,-1,-1,1,-1,-1,-1,1,1,1,-1,1,-1,-1,1,-1,-1,1,1,1,1,1,1,-1,-1,-1,-1,1,1,1,-1,-1,1,1,-1,1,1,1,1,1,-1,1,-1,1,1,1,1,1,-1,1,-1,1,-1,1,1,-1,1,-1,1,1,-1,1,-1,1,1,-1,1,1,-1,1,1,1,1,1,-1,-1,-1,-1,1,1,1,-1,-1,-1,1,-1,1,1,1,-1,-1,1,-1,1,-1,1,1,1,-1,-1,1,1,1,1,-1,-1,1,-1,1,1,1,-1,1,1,1,1,-1,1,-1,1,1,1,1,1,1,1,1,-1,1,1,-1,-1,-1,1,-1,1,-1,-1,1,1,1,-1,1,-1,-1,1,-1,1,1,1,1,-1,-1,1,1,1,1,-1,1,-1,-1,1,-1,1,1,-1,1,1,-300.61058217118006,1
727,1,-1,1,-1,-1,1,-1,-1,1,-1,1,1,1,1,1,1,-1,-1,-1,1,1,1,1,1,1,1,1,-1,1,-1,-1,-1,-1,1,1,1,1,1,1,-1,-1,1,-1,-1,1,-1,-1,1,-1,-1,-1,-1,-1,-1,-1,1,1,1,-1,1,-1,-1,1,-1,-1,1,-1,-1,1,1,-1,-1,-1,-1,-1,1,1,1,-1,-1,1,1,-1,1,-1,1,1,-1,-1,1,-1,1,1,-1,1,1,-1,-1,-1,1,1,1,1,-1,1,-1,-1,1,1,1,-1,-1,-1,-1,1,1,1,-1,1,1,1,1,-1,1,1,-1,1,1,-1,-1,-1,1,-1,-1,-1,-1,1,-1,-1,1,-1,1,-1,1,1,1,-1,-1,1,1,1,1,-1,1,1,1,-1,1,1,1,1,1,-1,1,-1,-1,-1,1,-1,1,1,-1,1,1,-1,-1,1,-1,-1,-1,-1,1,-1,1,-1,-1,-1,1,1,-1,1,-1,1,1,-1,1,1,1,1,-1,-1,1,1,1,-1,1,1,-1,-1,1,1,-1,1,1,-1,-1,-300.6018784983821,2
728,-1,1,-1,1,1,-1,1,1,-1,1,-1,-1,-1,-1,-1,-1,1,1,1,-1,-1,-1,-1,-1,-1,-1,-1,1,-1,1,1,1,1,-1,-1,-1,-1,-1,-1,1,1,-1,1,1,-1,1,1,-1,1,1,1,1,1,1,1,-1,-1,-1,1,-1,1,1,-1,1,1,-1,1,1,-1,-1,1,1,1,1,1,-1,-1,-1,1,1,-1,-1,1,-1,1,-1,-1,1,1,-1,1,-1,-1,1,-1,-1,1,1,1,-1,-1,-1,-1,1,-1,1,1,-1,-1,-1,1,1,1,1,-1,-1,-1,1,-1,-1,-1,-1,1,-1,-1,1,-1,-1,1,1,1,-1,1,1,1,1,-1,1,1,-1,1,-1,1,-1,-1,-1,1,1,-1,-1,-1,-1,1,-1,-1,-1,1,-1,-1,-1,-1,-1,1,-1,1,1,1,-1,1,-1,-1,1,-1,-1,1,1,-1,1,1,1,1,-1,1,-1,1,1,1,-1,-1,1,-1,1,-1,-1,1,-1,-1,-1,-1,1,1,-1,-1,-1,1,-1,-1,1,1,-1,-1,1,-1,-1,1,1,-300.6018784983821,5
729,-1,1,-1,1,1,-1,1,1,-1,1,-1,-1,-1,-1,-1,-1,1,1,1,-1,-1,-1,-1,-1,-1,-1,1,1,-1,1,1,1,1,-1,-1,1,-1,-1,1,-1,1,1,1,1,-1,1,1,-1,1,1,1,1,1,1,1,-1,-1,-1,1,-1,1,1,-1,1,1,-1,1,1,-1,-1,1,1,1,1,1,-1,-1,-1,1,1,-1,-1,1,-1,1,-1,-1,1,1,-1,1,-1,-1,1,-1,-1,1,1,1,-1,-1,-1,1,1,-1,1,1,-1,-1,-1,1,1,1,1,-1,-1,-1,1,-1,-1,-1,-1,1,-1,-1,1,-1,-1,1,1,1,-1,1,1,1,1,-1,1,1,1,1,-1,1,-1,-1,-1,1,1,-1,-1,-1,-1,1,-1,-1,-1,1,-1,-1,-1,-1,-1,1,-1,1,1,1,-1,1,1,-1,1,-1,-1,1,1,-1,1,1,1,1,-1,1,1,1,1,-1,-1,-1,1,-1,1,-1,-1,1,-1,-1,-1,-1,1,1,1,-1,-1,1,1,-1,1,1,-1,-1,-1,-1,-1,1,1,-300.59626479100046,1
730,1,1,1,-1,1,-1,-1,1,-1,-1,-1,-1,-1,1,1,-1,1,-1,1,-1,-1,1,1,1,-1,-1,-1,-1,-1,1,1,1,1,-1,1,1,-1,-1,1,1,1,1,-1,-1,1,-1,1,1,1,-1,-1,1,-1,-1,-1,1,1,1,-1,1,-1,-1,1,-1,-1,1,1,1,1,1,1,-1,-1,-1,-1,1,1,1,-1,-1,1,1,-1,1,1,1,1,1,-1,1,-1,-1,1,1,-1,1,-1,1,-1,1,-1,1,1,-1,1,-1,1,1,-1,1,-1,1,1,-1,1,1,-1,1,1,1,1,1,-1,-1,-1,-1,1,1,1,-1,-1,-1,1,-1,1,1,1,-1,-1,1,-1,1,-1,1,1,1,-1,-1,1,-1,1,1,-1,-1,1,1,1,1,1,-1,-1,-1,1,1,-1,1,-1,1,1,1,1,1,1,1,1,-1,1,1,1,1,-1,1,-1,1,-1,-1,-1,1,1,-1,1,-1,-1,1,-1,1,1,1,1,-1,-1,1,1,1,-1,1,1,-1,-1,1,1,-1,1,-1,1,1,-300.59475293038895,1
731,-1,1,-1,1,1,-1,1,1,-1,1,-1,-1,-1,-1,-1,-1,1,-1,1,-1,-1,-1,-1,-1,-1,-1,1,1,-1,1,1,1,1,-1,-1,1,-1,-1,1,-1,1,1,1,1,-1,1,1,-1,1,1,1,1,1,1,1,-1,-1,-1,1,-1,1,1,-1,1,1,-1,1,1,-1,-1,1,1,1,1,1,-1,-1,-1,1,1,-1,-1,1,-1,1,-1,-1,1,1,-1,1,-1,-1,1,-1,-1,1,1,1,-1,-1,-1,-1,1,-1,1,1,-1,-1,-1,1,1,1,1,-1,-1,-1,1,-1,-1,-1,-1,1,-1,-1,1,-1,-1,1,1,1,-1,1,1,1,1,-1,1,1,1,1,-1,1,-1,-1,-1,1,1,-1,-1,-1,-1,1,-1,-1,-1,1,-1,-1,-1,-1,-1,1,-1,1,1,1,-1,1,-1,-1,1,-1,-1,1,1,-1,1,1,1,1,-1,1,1,1,1,-1,-1,-1,1,-1,1,-1,-1,1,-1,-1,-1,-1,1,1,1,-1,-1,1,1,-1,1,1,-1,-1,-1,-1,-1,1,1,-300.5942521410375,1
732,-1,1,-1,1,1,-1,1,1,-1,1,-1,-1,-1,-1,-1,-1,1,1,1,-1,-1,-1,-1,-1,-1,-1,1,1,-1,1,1,1,1,-1,-1,1,-1,-1,1,-1,1,1,1,1,-1,1,1,-1,1,1,1,1,1,1,1,-1,-1,-1,1,-1,1,1,-1,1,1,-1,1,1,-1,-1,1,1,1,1,1,-1,-1,-1,1,1,-1,-1,1,-1,1,-1,-1,1,1,-1,1,-1,-1,1,-1,-1,1,1,1,-1,-1,-1,-1,1,-1,1,1,-1,-1,-1,1,1,1,1,-1,-1,-1,1,-1,-1,-1,-1,1,-1,-1,1,-1,-1,1,1,1,-1,1,1,1,1,-1,1,1,1,-1,-1,1,-1,-1,-1,1,1,-1,-1,-1,-1,1,-1,-1,-1,1,-1,-1,-1,-1,-1,1,-1,1,1,1,-1,1,1,-1,1,-1,-1,1,1,-1,1,1,1,1,-1,1,1,1,1,-1,-1,-1,1,-1,1,-1,-1,1,-1,-1,-1,-1,1,1,1,-1,-1,1,1,-1,1,1,-1,-1,-1,-1,-1,1,-1,-300.59266686494743,1
733,-1,1,-1,1,1,-1,1,1,-1,1,-1,-1,-1,-1,-1,-1,1,-1,1,-1,-1,-1,-1,-1,-1,-1,1,1,-1,1,1,1,1,-1,-1,1,-1,-1,1,-1,1,1,1,1,-1,1,1,-1,1,1,1,1,1,1,1,-1,-1,-1,1,-1,1,1,-1,1,1,-1,1,1,-1,-1,1,1,1,1,1,-1,-1,-1,1,1,-1,-1,1,-1,1,-1,-1,1,1,-1,1,-1,-1,1,-1,-1,1,1,1,-1,-1,-1,-1,1,-1,1,1,-1,-1,-1,1,1,1,1,-1,-1,1,1,-1,-1,-1,-1,1,-1,-1,1,-1,-1,1,1,1,-1,1,1,1,1,-1,1,1,1,1,-1,1,-1,-1,-1,1,1,-1,-1,-1,-1,1,-1,-1,-1,1,-1,-1,-1,-1,-1,1,-1,1,1,1,-1,1,1,-1,1,-1,-1,1,1,-1,1,1,1,1,-1,1,1,1,1,-1,-1,-1,1,-1,1,-1,-1,1,-1,-1,-1,-1,1,1,1,-1,-1,1,1,-1,1,1,-1,-1,-1,-1,-1,1,-1,-300.59125449280776,2
734,-1,1,-1,1,1,-1,1,1,-1,1,-1,-1,-1,-1,-1,-1,1,-1,1,-1,-1,-1,-1,-1,-1,-1,1,1,-1,1,1,1,1,-1,-1,1,-1,-1,1,1,1,1,1,1,-1,1,1,-1,1,1,1,1,1,1,1,-1,-1,-1,1,-1,1,1,-1,1,1,-1,1,-1,-1,-1,-1,1,1,1,1,-1,-1,-1,1,1,-1,-1,1,-1,-1,-1,-1,-1,1,-1,1,-1,-1,-1,-1,-1,1,-1,1,-1,1,-1,-1,1,-1,1,-1,-1,-1,-1,1,1,1,1,-1,-1,1,1,-1,-1,-1,-1,1,-1,-1,1,-1,-1,-1,1,1,1,1,1,-1,1,-1,1,1,-1,1,-1,1,-1,-1,-1,1,1,-1,-1,-1,-1,1,-1,-1,1,1,-1,-1,-1,-1,-1,1,-1,1,1,1,-1,1,1,-1,1,-1,-1,1,1,-1,1,1,1,1,-1,1,1,1,1,-1,-1,-1,1,-1,1,-1,-1,1,-1,-1,-1,-1,1,1,1,-1,-1,1,1,-1,1,1,-1,-1,-1,-1,-1,1,1,-300.58588121075616,24
735,1,-1,1,-1,-1,1,-1,-1,1,-1,1,1,1,1,1,1,-1,1,-1,1,1,1,1,1,1,1,-1,-1,1,-1,-1,-1,-1,1,1,-1,1,1,-1,-1,-1,-1,-1,-1,1,-1,-1,1,-1,-1,-1,-1,-1,-1,-1,1,1,1,-1,1,-1,-1,1,-1,-1,1,-1,1,1,1,1,-1,-1,-1,-1,1,1,1,-1,-1,1,1,-1,1,1,1,1,1,-1,1,-1,1,1,1,1,1,-1,1,-1,1,-1,1,1,-1,1,-1,1,1,1,1,-1,-1,-1,-1,1,1,-1,-1,1,1,1,1,-1,1,1,-1,1,1,1,-1,-1,-1,-1,-1,1,-1,1,-1,-1,1,-1,1,-1,1,1,1,-1,-1,1,1,1,1,-1,1,1,-1,-1,1,1,1,1,1,-1,1,-1,-1,-1,1,-1,-1,1,-1,1,1,-1,-1,1,-1,-1,-1,-1,1,-1,-1,-1,-1,1,1,1,-1,1,-1,1,1,-1,1,1,1,1,-1,-1,-1,1,1,-1,-1,1,-1,-1,1,1,1,1,1,-1,-1,-300.58588121075616,8
736,1,-1,1,-1,-1,1,-1,-1,1,-1,1,1,1,1,1,1,-1,-1,-1,1,-1,1,1,1,1,1,1,-1,1,-1,-1,-1,-1,1,1,1,1,1,1,-1,-1,1,-1,-1,1,-1,-1,1,-1,-1,-1,-1,-1,-1,-1,1,1,1,-1,1,-1,-1,1,-1,-1,1,-1,-1,1,1,-1,-1,-1,-1,-1,1,1,1,-1,-1,1,1,-1,1,-1,1,1,-1,-1,1,-1,1,1,-1,1,1,-1,-1,-1,1,1,1,1,-1,1,-1,-1,1,1,1,-1,-1,-1,-1,1,1,1,-1,1,1,1,1,-1,1,1,-1,1,1,-1,-1,-1,1,-1,-1,-1,-1,1,-1,-1,1,-1,1,-1,1,1,1,-1,-1,1,1,1,1,-1,1,1,1,-1,1,1,1,1,1,-1,1,-1,-1,-1,1,-1,1,1,-1,1,1,-1,-1,1,1,1,1,-1,1,-1,1,-1,-1,-1,1,1,-1,1,-1,1,1,-1,1,1,1,1,-1,-1,1,1,1,-1,1,1,-1,-1,1,1,-1,1,1,-1,-1,-300.58344646943095,1
737,1,-1,1,-1,-1,1,-1,-1,1,-1,1,1,1,1,1,1,1,-1,-1,1,1,1,1,1,1,1,-1,-1,1,-1,-1,-1,1,1,1,-1,1,1,-1,1,-1,-1,-1,-1,1,-1,-1,1,-1,-1,-1,-1,-1,-1,-1,1,1,1,-1,1,-1,-1,1,-1,-1,1,-1,-1,1,1,-1,-1,-1,-1,-1,1,1,1,-1,-1,1,1,-1,1,-1,1,1,-1,-1,1,-1,1,1,-1,1,1,-1,-1,-1,1,1,1,1,-1,1,-1,-1,1,1,1,-1,-1,-1,-1,1,1,1,-1,1,1,1,1,-1,1,1,-1,1,1,-1,-1,-1,1,-1,-1,-1,-1,1,-1,-1,-1,1,1,-1,1,1,1,-1,-1,1,1,1,1,-1,1,1,1,-1,1,1,1,1,1,-1,1,-1,1,-1,1,-1,-1,1,-1,1,1,-1,-1,1,-1,-1,-1,-1,1,-1,1,-1,-1,1,1,1,-1,1,-1,1,1,-1,1,1,1,1,-1,-1,-1,1,1,-1,-1,1,-1,-1,1,1,1,1,1,-1,-1,-300.5827829815681,1
738,-1,1,-1,1,1,-1,1,1,-1,1,-1,-1,-1,-1,-1,-1,-1,1,1,-1,-1,-1,-1,-1,-1,-1,1,1,-1,1,1,1,-1,-1,-1,1,-1,-1,1,-1,1,1,1,1,-1,1,1,-1,1,1,1,1,1,1,1,-1,-1,-1,1,-1,1,1,-1,1,1,-1,1,1,-1,-1,1,1,1,1,1,-1,-1,-1,1,1,-1,-1,1,-1,1,-1,-1,1,1,-1,1,-1,-1,1,-1,-1,1,1,1,-1,-1,-1,-1,1,-1,1,1,-1,-1,-1,1,1,1,1,-1,-1,-1,1,-1,-1,-1,-1,1,-1,-1,1,-1,-1,1,1,1,-1,1,1,1,1,-1,1,1,1,-1,-1,1,-1,-1,-1,1,1,-1,-1,-1,-1,1,-1,-1,-1,1,-1,-1,-1,-1,-1,1,-1,1,-1,1,-1,1,1,-1,1,-1,-1,1,1,-1,1,1,1,1,-1,1,-1,1,1,-1,-1,-1,1,-1,1,-1,-1,1,-1,-1,-1,-1,1,1,1,-1,-1,1,1,-1,1,1,-1,-1,-1,-1,-1,1,1,-300.5827829815681,3
739,1,1,-1,-1,1,-1,-1,1,-1,-1,-1,-1,-1,1,1,-1,1,-1,1,-1,-1,1,1,1,-1,-1,-1,-1,-1,1,1,1,1,-1,1,1,-1,-1,1,1,1,1,-1,-1,-1,-1,1,1,1,-1,1,1,-1,1,-1,1,1,1,-1,1,-1,-1,1,-1,-1,1,1,1,1,1,1,-1,-1,-1,-1,1,1,1,-1,-1,1,1,-1,1,1,1,-1,1,-1,1,-1,1,1,1,1,1,-1,1,-1,1,-1,-1,1,-1,1,-1,1,-1,-1,1,-1,1,1,-1,1,1,-1,1,1,1,1,1,-1,-1,-1,-1,1,1,1,-1,-1,-1,1,-1,1,1,1,-1,-1,1,-1,1,-1,1,1,1,-1,-1,1,1,1,1,-1,-1,1,-1,1,1,1,-1,-1,-1,1,1,-1,1,-1,1,1,1,1,1,1,1,1,-1,1,1,1,1,-1,1,-1,1,-1,1,-1,1,-1,1,-1,-1,-1,1,-1,1,1,-1,1,-1,-1,1,1,1,1,-1,1,-1,-1,1,-1,-1,1,-1,1,-1,-300.5791547666296,1
740,1,1,1,-1,1,-1,-1,1,-1,-1,-1,-1,-1,1,1,-1,1,-1,1,-1,-1,1,1,1,-1,-1,-1,-1,-1,1,1,1,1,-1,1,1,-1,-1,1,1,1,1,-1,-1,1,-1,1,1,1,-1,-1,1,-1,-1,-1,1,1,1,-1,1,-1,-1,1,-1,-1,1,-1,1,1,1,1,-1,-1,-1,-1,1,1,1,-1,-1,1,1,-1,1,1,1,1,1,-1,1,-1,1,1,1,1,1,-1,1,-1,1,-1,1,1,-1,1,-1,1,1,-1,1,-1,1,-1,-1,1,1,-1,1,1,1,1,1,-1,-1,-1,-1,1,1,1,-1,-1,-1,1,-1,1,1,1,-1,-1,1,-1,1,-1,1,1,1,-1,-1,1,1,1,1,-1,-1,1,-1,1,1,1,-1,-1,1,1,1,-1,1,-1,1,1,1,1,1,1,1,1,-1,1,1,1,1,-1,1,-1,1,-1,-1,-1,1,1,-1,1,-1,-1,1,-1,1,1,1,1,-1,-1,1,1,1,-1,1,1,-1,-1,1,1,-1,1,-1,1,1,-300.57813882144774,1
741,-1,1,-1,1,1,-1,1,1,-1,1,-1,-1,-1,-1,-1,-1,1,1,1,-1,-1,-1,-1,-1,-1,-1,-1,1,-1,1,1,1,1,-1,-1,-1,-1,-1,-1,-1,1,-1,1,1,-1,1,1,-1,1,1,1,1,1,1,1,-1,-1,-1,1,-1,1,1,-1,1,1,-1,1,1,-1,-1,1,1,1,1,1,-1,-1,-1,1,1,-1,-1,1,-1,1,-1,-1,1,1,-1,1,-1,-1,1,-1,-1,1,1,1,-1,-1,-1,1,1,-1,1,1,-1,-1,-1,1,1,1,1,-1,-1,-1,1,-1,-1,-1,-1,1,-1,-1,1,-1,-1,1,1,1,-1,1,1,1,1,-1,1,1,1,-1,-1,1,-1,-1,-1,1,1,-1,-1,-1,-1,1,-1,-1,-1,1,-1,-1,-1,-1,-1,1,-1,1,1,1,-1,1,-1,-1,1,-1,-1,1,1,-1,1,1,1,1,-1,1,-1,1,1,1,-1,-1,1,-1,1,-1,-1,1,-1,-1,-1,-1,1,1,-1,-1,-1,1,-1,-1,1,1,-1,-1,1,-1,-1,1,1,-300.5765266430734,2
742,-1,1,-1,1,1,-1,1,1,-1,1,-1,-1,1,-1,-1,1,1,1,-1,1,-1,-1,-1,-1,1,1,-1,1,1,1,-1,-1,1,1,-1,-1,1,1,-1,-1,1,-1,1,1,-1,1,1,-1,-1,1,1,-1,1,1,1,-1,-1,-1,1,-1,1,1,-1,1,1,-1,-1,1,-1,-1,1,1,1,1,1,-1,-1,-1,1,1,-1,-1,1,-1,1,-1,-1,-1,1,-1,1,-1,-1,1,-1,-1,1,1,1,-1,-1,-1,-1,1,-1,1,1,-1,1,-1,1,-1,-1,1,-1,-1,1,-1,-1,-1,-1,-1,1,1,1,1,-1,-1,1,1,1,-1,-1,1,1,-1,-1,1,1,-1,1,-1,1,-1,-1,-1,1,1,-1,-1,-1,-1,1,1,-1,-1,-1,-1,-1,-1,-1,-1,1,-1,1,1,1,-1,1,-1,-1,-1,-1,-1,1,1,-1,1,1,1,1,-1,1,-1,1,1,1,-1,-1,1,-1,1,-1,-1,1,-1,-1,-1,-1,1,1,-1,-1,-1,1,-1,-1,1,1,-1,-1,1,-1,-1,1,-1,-300.5756254327677,1
743,1,1,-1,-1,1,-1,-1,1,-1,-1,-1,-1,-1,1,1,-1,1,-1,1,-1,-1,1,1,1,-1,-1,-1,-1,-1,1,1,1,1,-1,1,-1,-1,-1,-1,1,1,-1,-1,-1,-1,-1,1,1,1,-1,-1,1,-1,-1,-1,1,1,1,-1,1,-1,-1,1,-1,-1,1,1,1,1,1,1,-1,-1,-1,-1,1,1,1,-1,-1,1,1,-1,1,1,1,1,-1,-1,1,-1,1,1,-1,1,1,1,1,-1,-1,-1,1,1,-1,1,-1,1,1,-1,1,1,1,-1,1,1,1,1,1,1,1,1,1,-1,-1,-1,1,1,1,1,-1,-1,-1,1,-1,1,1,1,-1,-1,1,-1,1,-1,1,1,1,-1,-1,1,1,1,1,-1,-1,1,-1,1,1,1,-1,-1,1,1,1,-1,1,-1,1,1,1,1,1,1,1,1,-1,1,1,1,1,-1,1,-1,1,-1,-1,1,1,1,-1,1,-1,-1,1,-1,1,1,1,1,-1,-1,1,1,1,1,-1,1,-1,-1,1,-1,1,1,-1,1,-1,-300.57456350325236,1
744,-1,-1,1,1,-1,1,1,-1,1,1,1,1,1,-1,-1,1,-1,1,-1,1,1,-1,-1,-1,1,1,1,1,1,-1,-1,-1,-1,1,-1,-1,1,1,-1,-1,-1,-1,1,1,-1,1,-1,-1,-1,1,1,-1,1,1,1,-1,-1,-1,1,-1,1,1,-1,1,1,-1,-1,-1,-1,-1,-1,1,1,1,1,-1,-1,-1,1,1,-1,-1,1,-1,-1,-1,-1,-1,1,-1,1,1,-1,-1,1,-1,1,-1,1,-1,1,-1,-1,1,-1,1,-1,-1,1,-1,1,-1,1,1,-1,-1,1,-1,-1,-1,-1,-1,1,1,1,1,-1,-1,-1,1,1,1,-1,1,-1,-1,-1,1,1,-1,1,-1,1,-1,-1,-1,1,1,-1,1,-1,-1,1,1,-1,-1,-1,-1,-1,1,1,1,-1,-1,1,-1,1,-1,-1,-1,-1,-1,-1,-1,-1,1,-1,-1,-1,-1,1,-1,1,-1,1,1,1,-1,-1,1,-1,1,1,-1,1,-1,-1,-1,-1,1,1,-1,-1,-1,-1,-1,-1,1,1,-1,-1,1,-1,1,-1,1,-300.57435498997813,1
745,1,-1,1,-1,-1,1,-1,-1,1,-1,1,1,1,1,1,1,-1,-1,-1,1,1,1,1,1,1,1,-1,-1,1,-1,-1,-1,-1,1,1,-1,1,1,-1,-1,-1,-1,-1,-1,1,-1,-1,1,-1,-1,-1,-1,-1,-1,-1,1,1,1,-1,1,-1,-1,1,-1,-1,1,-1,-1,1,1,-1,-1,-1,-1,-1,1,1,1,-1,-1,1,1,-1,1,-1,1,1,-1,-1,1,-1,1,1,-1,1,1,-1,-1,-1,1,1,1,1,-1,1,-1,-1,1,1,1,-1,-1,-1,-1,1,1,1,-1,1,1,1,1,-1,1,1,-1,1,1,-1,-1,-1,1,-1,-1,-1,-1,1,-1,-1,1,-1,1,-1,1,1,1,-1,-1,1,1,1,1,-1,1,1,1,-1,1,1,1,1,1,-1,1,-1,-1,-1,1,-1,-1,1,-1,1,1,-1,-1,1,-1,-1,-1,-1,1,-1,-1,-1,-1,1,1,1,-1,1,-1,1,1,-1,1,1,1,1,-1,-1,-1,1,1,-1,-1,1,-1,-1,1,1,1,1,1,-1,-1,-300.5714334404925,1
746,-1,1,-1,1,1,-1,1,1,-1,1,-1,-1,-1,-1,-1,-1,1,1,1,-1,-1,-1,-1,-1,-1,-1,1,1,-1,1,1,1,1,-1,-1,1,-1,-1,1,1,1,1,1,1,-1,1,1,-1,1,1,1,1,1,1,1,-1,-1,-1,1,-1,1,1,-1,1,1,-1,1,1,-1,-1,1,1,1,1,1,-1,-1,-1,1,1,-1,-1,1,-1,1,-1,-1,1,1,-1,1,-1,-1,1,-1,-1,1,1,1,-1,-1,-1,-1,1,-1,1,1,-1,-1,-1,1,1,1,1,-1,-1,-1,1,-1,-1,-1,-1,1,-1,-1,1,-1,-1,1,1,1,-1,1,1,1,1,-1,1,1,-1,1,-1,1,-1,-1,-1,1,1,-1,-1,-1,-1,1,-1,-1,-1,1,-1,-1,-1,-1,-1,1,-1,1,1,1,-1,1,1,-1,1,-1,-1,1,1,-1,1,1,1,1,-1,1,1,1,1,-1,-1,-1,1,-1,1,-1,-1,1,-1,-1,-1,-1,1,1,1,-1,-1,1,1,-1,1,1,-1,-1,-1,-1,-1,1,1,-300.5714334404925,2
747,1,-1,-1,1,-1,1,1,-1,1,1,1,1,1,-1,-1,1,-1,1,-1,1,1,-1,-1,-1,1,1,1,1,1,-1,-1,-1,-1,1,-1,-1,1,1,-1,-1,-1,1,1,1,1,1,-1,-1,-1,1,1,-1,1,1,1,-1,-1,-1,1,-1,1,1,-1,1,1,-1,-1,-1,-1,-1,-1,1,1,1,1,-1,-1,-1,1,1,1,-1,1,-1,-1,-1,1,-1,1,-1,1,-1,-1,-1,-1,-1,1,-1,1,-1,1,1,-1,1,-1,1,-1,1,1,-1,1,-1,1,1,-1,-1,1,-1,-1,-1,-1,-1,1,1,1,1,-1,-1,-1,1,1,1,-1,1,-1,-1,-1,1,1,-1,1,-1,1,-1,-1,-1,1,1,-1,-1,-1,-1,1,1,-1,1,-1,-1,-1,1,1,1,-1,-1,1,-1,1,-1,-1,-1,-1,-1,-1,-1,-1,1,-1,-1,-1,-1,1,-1,1,-1,1,-1,-1,-1,1,-1,1,1,1,-1,1,-1,-1,1,-1,1,1,-1,-1,-1,1,1,-1,1,1,-1,-1,1,-1,1,-1,1,-300.5594837306046,1
748,-1,1,-1,1,1,-1,1,1,-1,1,-1,-1,-1,-1,-1,-1,1,1,1,-1,1,-1,-1,-1,-1,-1,-1,1,-1,1,1,1,1,-1,-1,-1,-1,-1,-1,-1,1,-1,1,1,-1,1,1,-1,1,1,1,1,1,1,1,-1,-1,-1,1,-1,1,1,-1,1,1,-1,1,1,-1,-1,1,1,1,1,1,-1,-1,-1,1,1,-1,-1,1,-1,1,-1,-1,1,1,-1,1,-1,-1,1,-1,-1,1,1,1,-1,-1,-1,1,1,-1,1,1,-1,-1,-1,1,1,1,1,-1,-1,-1,1,-1,-1,-1,-1,1,-1,-1,1,-1,-1,1,1,1,-1,1,1,1,1,-1,1,1,1,-1,-1,1,-1,-1,-1,1,1,-1,-1,-1,-1,1,-1,-1,-1,1,-1,-1,-1,-1,-1,1,-1,1,1,1,-1,1,-1,-1,1,-1,-1,1,1,-1,-1,-1,-1,1,-1,1,-1,1,1,1,-1,-1,1,-1,1,-1,-1,1,-1,-1,-1,-1,1,1,-1,-1,-1,1,-1,-1,1,1,-1,-1,1,-1,-1,1,1,-300.55809461412224,1
749,1,1,1,-1,1,-1,-1,1,-1,-1,-1,-1,-1,1,1,-1,1,-1,1,-1,-1,1,1,1,-1,-1,-1,-1,-1,1,1,1,1,-1,1,1,-1,-1,1,1,1,1,-1,-1,1,-1,1,1,1,-1,-1,1,-1,-1,-1,1,1,1,-1,1,-1,-1,1,-1,-1,1,1,1,1,1,1,-1,-1,-1,-1,1,1,1,-1,-1,1,1,-1,1,1,1,1,1,-1,1,-1,-1,1,1,-1,1,-1,1,-1,1,-1,1,1,-1,1,-1,1,1,-1,1,-1,1,1,-1,1,1,-1,1,1,1,1,1,-1,-1,-1,-1,1,1,1,-1,-1,-1,1,-1,1,1,1,-1,-1,1,-1,1,-1,1,1,1,-1,-1,1,-1,1,1,-1,-1,1,1,1,1,1,-1,-1,-1,1,1,-1,1,-1,1,1,1,1,1,1,1,1,-1,1,1,1,1,-1,1,-1,1,-1,-1,-1,1,1,-1,1,-1,-1,1,-1,1,1,1,1,-1,-1,1,1,1,1,1,1,-1,-1,1,1,-1,1,-1,1,1,-300.5555827626759,1
750,1,1,-1,-1,1,-1,-1,1,-1,-1,-1,-1,-1,1,1,-1,1,-1,1,-1,-1,1,1,1,-1,-1,-1,-1,-1,1,1,1,1,-1,1,1,-1,-1,1,1,1,-1,-1,-1,-1,-1,1,1,1,-1,-1,1,-1,-1,-1,1,1,1,-1,1,-1,-1,1,-1,-1,1,1,1,1,1,1,-1,-1,-1,-1,1,1,1,-1,-1,1,1,-1,1,1,1,1,1,-1,1,-1,-1,1,1,-1,1,-1,1,-1,1,-1,1,1,-1,1,-1,1,1,-1,1,-1,1,1,-1,1,1,-1,1,1,1,1,1,-1,-1,-1,-1,1,1,1,-1,-1,-1,1,-1,1,1,1,-1,-1,1,-1,1,-1,1,1,1,-1,-1,1,-1,1,1,-1,-1,1,1,1,1,1,-1,-1,-1,1,1,-1,1,-1,1,1,1,1,1,1,1,1,-1,1,1,1,-1,-1,1,-1,1,-1,-1,1,1,1,1,1,-1,-1,1,-1,1,1,1,1,-1,-1,1,1,1,1,-1,1,-1,-1,1,-1,-1,1,-1,1,1,-300.5553492107412,1
751,1,1,-1,-1,1,-1,-1,1,-1,-1,-1,-1,-1,1,1,-1,1,-1,1,-1,-1,1,1,1,-1,-1,-1,-1,-1,1,1,1,1,-1,1,-1,-1,-1,-1,1,1,-1,-1,-1,1,-1,1,1,1,-1,-1,1,-1,-1,-1,1,1,1,-1,1,-1,-1,1,-1,-1,1,1,1,1,1,1,-1,-1,-1,-1,1,1,1,-1,-1,1,1,-1,1,-1,1,1,1,-1,1,-1,1,1,-1,1,1,-1,-1,-1,1,1,1,1,-1,1,-1,-1,1,-1,1,-1,1,1,-1,1,1,1,1,1,1,1,1,-1,-1,-1,-1,1,1,-1,-1,-1,1,1,-1,-1,1,1,-1,-1,1,-1,1,-1,1,1,1,-1,-1,1,1,1,1,-1,-1,1,1,1,1,1,-1,-1,1,1,1,-1,1,-1,1,1,1,1,1,1,1,1,-1,1,1,1,1,-1,1,-1,1,-1,-1,1,1,1,-1,1,-1,-1,1,-1,1,1,1,1,-1,-1,1,1,1,1,-1,1,-1,-1,1,-1,1,1,-1,-1,1,-300.55508134841534,1
752,-1,1,-1,1,1,-1,1,1,-1,1,-1,-1,-1,-1,-1,-1,1,-1,1,-1,-1,-1,-1,-1,-1,-1,1,1,-1,1,1,1,1,-1,-1,1,-1,-1,1,-1,1,1,1,1,-1,1,1,-1,1,1,1,1,1,1,1,-1,-1,-1,1,-1,1,1,-1,1,1,-1,1,1,-1,-1,1,1,1,1,1,-1,-1,-1,1,1,-1,-1,1,-1,1,-1,-1,1,1,-1,1,-1,-1,1,-1,-1,1,1,1,-1,-1,-1,-1,1,-1,1,1,-1,-1,-1,1,1,1,1,-1,-1,-1,1,-1,-1,-1,-1,1,-1,-1,1,-1,-1,1,1,1,-1,1,1,1,1,-1,1,1,1,1,-1,1,-1,-1,-1,1,1,-1,-1,-1,-1,1,-1,-1,-1,1,-1,-1,-1,-1,-1,1,-1,1,1,1,-1,1,1,-1,1,-1,-1,1,1,-1,1,1,1,1,-1,1,1,1,1,-1,-1,-1,1,-1,1,-1,-1,1,-1,-1,-1,-1,1,1,1,-1,-1,1,1,-1,-1,1,-1,-1,-1,-1,-1,1,1,-300.5485095478935,1
753,-1,1,-1,1,1,-1,1,1,-1,1,-1,-1,-1,-1,-1,-1,1,1,1,-1,-1,-1,-1,-1,-1,-1,1,1,-1,1,1,1,1,-1,-1,1,-1,-1,1,-1,1,1,1,1,-1,1,1,-1,1,1,1,1,1,1,1,-1,-1,-1,1,-1,1,1,-1,1,1,-1,1,1,-1,-1,1,1,1,1,1,-1,-1,-1,1,1,-1,-1,1,-1,1,-1,-1,1,1,-1,1,-1,-1,1,-1,-1,1,1,1,-1,-1,-1,1,1,-1,1,1,-1,-1,-1,1,1,1,1,-1,-1,-1,1,-1,-1,-1,-1,1,-1,-1,1,-1,-1,1,1,1,-1,1,1,1,1,-1,1,1,1,-1,-1,1,-1,-1,-1,1,1,-1,-1,-1,-1,1,-1,-1,-1,1,-1,-1,-1,-1,-1,1,-1,1,1,1,-1,1,1,-1,1,-1,-1,1,1,-1,1,1,1,1,-1,1,1,1,1,-1,-1,-1,1,-1,1,-1,-1,1,-1,-1,-1,-1,1,1,1,-1,-1,1,1,-1,1,1,-1,-1,-1,-1,-1,1,1,-300.5460815851838,1
754,-1,1,-1,1,1,-1,1,1,-1,1,-1,-1,1,1,1,1,1,-1,-1,1,1,-1,-1,-1,1,1,-1,1,1,1,-1,-1,1,1,-1,1,1,1,-1,-1,1,-1,1,1,-1,1,1,-1,-1,1,1,-1,1,1,1,-1,-1,-1,1,-1,1,1,-1,1,1,-1,-1,-1,-1,-1,-1,1,1,1,1,-1,-1,-1,1,1,-1,-1,1,-1,-1,-1,-1,1,1,-1,-1,1,-1,-1,1,-1,-1,-1,1,1,1,-1,-1,1,-1,-1,1,-1,1,-1,-1,-1,1,-1,-1,-1,1,-1,-1,1,-1,-1,-1,1,1,-1,-1,-1,-1,1,1,1,-1,1,-1,-1,-1,1,1,-1,1,-1,1,-1,-1,-1,-1,1,-1,1,-1,-1,1,1,-1,-1,-1,-1,-1,-1,-1,1,1,-1,1,1,1,-1,1,-1,-1,1,-1,-1,1,1,-1,1,1,1,1,-1,1,-1,1,1,1,-1,-1,1,-1,1,-1,-1,1,1,-1,-1,-1,1,1,-1,-1,-1,1,-1,-1,-1,1,-1,-1,1,-1,-1,1,1,-300.5447098054678,1
755,-1,1,-1,1,1,-1,1,1,-1,1,-1,-1,-1,-1,-1,-1,1,-1,1,-1,-1,-1,-1,-1,-1,-1,1,1,-1,1,1,1,1,-1,-1,1,-1,-1,1,-1,1,1,1,1,-1,1,1,-1,1,1,1,1,1,1,1,-1,-1,-1,1,-1,1,1,-1,1,1,-1,1,1,-1,-1,1,1,1,1,1,-1,-1,-1,1,1,-1,-1,1,-1,1,-1,-1,1,1,-1,1,-1,-1,1,-1,-1,1,1,1,-1,-1,-1,-1,1,-1,1,1,-1,-1,-1,1,1,1,1,-1,-1,-1,1,-1,-1,-1,-1,1,-1,-1,1,-1,-1,1,1,1,-1,1,1,1,1,-1,1,1,1,-1,-1,1,-1,-1,-1,1,1,-1,-1,-1,-1,1,-1,-1,-1,1,-1,-1,-1,-1,-1,1,-1,1,1,1,-1,1,-1,-1,1,-1,-1,1,1,-1,1,1,1,1,-1,1,1,1,1,-1,-1,-1,1,-1,1,-1,-1,1,-1,-1,-1,-1,1,1,1,-1,-1,1,1,-1,1,1,-1,-1,-1,-1,-1,1,1,-300.5440689352208,2
756,1,-1,1,-1,-1,1,-1,-1,1,-1,1,1,1,1,1,1,-1,1,-1,1,1,1,1,1,1,1,-1,-1,1,-1,-1,-1,-1,1,1,-1,1,1,-1,1,-1,-1,-1,-1,1,-1,-1,1,-1,-1,-1,-1,-1,-1,-1,1,1,1,-1,1,-1,-1,1,-1,-1,1,-1,-1,1,1,-1,-1,-1,-1,-1,1,1,1,-1,-1,1,1,-1,1,-1,1,1,-1,-1,1,-1,1,1,-1,1,1,-1,-1,-1,1,1,1,1,-1,1,-1,-1,1,1,1,-1,-1,-1,-1,1,1,1,-1,1,1,1,1,-1,1,1,-1,1,1,-1,-1,-1,1,-1,-1,-1,-1,1,-1,-1,-1,1,1,-1,1,1,1,-1,-1,1,1,1,1,-1,1,1,1,-1,1,1,1,1,1,-1,1,-1,-1,-1,1,-1,1,1,-1,1,1,-1,-1,1,-1,-1,-1,-1,1,-1,-1,-1,-1,1,1,1,-1,1,-1,1,1,-1,1,1,1,1,-1,-1,-1,1,1,-1,-1,1,-1,-1,1,1,1,1,1,-1,-1,-300.5440689352208,1
757,-1,1,-1,1,1,-1,1,1,-1,1,-1,-1,-1,-1,-1,-1,-1,1,1,-1,-1,-1,-1,-1,-1,-1,1,1,-1,1,1,-1,-1,-1,-1,1,-1,-1,1,1,1,1,1,1,-1,1,1,-1,1,1,1,1,1,1,1,-1,-1,-1,1,-1,1,1,-1,1,1,-1,1,1,-1,-1,1,1,1,1,1,-1,-1,-1,1,1,-1,-1,1,-1,1,-1,-1,1,1,-1,1,-1,-1,1,-1,-1,1,1,1,-1,-1,-1,-1,1,-1,1,1,-1,-1,-1,1,1,1,1,-1,-1,-1,1,-1,-1,-1,-1,1,-1,-1,1,-1,-1,1,1,1,-1,1,1,1,1,-1,1,1,-1,1,-1,1,-1,-1,-1,1,1,-1,-1,-1,-1,1,-1,-1,-1,1,-1,-1,-1,-1,-1,1,-1,1,-1,1,-1,1,1,-1,1,-1,-1,1,1,-1,1,1,1,1,-1,1,-1,1,1,-1,-1,-1,1,-1,1,-1,-1,1,-1,-1,-1,-1,1,1,1,-1,-1,1,1,-1,1,1,-1,-1,-1,-1,-1,1,1,-300.54291059715337,1
758,1,-1,1,-1,-1,1,-1,-1,1,-1,1,1,1,1,1,1,1,-1,-1,1,1,1,1,1,1,1,-1,-1,1,-1,-1,1,1,1,1,-1,1,1,-1,-1,-1,-1,-1,-1,1,-1,-1,1,-1,-1,-1,-1,-1,-1,-1,1,1,1,-1,1,-1,-1,1,-1,-1,1,-1,-1,1,1,-1,-1,-1,-1,-1,1,1,1,-1,-1,1,1,-1,1,-1,1,1,-1,-1,1,-1,1,1,-1,1,1,-1,-1,-1,1,1,1,1,-1,1,-1,-1,1,1,1,-1,-1,-1,-1,1,1,1,-1,1,1,1,1,-1,1,1,-1,1,1,-1,-1,-1,1,-1,-1,-1,-1,1,-1,-1,1,-1,1,-1,1,1,1,-1,-1,1,1,1,1,-1,1,1,1,-1,1,1,1,1,1,-1,1,-1,1,-1,1,-1,-1,1,-1,1,1,-1,-1,1,-1,-1,-1,-1,1,-1,1,-1,-1,1,1,1,-1,1,-1,1,1,-1,1,1,1,1,-1,-1,-1,1,1,-1,-1,1,-1,-1,1,1,1,1,1,-1,-1,-300.54291059715337,1
759,-1,1,-1,1,1,-1,1,1,-1,1,-1,-1,-1,-1,-1,-1,1,-1,1,-1,-1,-1,-1,-1,-1,-1,1,1,-1,1,1,1,1,-1,-1,1,-1,-1,1,-1,1,1,1,1,-1,1,1,-1,1,1,1,1,1,1,1,-1,-1,-1,1,-1,1,1,-1,1,1,-1,1,1,-1,-1,1,1,1,1,1,-1,-1,-1,1,1,-1,-1,1,-1,1,-1,-1,1,1,-1,1,-1,-1,1,-1,-1,1,1,1,-1,-1,-1,-1,1,-1,1,1,-1,-1,-1,1,1,1,1,-1,-1,1,1,-1,-1,-1,-1,1,-1,-1,1,-1,-1,1,1,1,-1,1,1,1,1,-1,1,1,1,-1,-1,1,-1,-1,-1,1,1,-1,-1,-1,-1,1,-1,-1,-1,1,-1,-1,-1,-1,-1,1,-1,1,1,1,-1,1,1,-1,1,-1,-1,1,1,-1,1,1,1,1,-1,1,1,1,1,-1,-1,-1,1,-1,1,-1,-1,1,-1,-1,-1,-1,1,1,1,-1,-1,1,1,-1,1,1,-1,-1,-1,-1,-1,1,-1,-300.5410712869912,1
760,-1,1,-1,1,1,-1,1,1,-1,1,-1,-1,-1,-1,-1,-1,1,-1,1,-1,-1,-1,-1,-1,-1,-1,1,1,-1,1,1,1,1,-1,-1,1,-1,-1,1,-1,1,1,1,1,-1,1,1,-1,1,1,1,1,1,1,1,-1,-1,-1,1,-1,1,1,-1,1,1,-1,1,-1,-1,-1,-1,1,1,1,1,-1,-1,-1,1,1,-1,-1,1,-1,-1,-1,-1,1,1,-1,1,-1,-1,-1,-1,-1,1,-1,1,-1,1,-1,-1,1,-1,1,-1,-1,-1,-1,1,1,1,1,-1,-1,1,1,-1,-1,-1,-1,1,-1,-1,1,-1,-1,-1,1,1,1,1,1,-1,1,-1,1,1,1,1,-1,1,-1,-1,-1,1,1,-1,-1,-1,-1,1,-1,-1,1,1,-1,-1,-1,-1,-1,1,-1,1,1,1,-1,1,1,-1,1,-1,-1,1,1,-1,1,1,1,1,-1,1,1,1,1,-1,-1,-1,1,-1,1,-1,-1,1,-1,-1,-1,-1,1,1,1,-1,-1,1,1,-1,1,1,-1,-1,-1,-1,-1,1,1,-300.53931833797515,14
761,1,-1,1,-1,-1,1,-1,-1,1,-1,1,1,1,1,1,1,-1,1,-1,1,1,1,1,1,1,1,-1,-1,1,-1,-1,-1,-1,1,1,-1,1,1,-1,1,-1,-1,-1,-1,1,-1,-1,1,-1,-1,-1,-1,-1,-1,-1,1,1,1,-1,1,-1,-1,1,-1,-1,1,-1,1,1,1,1,-1,-1,-1,-1,1,1,1,-1,-1,1,1,-1,1,1,1,1,-1,-1,1,-1,1,1,1,1,1,-1,1,-1,1,-1,1,1,-1,1,-1,1,1,1,1,-1,-1,-1,-1,1,1,-1,-1,1,1,1,1,-1,1,1,-1,1,1,1,-1,-1,-1,-1,-1,1,-1,1,-1,-1,-1,-1,1,-1,1,1,1,-1,-1,1,1,1,1,-1,1,1,-1,-1,1,1,1,1,1,-1,1,-1,-1,-1,1,-1,-1,1,-1,1,1,-1,-1,1,-1,-1,-1,-1,1,-1,-1,-1,-1,1,1,1,-1,1,-1,1,1,-1,1,1,1,1,-1,-1,-1,1,1,-1,-1,1,-1,-1,1,1,1,1,1,-1,-1,-300.53931833797515,1
762,1,1,-1,1,1,-1,1,1,-1,1,-1,-1,-1,-1,-1,-1,1,-1,1,-1,-1,-1,-1,-1,-1,-1,1,1,-1,1,1,1,1,-1,-1,1,-1,-1,1,-1,1,1,1,1,-1,1,1,-1,1,1,1,1,1,1,1,-1,-1,-1,1,-1,1,1,-1,1,1,-1,1,1,-1,-1,1,1,1,1,1,-1,-1,-1,1,1,-1,-1,1,-1,1,-1,-1,1,1,-1,1,-1,-1,1,-1,-1,1,1,1,-1,-1,-1,-1,1,-1,1,1,-1,-1,-1,1,1,1,1,-1,-1,-1,1,-1,-1,-1,-1,1,-1,-1,1,-1,-1,1,1,1,-1,1,1,1,1,-1,1,1,1,-1,-1,1,-1,-1,-1,1,1,-1,-1,-1,-1,1,-1,-1,-1,1,-1,-1,-1,-1,-1,1,-1,1,1,1,-1,1,1,-1,1,-1,-1,1,1,-1,1,1,1,1,-1,1,1,1,1,-1,-1,-1,1,-1,1,-1,-1,1,-1,-1,-1,-1,1,1,1,-1,-1,1,1,-1,1,1,-1,-1,-1,-1,-1,1,1,-300.53537008559863,2
763,-1,-1,1,1,-1,1,1,-1,1,1,1,1,1,-1,-1,1,-1,1,-1,1,1,-1,-1,-1,1,1,1,1,1,-1,-1,-1,-1,1,-1,-1,1,1,-1,-1,-1,1,1,1,1,1,-1,-1,-1,1,1,-1,1,1,1,-1,-1,-1,1,-1,1,1,-1,1,1,-1,-1,-1,-1,-1,-1,1,1,1,1,-1,-1,-1,1,1,-1,-1,1,-1,-1,-1,1,-1,1,-1,1,-1,-1,-1,-1,-1,1,-1,1,-1,1,1,-1,1,-1,1,-1,1,1,-1,1,-1,-1,1,-1,-1,1,-1,-1,-1,-1,-1,1,1,1,1,-1,-1,-1,1,1,1,-1,1,-1,-1,-1,1,1,-1,1,-1,1,-1,-1,-1,1,1,-1,-1,-1,-1,1,1,-1,1,-1,-1,-1,1,1,-1,-1,-1,1,-1,1,-1,-1,-1,-1,-1,-1,-1,-1,1,-1,-1,-1,-1,1,-1,-1,-1,1,-1,-1,-1,1,-1,-1,1,1,-1,1,-1,-1,1,-1,1,1,-1,-1,-1,-1,1,-1,1,1,-1,1,1,-1,1,-1,1,-300.53407318366214,1
764,-1,-1,1,1,-1,1,1,-1,1,1,1,1,1,-1,1,1,-1,1,-1,1,1,-1,-1,-1,1,1,1,1,1,-1,-1,-1,-1,1,-1,-1,1,1,-1,-1,-1,-1,1,1,1,1,-1,-1,-1,1,1,-1,1,1,1,-1,-1,-1,1,-1,1,1,-1,1,1,-1,-1,-1,-1,-1,-1,1,1,1,1,-1,-1,-1,1,1,1,-1,1,-1,-1,-1,1,-1,1,-1,1,-1,-1,-1,-1,-1,1,-1,1,-1,1,1,-1,1,-1,1,-1,1,1,-1,1,-1,1,1,-1,-1,1,-1,-1,-1,-1,-1,1,1,1,1,-1,-1,-1,1,1,1,-1,1,-1,-1,-1,1,1,-1,1,-1,1,-1,-1,-1,1,1,-1,-1,-1,-1,1,1,-1,1,-1,-1,-1,1,1,-1,-1,-1,1,-1,1,-1,-1,-1,-1,-1,-1,-1,-1,1,-1,-1,-1,-1,1,-1,1,-1,1,-1,-1,-1,1,-1,1,1,1,-1,1,-1,-1,1,-1,1,1,-1,-1,-1,-1,-1,-1,1,1,-1,1,1,-1,1,-1,1,-300.5333002461606,1
765,-1,1,-1,1,1,-1,1,1,-1,1,-1,-1,1,-1,-1,1,1,1,-1,1,-1,-1,-1,-1,1,1,-1,1,1,1,1,-1,1,1,-1,-1,1,1,-1,-1,1,-1,1,1,-1,1,1,-1,-1,1,1,-1,1,1,1,-1,-1,-1,1,-1,1,1,-1,1,1,-1,1,1,-1,-1,-1,1,1,1,1,-1,-1,-1,1,1,-1,-1,1,-1,-1,-1,-1,-1,1,-1,1,-1,-1,-1,-1,-1,1,-1,1,-1,1,-1,-1,1,-1,1,-1,-1,1,-1,1,-1,1,1,-1,-1,1,-1,-1,-1,-1,-1,1,1,1,1,-1,-1,-1,1,1,1,-1,1,-1,-1,-1,1,1,-1,1,-1,1,-1,-1,-1,1,1,-1,-1,-1,-1,1,1,-1,1,-1,-1,-1,-1,-1,-1,1,-1,1,1,1,-1,1,-1,-1,1,-1,-1,1,1,-1,1,1,1,1,-1,1,-1,1,1,1,-1,-1,1,-1,1,-1,-1,1,-1,-1,-1,-1,1,1,-1,-1,-1,1,-1,-1,1,1,-1,-1,1,-1,-1,1,1,-300.5325695742738,1
766,1,-1,1,-1,-1,1,-1,-1,1,-1,1,1,1,1,1,1,-1,1,-1,1,1,1,1,1,1,1,-1,-1,1,-1,-1,-1,-1,1,1,-1,1,1,-1,-1,-1,-1,-1,-1,1,-1,-1,1,-1,-1,-1,-1,-1,-1,-1,1,1,1,-1,1,-1,-1,1,-1,-1,1,-1,-1,1,1,-1,-1,-1,-1,-1,1,1,1,-1,-1,1,1,-1,1,-1,1,1,-1,-1,1,-1,1,1,-1,1,1,-1,-1,-1,1,1,1,1,-1,1,-1,-1,1,1,1,-1,-1,-1,-1,1,1,1,-1,1,1,1,1,-1,1,1,-1,1,1,-1,-1,-1,1,-1,-1,-1,-1,1,-1,-1,-1,-1,1,-1,1,1,1,-1,-1,1,1,1,1,-1,1,1,1,-1,1,1,1,1,1,-1,1,-1,-1,-1,1,-1,-1,1,-1,1,1,-1,-1,1,-1,-1,-1,-1,1,-1,-1,-1,-1,1,1,1,-1,1,-1,1,1,-1,1,1,1,1,-1,-1,-1,1,1,-1,-1,1,-1,-1,1,1,1,1,1,-1,-1,-300.52737143292325,1
767,-1,1,-1,1,1,-1,1,1,-1,1,-1,-1,-1,-1,-1,-1,1,-1,1,-1,-1,-1,-1,-1,-1,-1,1,1,-1,1,1,1,1,-1,-1,1,-1,-1,1,1,1,1,1,1,-1,1,1,-1,1,1,1,1,1,1,1,-1,-1,-1,1,-1,1,1,-1,1,1,-1,1,1,-1,-1,1,1,1,1,1,-1,-1,-1,1,1,-1,-1,1,-1,1,-1,-1,1,1,-1,1,-1,-1,1,-1,-1,1,1,1,-1,-1,-1,-1,1,-1,1,1,-1,-1,-1,1,1,1,1,-1,-1,-1,1,-1,-1,-1,-1,1,-1,-1,1,-1,-1,1,1,1,-1,1,1,1,1,-1,1,1,1,1,-1,1,-1,-1,-1,1,1,-1,-1,-1,-1,1,-1,-1,-1,1,-1,-1,-1,-1,-1,1,-1,1,1,1,-1,1,1,-1,1,-1,-1,1,1,-1,1,1,1,1,-1,1,1,1,1,-1,-1,-1,1,-1,1,-1,-1,1,-1,-1,-1,-1,1,1,1,-1,-1,1,1,-1,1,1,-1,-1,-1,-1,-1,1,1,-300.52737143292325,3
768,1,-1,1,-1,-1,-1,-1,-1,1,-1,1,-1,1,1,1,1,-1,-1,-1,1,-1,1,1,1,1,1,1,-1,1,-1,-1,-1,-1,1,1,1,1,1,1,1,-1,1,-1,-1,1,-1,-1,1,-1,-1,-1,-1,-1,-1,-1,1,1,1,-1,1,-1,-1,1,-1,-1,1,-1,-1,1,1,-1,-1,-1,-1,-1,1,1,1,-1,-1,1,1,-1,1,-1,1,1,-1,-1,1,-1,1,1,-1,1,1,-1,-1,-1,1,1,1,1,-1,1,-1,-1,1,1,1,-1,-1,-1,-1,1,1,1,-1,1,1,1,1,-1,1,1,-1,1,1,-1,-1,-1,1,-1,-1,-1,-1,1,-1,-1,-1,-1,1,-1,1,1,1,-1,-1,1,1,1,1,-1,1,1,1,-1,1,1,1,1,1,-1,1,-1,-1,-1,1,-1,1,1,-1,1,1,-1,-1,1,1,1,1,-1,1,-1,1,-1,-1,-1,1,1,-1,1,-1,1,1,-1,1,1,1,1,-1,-1,1,1,1,1,1,1,-1,-1,1,1,-1,1,-1,1,-1,-300.52666814758123,1
769,-1,1,-1,1,1,-1,1,1,-1,1,-1,-1,-1,-1,-1,-1,1,-1,1,-1,-1,-1,-1,-1,-1,-1,1,1,-1,1,1,1,1,-1,-1,1,-1,-1,1,-1,1,1,1,1,-1,1,1,-1,1,1,1,1,1,1,1,-1,-1,-1,1,-1,1,1,-1,1,1,-1,1,1,-1,-1,1,1,1,1,1,-1,-1,-1,1,1,-1,-1,1,-1,1,-1,-1,1,1,-1,1,-1,-1,1,-1,-1,1,1,1,-1,-1,-1,-1,1,-1,1,1,-1,-1,-1,1,1,1,1,-1,-1,-1,1,-1,-1,-1,-1,1,-1,-1,1,-1,-1,1,1,1,-1,1,1,1,1,-1,1,1,1,1,-1,1,-1,-1,-1,1,1,-1,-1,-1,-1,1,-1,-1,-1,1,-1,-1,-1,-1,-1,1,-1,1,1,1,-1,1,1,-1,1,-1,-1,1,1,-1,1,1,1,1,-1,1,1,1,1,-1,-1,-1,1,-1,1,-1,-1,1,-1,-1,-1,-1,1,1,1,-1,-1,1,1,-1,1,1,-1,1,-1,-1,-1,1,1,-300.52124849481356,6
770,1,-1,1,-1,-1,1,-1,-1,1,-1,1,1,1,1,1,1,-1,1,-1,1,1,1,1,1,1,1,-1,-1,1,-1,-1,-1,-1,1,1,-1,1,1,-1,-1,-1,-1,-1,-1,1,-1,-1,1,-1,-1,-1,-1,-1,-1,-1,1,1,1,-1,1,-1,-1,1,-1,-1,1,-1,-1,1,1,-1,-1,-1,-1,-1,1,1,1,-1,-1,1,1,-1,1,-1,1,1,-1,-1,1,-1,1,1,-1,1,1,-1,-1,-1,1,1,1,1,-1,1,-1,-1,1,1,1,-1,-1,-1,-1,1,1,-1,-1,1,1,1,1,-1,1,1,-1,1,1,-1,-1,-1,1,-1,-1,-1,-1,1,-1,-1,1,-1,1,-1,1,1,1,-1,-1,1,1,1,1,-1,1,1,1,-1,1,1,1,1,1,-1,1,-1,-1,-1,1,-1,-1,1,-1,1,1,-1,-1,1,-1,-1,-1,-1,1,-1,-1,-1,-1,1,1,1,-1,1,-1,1,1,-1,1,1,1,1,-1,-1,-1,1,1,-1,-1,1,-1,-1,1,1,1,1,1,-1,-1,-300.5198378625363,1
771,1,1,-1,-1,1,-1,-1,1,-1,-1,-1,-1,-1,1,1,-1,1,-1,1,-1,-1,1,1,1,-1,-1,-1,-1,-1,1,1,1,1,-1,1,1,-1,-1,1,1,1,-1,-1,-1,-1,-1,1,1,1,-1,-1,1,-1,-1,-1,1,1,1,-1,1,-1,-1,1,-1,-1,1,1,1,1,1,1,-1,-1,-1,-1,1,1,1,-1,-1,1,1,-1,1,1,1,1,1,-1,-1,-1,1,-1,1,1,-1,-1,1,-1,1,-1,1,1,-1,1,-1,1,1,-1,1,-1,1,-1,-1,1,1,-1,1,1,1,1,1,-1,-1,-1,-1,1,1,1,-1,-1,-1,1,-1,1,1,1,-1,-1,1,-1,1,-1,1,1,1,-1,-1,1,1,1,1,-1,-1,1,-1,1,1,1,-1,-1,-1,1,1,-1,1,-1,1,1,1,1,1,1,1,1,-1,1,1,1,1,-1,1,-1,1,-1,-1,1,1,1,1,1,1,-1,1,1,1,1,1,1,-1,-1,1,1,-1,1,-1,1,-1,-1,1,-1,-1,1,-1,1,-1,-300.5196509278999,1
772,-1,1,-1,1,1,-1,1,1,-1,1,-1,-1,-1,-1,-1,-1,1,1,1,-1,-1,-1,-1,-1,-1,-1,-1,1,-1,1,1,1,1,-1,-1,-1,1,1,-1,-1,1,-1,1,1,-1,1,1,-1,1,1,1,1,1,1,1,-1,-1,-1,1,-1,1,1,-1,1,1,-1,1,1,-1,-1,1,1,1,1,1,-1,-1,-1,1,1,-1,-1,1,-1,1,-1,-1,1,1,-1,1,-1,-1,1,-1,-1,1,1,1,-1,-1,-1,1,1,-1,1,1,-1,-1,-1,1,1,1,1,-1,-1,-1,1,-1,-1,-1,-1,1,-1,-1,1,-1,-1,1,1,1,-1,1,1,1,1,-1,1,1,-1,1,-1,1,-1,-1,-1,1,1,-1,-1,-1,-1,1,-1,-1,-1,1,-1,-1,-1,-1,-1,1,-1,1,1,1,-1,1,-1,-1,1,-1,-1,1,1,-1,1,1,1,1,-1,1,-1,1,1,1,-1,-1,1,-1,1,-1,-1,1,-1,-1,-1,-1,1,1,-1,-1,-1,1,-1,-1,1,1,-1,-1,1,-1,-1,1,-1,-300.5170862946486,1
773,-1,-1,1,1,-1,1,1,-1,1,1,1,1,1,-1,-1,1,-1,1,-1,1,1,-1,-1,-1,-1,1,1,1,1,-1,-1,-1,-1,1,-1,-1,1,1,-1,-1,-1,-1,1,1,1,1,-1,-1,-1,1,1,-1,1,1,1,-1,-1,-1,1,-1,1,1,-1,1,1,-1,-1,-1,-1,-1,-1,1,1,1,1,-1,-1,-1,1,1,1,-1,1,-1,-1,-1,1,-1,1,-1,1,-1,-1,-1,-1,-1,1,-1,1,-1,1,1,-1,1,-1,1,-1,1,1,-1,1,-1,-1,1,-1,-1,1,-1,-1,-1,-1,-1,1,1,1,1,-1,-1,-1,1,1,1,-1,1,-1,-1,-1,1,1,-1,1,-1,1,-1,-1,-1,1,1,-1,-1,-1,-1,1,1,-1,1,-1,-1,-1,1,1,1,-1,-1,1,-1,1,-1,-1,-1,-1,-1,-1,-1,-1,1,-1,-1,-1,-1,1,-1,1,-1,1,-1,-1,-1,1,-1,1,1,1,-1,1,-1,-1,1,-1,1,1,-1,-1,-1,-1,-1,-1,1,1,-1,1,1,-1,1,-1,1,-300.5168234281919,1
774,1,1,-1,-1,1,-1,-1,1,-1,-1,-1,-1,-1,1,1,-1,1,-1,1,-1,-1,1,1,1,-1,-1,-1,-1,-1,1,1,1,1,-1,1,-1,-1,-1,-1,1,1,-1,-1,-1,-1,-1,-1,1,1,-1,-1,1,-1,-1,-1,1,1,1,-1,1,-1,-1,1,-1,-1,1,1,1,1,1,1,-1,-1,-1,-1,1,1,1,-1,-1,1,1,-1,1,1,1,1,1,-1,1,-1,1,1,1,1,1,-1,1,-1,1,-1,1,1,-1,1,-1,1,1,-1,1,-1,1,1,-1,1,1,-1,1,1,1,1,1,-1,-1,-1,-1,1,1,1,-1,-1,-1,1,-1,1,1,1,-1,-1,1,-1,1,-1,1,1,1,-1,-1,1,1,1,1,-1,-1,1,-1,1,1,1,-1,1,1,1,1,-1,1,-1,1,1,1,1,1,1,1,1,1,1,1,-1,-1,-1,1,-1,1,-1,-1,1,1,1,-1,1,-1,-1,1,-1,1,1,1,1,-1,-1,1,1,1,1,-1,1,-1,-1,1,-1,1,1,-1,1,1,-300.51665503725695,1
775,1,1,-1,-1,1,-1,-1,1,-1,-1,-1,-1,-1,1,1,-1,1,-1,1,-1,-1,1,1,1,-1,-1,-1,-1,-1,1,1,1,1,-1,1,-1,-1,-1,-1,1,1,-1,-1,-1,-1,-1,1,1,1,-1,-1,1,-1,-1,-1,1,1,1,-1,1,-1,-1,1,-1,-1,1,1,1,1,1,-1,-1,-1,-1,-1,1,1,1,-1,-1,1,1,-1,1,-1,1,1,1,-1,1,-1,1,1,-1,1,1,-1,-1,-1,1,1,1,1,-1,1,-1,-1,1,-1,1,-1,1,1,-1,1,1,1,1,1,1,1,1,-1,-1,-1,-1,1,1,-1,-1,-1,1,1,-1,-1,1,1,-1,-1,1,-1,1,-1,1,1,1,-1,-1,1,1,1,1,-1,-1,1,1,1,1,1,-1,-1,1,1,1,-1,1,-1,1,1,1,1,1,1,1,1,-1,1,1,1,1,-1,1,-1,1,-1,-1,1,1,1,-1,1,-1,-1,1,-1,1,1,1,1,-1,-1,1,1,1,1,-1,1,-1,-1,1,-1,1,1,-1,1,1,-300.5163972986856,1
776,-1,1,-1,1,1,-1,1,1,-1,1,-1,-1,-1,-1,-1,-1,1,1,1,-1,-1,-1,-1,-1,-1,-1,-1,1,-1,1,1,1,1,-1,-1,-1,-1,-1,-1,-1,1,-1,1,1,-1,1,1,-1,1,1,1,1,1,1,1,-1,-1,-1,1,-1,1,1,-1,1,1,-1,1,-1,-1,-1,-1,1,1,1,1,-1,-1,-1,1,1,-1,-1,1,-1,-1,-1,-1,-1,1,-1,1,-1,-1,-1,-1,-1,1,-1,1,-1,1,-1,-1,1,-1,1,-1,-1,-1,-1,1,1,1,1,-1,-1,1,1,-1,-1,-1,-1,1,-1,-1,1,-1,-1,-1,1,1,1,1,1,-1,1,-1,1,1,1,1,-1,1,-1,-1,-1,1,1,-1,-1,-1,-1,1,-1,-1,1,1,-1,-1,-1,-1,-1,1,-1,1,1,1,-1,1,-1,-1,1,-1,-1,1,1,-1,1,1,1,1,-1,1,-1,1,1,1,-1,-1,1,-1,1,-1,-1,1,-1,-1,-1,-1,1,1,-1,-1,-1,1,-1,-1,1,1,-1,-1,1,-1,-1,1,1,-300.51418424599615,8
777,1,-1,1,-1,-1,1,-1,-1,1,-1,1,1,1,1,1,1,-1,-1,-1,1,1,1,1,1,1,1,1,-1,1,-1,-1,-1,-1,1,1,1,1,1,1,1,-1,1,-1,-1,1,-1,-1,1,-1,-1,-1,-1,-1,-1,-1,1,1,1,-1,1,-1,-1,1,-1,-1,1,-1,1,1,1,1,-1,-1,-1,-1,1,1,1,-1,-1,1,1,-1,1,1,1,1,1,-1,1,-1,1,1,1,1,1,-1,1,-1,1,-1,1,1,-1,1,-1,1,1,1,1,-1,-1,-1,-1,1,1,-1,-1,1,1,1,1,-1,1,1,-1,1,1,1,-1,-1,-1,-1,-1,1,-1,1,-1,-1,-1,-1,1,-1,1,1,1,-1,-1,1,1,1,1,-1,1,1,-1,-1,1,1,1,1,1,-1,1,-1,-1,-1,1,-1,1,1,-1,1,1,-1,-1,1,-1,-1,-1,-1,1,-1,1,-1,-1,-1,1,1,-1,1,-1,1,1,-1,1,1,1,1,-1,-1,1,1,1,-1,1,1,-1,-1,1,1,-1,1,1,-1,-1,-300.51418424599615,1
778,-1,1,-1,1,1,-1,1,1,-1,1,-1,-1,1,-1,-1,1,1,1,-1,1,-1,-1,-1,-1,1,1,-1,1,1,1,-1,-1,1,1,-1,-1,1,1,-1,-1,1,-1,1,1,-1,1,1,-1,-1,1,1,-1,1,1,1,-1,-1,-1,1,-1,1,1,-1,1,1,-1,-1,-1,-1,-1,-1,1,1,1,1,-1,-1,-1,1,1,-1,-1,1,-1,1,-1,-1,1,1,-1,1,-1,-1,-1,-1,-1,1,-1,1,-1,1,-1,-1,1,-1,-1,1,-1,1,-1,1,-1,-1,1,-1,-1,1,-1,1,1,-1,-1,1,1,1,1,-1,-1,1,1,1,-1,-1,1,-1,-1,-1,1,1,-1,1,-1,1,-1,-1,-1,1,1,-1,-1,-1,-1,1,1,-1,-1,-1,-1,-1,-1,-1,-1,1,-1,1,1,1,-1,1,-1,-1,1,-1,-1,1,1,-1,1,1,1,1,-1,1,-1,1,1,1,-1,-1,1,-1,1,-1,-1,1,-1,-1,-1,-1,1,1,-1,-1,-1,1,-1,-1,1,1,-1,-1,1,-1,-1,1,1,-300.50844501345847,1
779,1,1,-1,-1,1,-1,-1,1,-1,-1,-1,-1,-1,1,1,-1,1,-1,1,-1,-1,1,1,1,-1,-1,-1,-1,-1,1,1,1,1,-1,1,1,-1,-1,1,1,1,1,-1,-1,-1,-1,1,1,1,-1,1,1,-1,1,-1,1,1,1,-1,1,-1,-1,1,-1,-1,1,1,1,1,1,1,-1,-1,-1,-1,1,1,1,-1,-1,-1,1,-1,1,1,1,-1,1,-1,1,-1,1,1,1,1,1,-1,1,-1,1,-1,-1,1,-1,1,-1,1,-1,-1,1,-1,1,1,-1,1,1,-1,1,1,1,1,1,-1,-1,-1,-1,1,1,1,-1,-1,-1,1,-1,1,1,1,-1,-1,1,-1,1,-1,1,1,1,-1,-1,1,1,1,1,-1,-1,1,-1,1,1,1,-1,-1,-1,1,1,-1,1,-1,1,1,1,1,1,1,1,1,-1,1,1,1,1,-1,1,-1,1,-1,1,-1,1,-1,1,-1,-1,-1,1,-1,1,1,-1,1,-1,-1,1,1,1,1,-1,1,-1,-1,1,-1,-1,-1,-1,1,-1,-300.5080507653962,1
780,1,1,-1,-1,1,-1,-1,1,-1,-1,-1,-1,-1,1,1,-1,1,-1,1,-1,-1,1,1,1,-1,-1,-1,-1,-1,1,1,1,1,-1,1,-1,-1,-1,-1,1,1,-1,-1,-1,-1,-1,1,1,1,-1,-1,1,-1,-1,-1,1,1,1,-1,1,-1,-1,1,-1,-1,1,1,1,1,1,1,-1,-1,-1,-1,1,1,1,-1,-1,1,1,-1,1,1,1,-1,1,-1,1,-1,1,1,1,1,1,-1,1,-1,1,-1,-1,1,-1,1,-1,1,-1,-1,1,-1,1,-1,-1,1,1,-1,1,1,-1,1,1,-1,-1,-1,-1,1,1,1,-1,-1,-1,1,-1,1,1,1,-1,-1,1,-1,1,-1,1,1,1,-1,-1,1,1,1,1,-1,-1,1,-1,1,1,1,-1,-1,1,1,1,-1,1,-1,1,1,1,1,1,1,1,1,-1,1,1,1,1,-1,1,-1,1,-1,1,1,1,-1,-1,1,-1,-1,1,-1,1,1,-1,1,-1,-1,1,1,1,1,-1,1,-1,-1,1,-1,1,1,-1,1,-1,-300.50237370790046,1
781,1,1,-1,-1,1,-1,-1,1,-1,-1,-1,-1,-1,1,1,-1,1,-1,1,-1,-1,1,1,1,-1,-1,-1,-1,-1,1,1,1,1,-1,1,1,-1,-1,1,1,1,1,-1,-1,1,-1,1,1,1,-1,-1,1,-1,-1,-1,1,1,1,-1,1,-1,-1,1,-1,-1,1,1,1,1,1,1,-1,-1,-1,-1,1,1,1,-1,-1,1,1,-1,1,-1,1,1,1,-1,1,-1,1,1,-1,1,1,-1,-1,-1,1,1,1,1,-1,1,-1,-1,1,-1,1,-1,1,1,-1,1,1,1,1,1,1,1,1,-1,-1,-1,-1,1,1,-1,-1,-1,1,1,-1,-1,1,1,-1,-1,1,-1,1,-1,1,1,1,-1,-1,1,1,1,1,-1,-1,1,1,1,1,1,-1,-1,1,1,1,-1,1,-1,1,1,1,1,1,1,1,1,-1,1,1,1,1,-1,1,-1,1,-1,-1,-1,1,1,-1,1,-1,-1,1,-1,1,1,1,1,-1,-1,1,1,1,1,1,1,-1,-1,1,-1,-1,1,-1,1,1,-300.50014834236873,1
782,1,1,-1,-1,1,-1,-1,1,-1,-1,-1,-1,-1,1,-1,-1,1,-1,1,-1,-1,1,1,1,-1,-1,-1,-1,-1,1,1,1,1,-1,1,1,-1,-1,1,1,1,1,-1,-1,1,-1,1,1,1,-1,-1,1,-1,-1,-1,1,1,1,-1,1,-1,-1,1,-1,-1,1,-1,1,1,-1,1,-1,-1,-1,-1,1,1,1,-1,-1,1,1,-1,1,1,1,1,1,-1,1,-1,1,1,1,1,1,-1,1,-1,1,-1,1,1,-1,1,-1,1,1,-1,1,-1,1,-1,-1,1,-1,-1,1,1,1,1,1,-1,-1,-1,-1,1,1,1,-1,-1,-1,1,-1,1,1,1,-1,-1,1,-1,1,-1,1,1,1,-1,-1,1,1,1,1,-1,-1,1,-1,1,1,1,-1,-1,-1,1,1,-1,1,-1,1,1,1,1,1,1,1,1,-1,1,1,1,1,-1,1,-1,1,-1,-1,-1,1,1,-1,1,-1,-1,1,-1,1,1,1,1,-1,-1,1,1,1,1,1,1,-1,-1,1,-1,-1,1,-1,1,-1,-300.4989421588931,1
783,-1,1,1,1,1,1,1,1,1,1,-1,1,1,1,1,1,1,1,-1,1,1,-1,-1,-1,1,1,-1,1,1,1,-1,-1,1,1,-1,1,1,1,-1,-1,1,-1,1,1,-1,1,1,-1,-1,1,1,-1,1,1,1,-1,-1,-1,1,-1,1,1,-1,1,1,-1,1,-1,-1,-1,-1,1,1,1,1,-1,-1,-1,-1,1,-1,1,1,-1,-1,-1,-1,1,1,-1,1,-1,-1,-1,-1,-1,-1,-1,1,1,1,-1,-1,1,-1,-1,1,-1,1,-1,-1,-1,1,-1,-1,-1,1,-1,-1,1,-1,-1,-1,1,1,-1,-1,-1,1,1,1,-1,-1,1,-1,-1,-1,1,1,-1,1,-1,1,1,-1,-1,1,1,-1,-1,-1,-1,1,1,-1,-1,-1,-1,-1,-1,-1,-1,1,-1,1,1,1,-1,1,-1,-1,1,-1,-1,1,1,-1,1,1,1,1,-1,1,-1,1,1,1,-1,-1,1,-1,1,1,-1,1,1,-1,-1,-1,1,1,-1,-1,-1,-1,-1,-1,1,1,-1,1,1,-1,1,-1,1,-300.4985871187443,1
784,-1,1,-1,1,1,-1,1,1,-1,1,-1,-1,-1,-1,-1,-1,1,1,1,-1,1,-1,-1,-1,-1,-1,-1,1,-1,1,1,1,1,-1,-1,-1,-1,-1,-1,-1,1,-1,1,1,-1,1,1,-1,1,1,1,1,1,1,1,-1,-1,-1,1,-1,1,1,-1,1,1,-1,1,-1,-1,-1,-1,1,1,1,1,-1,-1,-1,1,1,-1,-1,1,-1,-1,-1,-1,-1,1,-1,1,-1,-1,-1,-1,-1,1,-1,1,-1,1,-1,-1,1,-1,1,-1,-1,-1,-1,1,1,1,1,-1,-1,1,1,-1,-1,-1,-1,1,-1,-1,1,-1,-1,-1,1,1,1,1,1,-1,1,-1,1,1,1,1,-1,1,-1,-1,-1,1,1,-1,-1,-1,-1,1,-1,-1,1,1,-1,-1,-1,-1,-1,1,-1,1,1,1,-1,1,-1,-1,1,-1,-1,1,1,-1,-1,-1,-1,1,-1,1,-1,1,1,1,-1,-1,1,-1,1,-1,-1,1,-1,-1,-1,-1,1,1,-1,-1,-1,1,-1,-1,1,1,-1,-1,1,-1,-1,1,1,-300.49575221704504,1
785,1,-1,1,-1,-1,1,-1,-1,1,-1,1,1,1,1,1,1,-1,1,-1,1,1,1,1,1,1,1,-1,-1,1,-1,-1,-1,-1,1,1,-1,1,1,-1,-1,-1,-1,-1,-1,1,-1,-1,1,-1,-1,-1,-1,-1,-1,-1,1,1,1,-1,1,-1,-1,1,-1,-1,1,-1,-1,1,1,-1,-1,-1,-1,-1,1,1,1,-1,-1,1,1,-1,1,-1,1,1,-1,-1,1,-1,1,1,-1,1,1,-1,-1,-1,1,1,1,-1,-1,1,-1,-1,1,1,1,-1,-1,-1,-1,1,1,1,-1,1,1,1,1,-1,1,1,-1,1,1,-1,-1,-1,1,-1,-1,-1,-1,1,-1,-1,1,-1,1,-1,1,1,1,-1,-1,1,1,1,1,-1,1,1,1,-1,1,1,1,1,1,-1,1,-1,-1,-1,1,-1,-1,1,-1,1,1,-1,-1,1,-1,-1,-1,-1,1,-1,-1,-1,-1,1,1,1,-1,1,-1,1,1,-1,1,1,1,1,-1,-1,-1,1,1,-1,-1,1,-1,-1,1,1,1,1,1,-1,1,-300.4853596768335,1
786,1,-1,1,-1,-1,1,-1,-1,1,-1,1,1,1,1,1,1,-1,-1,-1,1,1,1,1,1,1,1,-1,-1,1,-1,-1,-1,-1,1,1,-1,1,1,-1,1,-1,-1,-1,-1,1,-1,-1,1,-1,-1,-1,-1,-1,-1,-1,1,1,1,-1,1,-1,-1,1,-1,-1,1,-1,1,1,1,1,-1,-1,-1,-1,1,1,1,-1,-1,1,1,-1,1,1,1,1,1,-1,1,-1,1,1,1,1,1,-1,1,-1,1,-1,1,1,-1,1,-1,1,1,1,1,-1,-1,-1,-1,1,1,-1,-1,1,1,1,1,-1,1,1,-1,1,1,1,-1,-1,-1,-1,-1,1,-1,1,-1,-1,-1,-1,1,-1,1,1,1,-1,-1,1,1,1,1,-1,1,1,-1,-1,1,1,1,1,1,-1,1,-1,-1,-1,1,-1,-1,1,-1,1,1,-1,-1,1,-1,-1,-1,-1,1,-1,-1,-1,-1,1,1,1,-1,1,-1,1,1,-1,1,1,1,1,-1,-1,-1,1,1,-1,-1,1,-1,-1,1,1,1,1,1,-1,-1,-300.48373918810654,2
787,-1,1,-1,1,1,-1,1,1,-1,1,-1,-1,-1,-1,-1,-1,1,1,1,-1,-1,-1,-1,-1,-1,-1,1,1,-1,1,1,1,1,-1,-1,1,-1,-1,1,-1,1,1,1,1,-1,1,1,-1,1,1,1,1,1,1,1,-1,-1,-1,1,-1,1,1,-1,1,1,-1,1,-1,-1,-1,-1,1,1,1,1,-1,-1,-1,1,1,-1,-1,1,-1,-1,-1,-1,-1,1,-1,1,-1,-1,-1,-1,-1,1,-1,1,-1,1,-1,-1,1,-1,1,-1,-1,-1,-1,1,1,1,1,-1,-1,1,1,-1,-1,-1,-1,1,-1,-1,1,-1,-1,-1,1,1,1,1,1,-1,1,-1,1,1,1,1,-1,1,-1,-1,-1,1,1,-1,-1,-1,-1,1,-1,-1,1,1,-1,-1,-1,-1,-1,1,-1,1,1,1,-1,1,1,-1,1,-1,-1,1,1,-1,1,1,1,1,-1,1,1,1,1,-1,-1,-1,1,-1,1,-1,-1,1,-1,-1,-1,-1,1,1,1,-1,-1,1,1,-1,1,1,-1,-1,-1,-1,-1,1,1,-300.48373918810654,5
788,1,1,-1,-1,1,-1,-1,1,-1,-1,-1,-1,-1,1,1,-1,1,-1,1,-1,-1,1,1,1,-1,-1,-1,-1,-1,1,1,1,1,-1,1,1,-1,-1,1,1,1,-1,-1,-1,-1,-1,1,1,1,-1,-1,1,-1,-1,1,1,1,-1,-1,1,-1,-1,1,-1,-1,1,1,1,1,1,1,-1,-1,-1,-1,1,1,1,1,-1,1,-1,-1,1,-1,1,1,-1,-1,1,-1,1,1,1,1,1,1,1,-1,-1,-1,1,1,-1,1,1,-1,1,-1,-1,1,1,1,1,1,1,-1,1,-1,-1,1,1,1,-1,-1,1,1,-1,-1,-1,-1,1,1,-1,1,1,-1,-1,-1,1,-1,1,-1,-1,1,1,-1,-1,1,1,1,1,-1,-1,1,1,1,1,1,-1,-1,1,1,1,-1,1,-1,1,1,1,1,1,1,1,1,-1,1,1,1,1,-1,1,-1,1,-1,-1,1,1,1,1,1,-1,-1,1,-1,1,1,1,1,-1,-1,1,1,1,1,-1,1,-1,-1,1,-1,-1,1,-1,1,-1,-300.4748571664438,2
789,-1,1,-1,1,1,-1,1,1,-1,1,-1,-1,-1,-1,-1,-1,1,-1,1,-1,-1,-1,-1,-1,-1,-1,1,1,-1,1,1,1,1,-1,-1,1,-1,-1,1,-1,1,1,1,1,-1,1,1,-1,1,1,1,1,1,1,1,-1,-1,-1,1,-1,1,1,-1,1,1,-1,1,1,-1,-1,1,1,1,1,1,-1,-1,-1,1,1,-1,-1,1,-1,1,-1,-1,1,1,-1,1,-1,-1,1,-1,-1,1,1,1,-1,-1,-1,-1,1,-1,1,1,-1,-1,-1,1,1,1,1,-1,-1,-1,1,-1,-1,-1,-1,1,-1,-1,1,-1,-1,1,1,1,-1,1,1,1,1,-1,1,1,1,-1,-1,1,-1,-1,-1,1,1,-1,-1,-1,-1,1,-1,-1,-1,1,-1,-1,-1,-1,-1,1,-1,1,1,1,-1,1,1,-1,1,-1,-1,1,1,-1,1,1,1,1,-1,1,1,1,1,-1,-1,-1,1,-1,1,-1,-1,1,-1,-1,-1,-1,1,1,1,-1,-1,1,1,-1,1,1,-1,1,-1,-1,-1,1,1,-300.4710652889969,2
790,1,1,1,-1,1,-1,-1,1,-1,-1,-1,-1,-1,1,1,-1,1,-1,1,-1,-1,1,1,1,-1,-1,-1,-1,-1,1,1,1,1,-1,1,1,-1,-1,1,1,1,1,-1,-1,-1,-1,1,1,1,-1,-1,1,-1,-1,-1,1,1,1,-1,1,-1,-1,1,-1,-1,1,1,1,1,1,1,-1,-1,-1,-1,1,1,1,-1,-1,-1,1,-1,1,1,1,-1,-1,-1,1,-1,1,1,1,1,1,-1,1,-1,1,-1,-1,1,-1,1,-1,1,-1,-1,1,-1,1,-1,-1,1,1,-1,1,1,1,1,1,-1,-1,-1,-1,1,1,1,-1,-1,-1,1,-1,1,1,1,-1,-1,1,-1,1,-1,1,1,1,-1,-1,1,1,1,1,-1,-1,1,-1,1,1,1,-1,-1,-1,1,1,-1,1,-1,1,1,1,1,1,1,1,1,-1,1,1,1,1,-1,1,-1,1,-1,1,1,1,-1,1,-1,-1,-1,1,-1,1,1,-1,-1,1,1,1,1,1,-1,-1,1,-1,-1,1,1,-1,-1,-1,1,-1,-300.4619097155322,1
791,1,1,-1,-1,1,-1,-1,1,-1,-1,-1,-1,-1,1,-1,-1,1,-1,1,-1,-1,1,1,1,-1,-1,-1,-1,-1,1,1,1,1,-1,1,1,-1,-1,1,1,1,1,-1,-1,-1,-1,1,1,1,-1,-1,1,-1,-1,-1,1,1,1,-1,1,-1,-1,1,-1,-1,1,1,1,1,1,1,-1,-1,-1,-1,1,1,1,-1,-1,1,1,-1,1,1,1,-1,1,-1,1,-1,1,1,1,1,1,-1,1,-1,1,-1,-1,1,-1,1,-1,1,-1,-1,1,-1,1,-1,-1,1,1,-1,1,1,1,1,1,-1,-1,-1,-1,1,1,1,-1,-1,-1,1,-1,1,1,1,-1,-1,1,-1,1,-1,1,1,1,-1,-1,1,1,1,1,-1,-1,1,-1,1,1,1,-1,-1,1,1,1,-1,1,-1,1,1,1,1,1,1,1,1,-1,1,1,1,1,-1,1,-1,1,-1,1,1,1,-1,1,-1,-1,-1,1,-1,1,1,-1,1,-1,-1,1,1,1,1,1,1,-1,-1,1,-1,-1,1,-1,1,-1,-300.45350233463705,1
792,-1,1,-1,1,1,-1,1,1,-1,1,-1,-1,-1,-1,-1,-1,1,1,1,-1,-1,-1,-1,-1,-1,-1,1,1,-1,1,1,1,1,-1,-1,-1,-1,-1,-1,-1,1,-1,1,1,-1,1,1,-1,1,1,1,1,1,1,1,-1,-1,-1,1,-1,1,1,-1,1,1,-1,1,1,-1,-1,1,1,1,1,1,-1,-1,-1,1,1,-1,-1,1,-1,1,-1,-1,1,1,-1,1,-1,-1,1,-1,-1,1,1,1,-1,-1,-1,-1,1,-1,1,1,-1,-1,-1,1,1,1,1,-1,-1,-1,1,-1,-1,-1,-1,1,-1,-1,1,-1,-1,1,1,1,-1,1,1,1,1,-1,1,1,1,1,-1,1,-1,-1,-1,1,1,-1,-1,-1,-1,1,-1,-1,-1,1,-1,-1,-1,-1,-1,1,-1,1,1,1,-1,1,-1,-1,1,-1,-1,1,1,-1,1,1,1,1,-1,1,1,1,1,1,-1,-1,1,-1,1,-1,-1,1,-1,-1,-1,-1,1,1,-1,-1,-1,1,-1,-1,1,1,-1,-1,1,-1,-1,1,1,-300.4492651930975,2
793,-1,-1,1,1,-1,1,1,-1,1,1,1,1,1,-1,-1,1,-1,1,-1,1,1,-1,-1,-1,1,1,1,1,1,-1,-1,-1,-1,1,-1,-1,1,1,-1,-1,-1,1,1,1,1,1,-1,-1,-1,1,1,-1,1,1,1,-1,-1,-1,1,-1,1,1,-1,1,1,-1,-1,-1,-1,-1,-1,1,1,1,1,-1,-1,-1,1,1,-1,-1,1,-1,-1,-1,-1,-1,1,1,1,-1,1,-1,-1,1,1,-1,1,-1,1,-1,-1,1,-1,1,-1,-1,1,-1,1,-1,-1,1,-1,-1,1,-1,-1,-1,-1,-1,1,1,1,1,-1,-1,-1,1,1,1,-1,1,-1,-1,-1,1,1,-1,1,-1,1,-1,-1,-1,1,1,-1,-1,-1,-1,1,1,-1,1,-1,-1,-1,1,1,-1,-1,-1,1,-1,1,-1,-1,-1,-1,-1,-1,-1,-1,1,-1,-1,-1,-1,1,-1,1,-1,1,1,-1,-1,-1,-1,-1,-1,1,-1,-1,-1,-1,-1,-1,1,1,-1,-1,1,-1,1,-1,1,1,-1,1,1,-1,1,-1,1,-300.4485680364879,1
794,-1,1,-1,1,1,1,1,1,-1,1,-1,1,-1,-1,-1,-1,1,1,1,-1,1,-1,-1,-1,-1,-1,-1,1,-1,1,1,1,1,-1,-1,-1,-1,-1,-1,-1,1,-1,1,1,-1,1,1,-1,1,1,1,1,1,1,1,-1,-1,-1,1,-1,1,1,-1,1,1,-1,1,1,-1,-1,1,1,1,1,1,-1,-1,-1,1,1,-1,-1,1,-1,1,-1,-1,1,1,-1,1,-1,-1,1,-1,-1,1,1,1,-1,-1,-1,-1,1,-1,1,1,-1,-1,-1,1,1,1,1,-1,-1,-1,1,-1,-1,-1,-1,1,-1,-1,1,-1,-1,1,1,1,-1,1,1,1,1,-1,1,1,1,1,-1,1,-1,-1,-1,1,1,-1,-1,-1,-1,1,-1,-1,-1,1,-1,-1,-1,-1,-1,1,-1,1,1,1,-1,1,-1,-1,1,-1,-1,1,1,-1,-1,-1,-1,1,-1,1,-1,1,1,1,-1,-1,1,-1,1,-1,-1,1,-1,-1,-1,-1,1,1,-1,-1,-1,-1,-1,-1,1,1,-1,-1,1,-1,1,-1,-1,-300.44662258848143,1
795,-1,-1,1,1,-1,1,1,-1,1,1,1,1,1,-1,-1,1,-1,1,-1,1,1,-1,-1,-1,1,1,1,1,1,-1,-1,-1,-1,1,-1,-1,1,1,-1,-1,-1,-1,1,1,1,1,-1,-1,-1,1,1,-1,1,1,1,-1,-1,-1,1,-1,1,1,-1,1,1,-1,1,-1,-1,1,-1,1,1,1,1,-1,-1,-1,1,1,1,-1,1,-1,-1,-1,1,-1,1,-1,1,-1,-1,-1,-1,-1,1,-1,1,-1,1,1,-1,1,-1,1,-1,1,1,-1,1,-1,1,1,-1,-1,1,-1,-1,-1,-1,-1,1,1,1,1,-1,-1,-1,1,1,1,-1,1,-1,-1,-1,1,1,-1,1,-1,1,-1,-1,-1,1,1,-1,-1,-1,-1,1,1,-1,1,-1,-1,-1,1,1,-1,-1,-1,1,-1,1,-1,-1,-1,-1,-1,-1,-1,-1,1,-1,-1,-1,-1,1,-1,1,-1,1,-1,-1,-1,1,-1,1,1,1,-1,1,-1,-1,1,1,-1,-1,-1,-1,-1,-1,1,-1,1,1,-1,1,1,-1,1,-1,1,-300.4463618635402,1
796,1,1,-1,-1,1,-1,-1,1,-1,-1,-1,-1,-1,1,1,-1,1,-1,1,-1,-1,1,1,1,-1,-1,-1,-1,-1,1,1,1,1,-1,1,1,-1,-1,1,1,1,-1,-1,-1,-1,-1,1,1,1,-1,-1,1,-1,-1,-1,1,1,1,-1,1,-1,-1,1,-1,-1,1,1,1,1,1,1,-1,-1,-1,-1,1,1,1,-1,-1,1,1,-1,1,1,1,1,1,-1,-1,-1,1,-1,1,1,-1,-1,1,-1,1,-1,1,1,-1,1,-1,1,1,-1,1,-1,1,-1,-1,1,1,-1,1,1,1,1,1,-1,-1,-1,-1,1,1,1,-1,-1,-1,1,-1,1,1,1,-1,-1,1,-1,1,-1,1,1,1,-1,-1,1,1,1,1,-1,-1,1,-1,1,1,1,-1,-1,1,1,1,-1,1,-1,1,1,1,1,1,1,1,1,-1,1,1,1,1,-1,1,-1,1,-1,-1,1,1,1,1,1,1,-1,1,1,1,1,1,1,-1,-1,1,1,-1,1,-1,1,-1,-1,1,-1,-1,1,-1,1,-1,-300.4396694586029,1
797,-1,1,-1,1,1,-1,1,1,-1,1,-1,-1,1,-1,-1,1,1,1,-1,1,1,-1,-1,-1,1,1,-1,1,1,1,-1,-1,1,1,-1,-1,1,1,-1,-1,1,-1,1,1,-1,1,1,-1,-1,1,1,-1,1,1,-1,-1,-1,1,1,-1,1,1,-1,1,1,-1,-1,-1,-1,1,-1,1,1,1,1,-1,-1,-1,-1,1,-1,1,1,-1,1,-1,-1,1,1,-1,1,-1,-1,-1,-1,-1,-1,-1,1,1,1,-1,-1,1,-1,-1,1,-1,1,1,-1,-1,1,-1,-1,-1,1,-1,1,1,-1,-1,-1,1,1,-1,-1,1,1,1,1,-1,-1,1,-1,-1,1,1,1,-1,1,-1,1,1,-1,-1,1,1,-1,-1,-1,-1,1,1,-1,-1,-1,-1,-1,-1,-1,-1,1,-1,1,1,1,-1,1,-1,-1,1,-1,-1,1,1,-1,1,1,1,1,-1,1,-1,1,1,1,-1,-1,1,-1,1,-1,-1,1,-1,-1,-1,-1,1,1,-1,-1,-1,1,-1,-1,1,1,-1,-1,1,-1,-1,1,1,-300.43210705582743,1
798,1,1,-1,-1,1,-1,-1,1,-1,-1,-1,-1,-1,1,1,-1,1,-1,1,-1,-1,1,1,1,-1,-1,-1,-1,-1,1,1,1,1,-1,1,-1,-1,-1,-1,1,1,-1,-1,-1,-1,-1,1,1,1,-1,-1,1,-1,-1,-1,1,1,1,-1,1,-1,-1,1,-1,-1,1,1,1,1,1,1,-1,-1,-1,-1,1,1,1,-1,-1,1,-1,-1,1,1,1,1,1,-1,1,-1,1,1,1,1,1,-1,1,-1,1,-1,1,1,-1,1,-1,1,1,-1,1,-1,1,-1,-1,1,1,-1,1,1,1,1,1,-1,-1,-1,-1,1,1,1,-1,-1,-1,1,-1,1,1,1,-1,-1,1,-1,1,-1,-1,1,1,-1,-1,1,1,1,1,-1,-1,1,-1,1,1,1,-1,-1,1,1,1,-1,1,-1,1,1,1,1,1,1,1,1,-1,1,1,1,1,-1,1,-1,1,-1,-1,1,1,1,-1,1,-1,-1,1,-1,1,1,1,1,-1,-1,1,1,1,1,-1,1,-1,-1,1,-1,1,1,-1,1,1,-300.4256892343413,1
799,-1,1,-1,1,1,-1,1,1,-1,1,-1,-1,-1,-1,-1,-1,-1,1,1,-1,-1,-1,-1,-1,-1,-1,1,1,-1,1,1,1,-1,-1,-1,1,-1,-1,1,-1,1,1,1,1,-1,1,1,-1,1,1,1,1,1,1,1,-1,-1,-1,1,-1,1,1,-1,1,1,-1,1,1,-1,-1,1,1,1,1,1,-1,-1,-1,1,1,-1,-1,1,-1,1,-1,-1,1,1,-1,1,-1,-1,1,-1,-1,1,1,1,-1,-1,-1,-1,1,-1,1,1,-1,-1,-1,1,1,1,1,-1,-1,-1,1,-1,-1,-1,-1,1,-1,-1,1,-1,-1,1,1,1,-1,1,1,1,1,-1,1,1,1,1,-1,1,-1,-1,-1,1,1,-1,-1,-1,-1,1,-1,-1,-1,1,-1,-1,-1,-1,-1,1,-1,1,-1,1,-1,1,1,-1,1,-1,-1,1,1,-1,1,1,1,1,-1,1,-1,1,1,-1,-1,-1,1,-1,1,-1,-1,1,-1,-1,-1,-1,1,1,1,-1,-1,1,1,-1,1,1,-1,-1,-1,-1,-1,1,-1,-300.4199190505681,1
800,-1,-1,1,1,-1,1,1,-1,1,1,1,1,1,-1,-1,1,-1,1,-1,1,1,-1,-1,-1,1,1,1,1,1,-1,-1,-1,-1,1,-1,-1,1,1,-1,-1,-1,-1,1,1,1,1,-1,-1,-1,1,-1,-1,1,-1,1,-1,-1,-1,1,-1,1,1,-1,1,1,-1,-1,-1,-1,-1,-1,1,1,1,1,-1,-1,-1,1,1,-1,-1,1,-1,-1,-1,1,-1,1,-1,1,-1,-1,-1,-1,-1,1,-1,1,-1,1,1,-1,1,-1,1,-1,1,1,-1,1,-1,1,1,-1,-1,1,-1,-1,-1,-1,-1,1,1,1,1,-1,-1,-1,1,1,1,-1,1,-1,-1,-1,1,1,-1,1,-1,1,-1,-1,-1,1,1,-1,-1,-1,-1,1,1,-1,1,-1,-1,-1,1,1,1,-1,-1,1,-1,1,-1,-1,-1,-1,-1,-1,-1,-1,1,-1,-1,-1,-1,1,-1,1,-1,1,-1,1,-1,1,-1,-1,1,1,-1,1,-1,-1,1,-1,1,1,-1,-1,-1,-1,1,-1,1,1,-1,1,1,-1,1,-1,1,-300.4145119338221,1
801,-1,1,-1,1,1,-1,1,1,-1,1,-1,-1,-1,-1,-1,-1,1,-1,1,-1,-1,-1,-1,-1,-1,-1,1,1,-1,1,1,1,1,-1,-1,1,-1,-1,1,-1,1,1,1,1,-1,1,1,-1,1,1,1,1,1,1,1,-1,-1,-1,1,-1,1,1,-1,1,1,-1,1,1,-1,-1,1,1,1,1,1,-1,-1,-1,1,1,-1,-1,1,-1,1,-1,-1,1,1,-1,1,-1,-1,1,-1,-1,1,1,1,-1,-1,-1,-1,1,-1,1,1,-1,-1,-1,1,1,1,1,-1,-1,-1,1,-1,-1,-1,-1,1,-1,-1,1,-1,-1,1,1,1,-1,1,1,1,1,-1,1,1,1,1,-1,1,-1,-1,-1,1,1,-1,-1,-1,-1,1,-1,-1,-1,1,-1,-1,-1,-1,-1,1,-1,1,1,1,-1,1,1,-1,1,-1,-1,1,1,-1,1,1,1,1,-1,1,-1,1,1,-1,-1,-1,1,-1,1,-1,-1,1,-1,-1,-1,-1,1,1,1,-1,-1,1,1,-1,1,1,-1,-1,-1,-1,-1,1,1,-300.41446420991724,2
802,1,-1,1,-1,-1,1,-1,-1,1,-1,1,1,1,1,1,1,-1,1,-1,1,1,1,1,1,1,1,-1,-1,1,-1,-1,-1,-1,1,1,-1,1,1,-1,1,-1,-1,-1,-1,1,-1,-1,1,-1,-1,-1,-1,-1,-1,-1,1,1,1,-1,1,-1,-1,1,-1,-1,1,-1,-1,1,1,-1,-1,-1,-1,-1,1,1,1,-1,-1,1,1,-1,1,-1,1,1,-1,-1,1,-1,1,1,-1,1,1,-1,-1,-1,1,1,1,1,-1,1,-1,-1,1,1,1,-1,-1,-1,-1,1,1,1,-1,1,1,1,1,-1,1,1,-1,1,1,-1,-1,-1,1,-1,-1,-1,-1,1,-1,-1,-1,-1,1,-1,1,1,1,-1,-1,1,1,1,1,-1,1,1,1,-1,1,1,1,1,1,-1,1,-1,-1,-1,1,-1,-1,1,-1,1,1,-1,-1,1,-1,-1,-1,-1,1,-1,1,-1,-1,1,1,1,-1,1,-1,1,1,-1,1,1,1,1,-1,-1,-1,1,1,-1,-1,1,-1,-1,1,1,1,1,1,-1,-1,-300.41446420991724,2
803,1,1,-1,-1,1,-1,-1,1,-1,-1,-1,-1,-1,1,1,-1,1,-1,1,-1,-1,1,1,1,-1,-1,-1,-1,-1,1,1,1,1,-1,1,-1,-1,-1,-1,1,1,-1,-1,-1,1,-1,1,1,1,-1,-1,1,-1,-1,-1,1,1,1,-1,1,-1,-1,1,-1,-1,1,1,1,1,1,1,-1,-1,-1,-1,1,1,1,-1,-1,1,1,-1,1,1,1,1,1,-1,-1,-1,1,-1,1,1,-1,-1,1,-1,1,-1,1,1,-1,1,-1,1,1,-1,1,-1,1,-1,-1,1,1,-1,1,1,1,1,1,-1,-1,-1,-1,1,1,1,-1,-1,-1,1,-1,1,1,1,-1,-1,1,-1,1,-1,1,1,1,-1,-1,1,1,1,1,-1,-1,1,-1,1,1,1,-1,-1,-1,1,1,-1,1,-1,1,1,1,1,1,1,1,1,-1,1,1,1,1,-1,1,-1,1,-1,-1,1,1,1,-1,1,1,-1,1,1,1,1,1,1,-1,-1,1,1,-1,1,-1,1,-1,-1,1,-1,1,1,-1,-1,-1,-300.4132401935458,1
804,1,1,-1,-1,1,-1,-1,1,-1,-1,-1,-1,-1,1,1,-1,1,-1,1,-1,-1,1,1,1,-1,-1,-1,-1,-1,1,1,1,1,-1,1,1,-1,-1,1,1,1,-1,-1,-1,-1,-1,1,1,1,-1,-1,1,-1,-1,-1,1,1,1,-1,1,-1,-1,1,-1,-1,1,1,1,1,1,1,-1,-1,-1,-1,1,1,1,-1,-1,1,-1,-1,1,1,1,-1,1,-1,1,-1,1,1,1,1,1,-1,1,-1,1,-1,-1,1,-1,1,-1,1,-1,-1,1,-1,1,1,-1,1,1,-1,1,1,1,1,1,-1,-1,-1,-1,1,1,1,-1,-1,-1,1,-1,1,1,1,-1,-1,1,-1,1,-1,-1,1,1,-1,-1,1,1,1,1,-1,-1,1,-1,1,1,1,-1,-1,-1,1,1,-1,1,-1,1,1,1,1,1,1,1,1,-1,1,1,1,1,-1,1,-1,1,-1,1,1,1,-1,1,-1,-1,-1,1,-1,1,1,-1,1,-1,-1,1,1,1,1,-1,1,-1,-1,1,-1,-1,1,-1,1,-1,-300.41301321586633,1
805,1,-1,1,-1,-1,1,-1,-1,1,-1,1,1,1,1,1,1,-1,-1,-1,1,-1,1,1,1,1,1,1,-1,1,-1,-1,-1,-1,1,1,1,1,1,1,-1,-1,1,-1,-1,1,-1,-1,1,-1,-1,-1,-1,-1,-1,-1,1,1,1,-1,1,-1,-1,1,-1,-1,1,-1,-1,1,1,-1,-1,-1,-1,-1,1,1,1,-1,-1,1,1,-1,1,-1,1,1,-1,-1,1,-1,1,1,-1,1,1,-1,-1,-1,1,1,1,1,-1,1,-1,-1,1,1,1,-1,-1,-1,-1,1,1,1,-1,1,1,1,1,-1,1,1,-1,1,1,-1,-1,-1,1,-1,-1,-1,-1,1,-1,-1,1,-1,1,-1,1,1,1,-1,-1,1,1,1,1,-1,1,1,1,-1,1,1,1,1,1,-1,1,-1,-1,-1,1,-1,1,1,-1,1,1,-1,-1,1,1,1,1,-1,1,-1,1,-1,-1,-1,1,1,-1,1,-1,1,1,-1,1,1,1,1,-1,-1,1,1,1,-1,1,1,1,-1,1,1,-1,1,1,-1,-1,-300.4122560352033,1
806,1,1,-1,-1,1,1,1,1,1,-1,-1,1,-1,1,1,-1,1,1,1,-1,1,-1,1,-1,-1,-1,-1,-1,-1,1,1,1,1,-1,-1,1,-1,-1,-1,1,1,-1,1,1,-1,1,1,-1,1,1,1,1,-1,1,1,-1,-1,-1,1,-1,1,1,-1,1,1,-1,1,1,-1,-1,1,1,1,1,1,-1,-1,-1,1,1,-1,-1,1,-1,1,-1,-1,1,1,-1,1,-1,-1,1,-1,-1,1,1,1,-1,-1,-1,-1,1,-1,1,1,-1,-1,-1,1,1,1,1,-1,-1,-1,1,-1,-1,1,-1,1,-1,-1,1,-1,-1,1,1,1,-1,1,1,1,1,-1,1,1,-1,1,1,1,-1,1,1,1,1,-1,-1,-1,-1,1,-1,-1,-1,1,-1,-1,-1,-1,-1,1,-1,1,1,1,-1,1,1,-1,1,-1,-1,1,1,-1,1,1,1,1,-1,1,-1,1,1,1,-1,-1,1,-1,1,1,-1,1,1,-1,-1,-1,1,1,-1,-1,-1,-1,-1,-1,1,1,-1,-1,1,-1,1,-1,1,-300.4110004902612,2
807,1,-1,1,-1,-1,1,-1,-1,1,-1,1,1,1,1,1,1,-1,-1,-1,1,1,1,1,1,1,1,1,-1,1,-1,-1,-1,-1,1,1,1,-1,-1,1,1,-1,1,-1,-1,1,-1,-1,1,-1,-1,-1,-1,-1,-1,-1,1,1,1,-1,1,-1,-1,1,-1,-1,1,-1,1,1,1,1,-1,-1,-1,-1,1,1,1,-1,-1,1,1,-1,1,1,1,1,1,-1,1,-1,1,1,1,1,1,-1,1,-1,1,-1,1,1,-1,1,-1,1,1,1,1,-1,-1,-1,-1,1,1,-1,-1,1,1,1,1,-1,1,1,-1,1,1,1,-1,-1,-1,-1,-1,1,-1,1,-1,-1,1,-1,1,-1,1,1,1,-1,-1,1,1,1,1,-1,1,1,-1,-1,1,1,1,1,1,-1,1,-1,-1,-1,1,-1,1,1,-1,1,1,-1,-1,1,-1,-1,-1,-1,1,-1,1,-1,-1,-1,1,1,-1,1,-1,1,1,-1,1,1,1,1,-1,-1,1,1,1,-1,1,1,-1,-1,1,1,-1,1,1,-1,1,-300.4045606917547,1
808,-1,1,-1,1,1,-1,1,1,-1,1,-1,-1,-1,-1,-1,-1,1,1,1,-1,-1,-1,-1,-1,-1,-1,-1,1,-1,1,1,1,1,-1,-1,-1,-1,-1,-1,-1,1,-1,1,1,-1,1,1,-1,1,1,1,1,1,1,1,-1,-1,-1,1,-1,1,1,-1,1,1,-1,1,1,-1,-1,1,1,1,1,1,-1,-1,-1,1,1,-1,-1,1,-1,1,-1,-1,1,1,-1,1,-1,-1,1,-1,-1,1,1,1,-1,-1,-1,-1,1,-1,1,1,-1,-1,-1,1,1,1,1,-1,-1,-1,1,-1,-1,-1,-1,1,-1,-1,1,-1,-1,1,1,1,-1,1,1,1,1,-1,1,1,1,1,-1,1,-1,-1,-1,1,1,-1,-1,-1,-1,1,-1,-1,-1,1,-1,-1,-1,-1,-1,1,-1,1,1,1,-1,1,1,-1,1,-1,-1,1,1,-1,1,1,1,1,-1,1,-1,1,1,1,-1,-1,1,-1,1,-1,-1,1,-1,-1,-1,-1,1,1,-1,-1,-1,1,-1,-1,1,1,-1,-1,1,-1,-1,1,1,-300.401618274066,1
809,1,-1,1,-1,-1,1,-1,-1,1,-1,1,1,1,1,1,1,-1,-1,-1,1,1,1,1,1,1,1,1,-1,1,-1,-1,-1,-1,1,1,1,1,1,1,1,-1,1,-1,-1,1,-1,-1,1,-1,-1,-1,-1,-1,-1,-1,1,1,1,-1,1,-1,-1,1,-1,-1,1,-1,-1,1,1,-1,-1,-1,-1,-1,1,1,1,-1,-1,1,1,-1,1,-1,1,1,-1,-1,1,-1,1,1,-1,1,1,-1,-1,-1,1,1,1,1,-1,1,-1,-1,1,1,1,-1,-1,-1,-1,1,1,1,-1,1,1,1,1,-1,1,1,-1,1,1,-1,-1,-1,1,-1,-1,-1,-1,1,-1,-1,-1,-1,1,-1,1,1,1,-1,-1,1,1,1,1,-1,1,1,1,-1,1,1,1,1,1,-1,1,-1,-1,-1,1,-1,-1,1,-1,1,1,-1,-1,1,-1,-1,-1,-1,1,-1,1,-1,-1,-1,1,1,-1,1,-1,1,1,-1,1,1,1,1,-1,-1,1,1,1,-1,1,1,-1,-1,1,1,-1,1,1,-1,-1,-300.401618274066,1
810,1,1,-1,-1,1,-1,-1,1,-1,-1,-1,-1,-1,1,1,-1,1,-1,1,-1,-1,1,1,1,-1,-1,-1,-1,-1,1,1,1,1,-1,1,1,-1,-1,1,1,1,1,-1,-1,-1,-1,1,1,1,-1,-1,1,-1,-1,-1,1,1,1,-1,1,-1,-1,1,-1,-1,1,-1,1,1,-1,1,-1,-1,-1,-1,1,1,1,-1,-1,-1,1,-1,1,1,1,-1,1,-1,1,-1,1,1,-1,1,1,-1,1,-1,1,-1,-1,1,-1,1,-1,1,-1,-1,1,-1,1,-1,-1,1,-1,1,1,1,1,1,1,-1,-1,-1,-1,1,1,1,-1,-1,-1,1,-1,1,1,1,-1,-1,1,-1,1,-1,1,1,1,-1,-1,1,1,1,1,-1,-1,1,-1,1,1,1,-1,-1,-1,1,1,-1,1,-1,1,1,1,1,1,1,1,1,-1,1,1,1,1,-1,1,-1,1,-1,1,1,1,-1,1,-1,-1,-1,1,-1,1,1,-1,-1,1,1,1,1,1,1,1,1,-1,-1,1,-1,-1,-1,-1,1,-1,-300.3983303088553,1
811,-1,1,-1,1,1,-1,1,1,-1,1,-1,-1,-1,-1,-1,-1,1,1,1,-1,-1,-1,-1,-1,-1,-1,-1,1,-1,1,1,1,1,-1,-1,-1,-1,-1,-1,-1,1,-1,1,1,-1,1,1,-1,1,1,1,1,1,1,1,-1,-1,-1,1,-1,1,1,-1,1,1,-1,1,1,-1,-1,1,1,1,1,1,-1,-1,-1,1,1,-1,-1,1,-1,1,-1,-1,1,1,-1,1,-1,-1,1,-1,-1,1,1,1,-1,-1,-1,-1,1,-1,1,1,-1,-1,-1,1,1,1,1,-1,-1,1,1,-1,-1,-1,-1,1,-1,-1,1,-1,-1,1,1,1,-1,1,1,1,1,-1,1,1,1,-1,-1,1,-1,-1,-1,1,1,-1,-1,-1,-1,1,-1,-1,-1,1,-1,-1,-1,-1,-1,1,-1,1,1,1,-1,1,-1,-1,1,-1,-1,1,1,-1,1,1,1,1,-1,1,-1,1,1,1,-1,-1,1,-1,1,-1,-1,1,-1,-1,-1,-1,1,1,-1,-1,-1,1,-1,-1,1,1,-1,-1,1,-1,-1,1,1,-300.3979576919595,1
812,-1,1,-1,1,1,-1,1,1,-1,1,-1,-1,-1,-1,-1,-1,1,1,1,-1,1,-1,-1,-1,-1,-1,-1,1,-1,1,1,1,1,-1,-1,-1,-1,-1,-1,-1,1,-1,1,1,-1,1,1,-1,1,1,1,1,1,1,1,-1,-1,-1,1,-1,1,1,-1,1,1,-1,1,1,-1,-1,1,1,1,1,1,-1,-1,-1,1,1,-1,-1,1,-1,1,-1,-1,1,1,-1,1,-1,-1,1,-1,-1,1,1,1,-1,-1,-1,1,1,-1,1,1,-1,-1,-1,1,1,1,1,-1,-1,-1,1,-1,-1,-1,-1,1,-1,-1,1,-1,-1,1,1,1,-1,1,1,1,1,-1,1,1,1,1,-1,1,-1,-1,-1,1,1,-1,-1,-1,-1,1,-1,-1,-1,1,-1,-1,-1,-1,-1,1,-1,1,1,1,-1,1,-1,-1,1,-1,-1,1,1,-1,-1,-1,-1,1,-1,1,-1,1,1,1,-1,-1,1,-1,1,-1,-1,1,-1,-1,-1,-1,1,1,-1,-1,-1,1,-1,-1,1,1,-1,-1,1,-1,-1,1,-1,-300.3952306831223,1
813,-1,1,-1,1,1,-1,1,1,-1,1,-1,-1,-1,-1,-1,-1,1,-1,1,-1,-1,-1,-1,-1,-1,-1,1,1,-1,1,1,1,1,-1,-1,1,-1,-1,1,-1,1,1,1,1,-1,1,1,-1,1,1,1,1,1,1,1,-1,-1,-1,1,-1,1,1,-1,1,1,-1,1,1,-1,-1,-1,1,1,1,1,-1,-1,-1,1,1,-1,-1,1,-1,1,-1,-1,1,1,-1,1,-1,-1,1,-1,-1,1,1,1,-1,-1,-1,1,1,-1,1,1,-1,-1,-1,1,1,1,1,-1,-1,-1,1,-1,-1,-1,-1,1,-1,-1,1,-1,-1,1,1,1,-1,1,1,1,1,-1,1,1,1,-1,-1,1,-1,-1,-1,1,1,-1,-1,-1,-1,1,-1,-1,-1,1,-1,-1,-1,-1,-1,1,-1,1,1,1,-1,1,1,-1,1,-1,-1,1,1,-1,1,1,1,1,-1,1,1,1,1,-1,-1,-1,1,-1,1,-1,-1,1,-1,-1,-1,-1,1,1,1,-1,-1,1,1,-1,1,1,-1,-1,-1,-1,-1,1,1,-300.3943314251535,1
814,-1,1,-1,1,1,-1,1,1,-1,1,-1,-1,-1,-1,-1,-1,1,1,1,-1,-1,-1,-1,-1,-1,-1,1,1,-1,1,1,1,1,-1,-1,1,-1,-1,1,-1,1,1,1,1,-1,1,1,-1,1,1,1,1,1,1,1,-1,-1,-1,1,-1,1,1,-1,1,1,-1,1,1,-1,-1,1,1,1,1,1,-1,-1,-1,1,1,-1,-1,1,-1,1,-1,-1,1,1,-1,1,-1,-1,1,-1,-1,1,1,1,-1,-1,-1,1,1,-1,1,1,-1,-1,-1,1,1,1,1,-1,-1,-1,1,-1,-1,-1,-1,1,-1,-1,1,-1,-1,1,1,1,-1,1,1,1,1,-1,1,1,1,1,-1,1,-1,-1,-1,1,1,-1,-1,-1,-1,1,-1,-1,-1,1,-1,-1,-1,-1,-1,1,-1,1,1,1,-1,1,1,-1,1,-1,-1,1,1,-1,1,1,1,1,-1,1,1,1,1,-1,-1,-1,1,-1,1,-1,-1,1,-1,-1,-1,-1,1,1,1,-1,-1,1,1,-1,1,1,-1,-1,-1,-1,-1,1,-1,-300.3832176541839,1
815,1,1,1,-1,1,-1,-1,1,-1,-1,-1,-1,-1,1,1,-1,1,-1,1,-1,-1,1,1,1,-1,-1,-1,-1,-1,1,1,1,1,-1,1,1,-1,-1,1,1,1,1,-1,-1,-1,-1,1,1,1,-1,-1,1,-1,-1,-1,1,1,1,-1,1,-1,-1,1,-1,-1,1,1,1,1,1,1,-1,-1,-1,-1,1,1,1,-1,-1,1,1,-1,1,1,1,1,1,-1,1,-1,1,1,1,1,1,-1,1,-1,1,-1,1,1,-1,1,-1,1,1,-1,1,-1,1,-1,-1,1,1,-1,1,1,1,1,1,-1,-1,-1,-1,1,1,1,-1,-1,-1,1,-1,1,1,1,-1,-1,1,-1,1,-1,1,1,1,-1,-1,1,1,1,1,-1,-1,1,-1,1,1,1,-1,-1,1,1,1,-1,1,-1,1,1,1,1,1,1,1,1,-1,1,1,1,1,-1,1,-1,1,-1,-1,-1,1,1,1,1,-1,-1,1,-1,1,1,1,1,-1,-1,1,1,1,1,1,1,-1,-1,1,1,-1,1,-1,1,1,-300.38130652205194,1
816,-1,1,-1,1,1,-1,1,1,-1,1,-1,-1,-1,-1,-1,-1,1,-1,1,-1,-1,-1,-1,-1,-1,-1,1,1,-1,1,1,1,1,-1,-1,1,-1,-1,1,-1,1,1,1,1,-1,1,1,-1,1,1,1,1,1,1,1,-1,-1,-1,1,-1,1,1,-1,1,1,-1,1,1,-1,-1,1,1,1,1,1,-1,-1,-1,1,1,-1,-1,1,-1,1,-1,-1,1,1,-1,1,-1,-1,1,-1,-1,1,1,1,-1,-1,-1,-1,1,-1,1,1,-1,-1,-1,1,1,1,1,-1,-1,-1,1,-1,-1,-1,-1,1,-1,-1,1,-1,-1,1,1,1,-1,1,1,1,1,-1,1,1,1,1,-1,1,-1,-1,-1,1,1,-1,-1,-1,-1,1,-1,-1,-1,1,-1,-1,-1,-1,-1,1,-1,1,1,1,-1,1,-1,-1,1,-1,-1,1,1,-1,1,1,1,1,-1,1,1,1,1,-1,-1,-1,1,-1,1,-1,-1,1,-1,-1,-1,-1,1,1,1,-1,-1,1,1,-1,1,1,-1,-1,-1,-1,-1,1,-1,-300.3812050042208,1
817,1,-1,1,-1,-1,1,-1,-1,1,-1,1,1,1,1,1,1,-1,-1,-1,1,-1,1,1,1,1,1,1,-1,1,-1,-1,-1,-1,1,1,1,1,1,1,1,-1,1,-1,-1,1,-1,-1,1,-1,-1,-1,-1,-1,-1,-1,1,1,1,-1,1,-1,-1,1,-1,-1,1,-1,-1,1,1,-1,-1,-1,-1,-1,1,1,1,-1,-1,1,1,-1,1,-1,1,1,-1,-1,1,-1,1,1,-1,1,1,-1,-1,-1,1,1,1,1,-1,1,-1,-1,1,1,1,-1,-1,-1,-1,1,1,-1,-1,1,1,1,1,-1,1,1,-1,1,1,-1,-1,-1,1,-1,-1,-1,-1,1,-1,-1,-1,1,1,-1,1,1,1,-1,-1,1,1,1,1,-1,1,1,1,-1,1,1,1,1,1,-1,1,-1,-1,-1,1,-1,1,1,-1,1,1,-1,-1,1,1,1,1,-1,1,-1,1,-1,-1,-1,1,1,-1,1,-1,1,1,-1,1,1,1,1,-1,-1,1,1,1,-1,1,1,-1,-1,1,1,-1,1,1,-1,-1,-300.37952566300834,2
818,-1,-1,1,1,-1,1,1,-1,1,1,1,1,1,-1,-1,1,-1,1,-1,1,1,-1,-1,-1,1,1,1,1,1,-1,-1,-1,-1,1,-1,-1,1,1,-1,-1,-1,1,1,1,1,1,-1,-1,-1,1,-1,-1,1,-1,1,-1,-1,-1,1,-1,1,1,-1,1,1,-1,-1,-1,-1,-1,-1,1,1,1,1,-1,-1,-1,1,1,-1,-1,1,-1,-1,-1,-1,-1,1,-1,1,-1,-1,-1,-1,-1,1,-1,1,-1,1,-1,-1,1,-1,1,-1,-1,1,-1,1,-1,1,1,-1,-1,1,-1,-1,-1,-1,-1,1,1,1,1,-1,-1,-1,1,1,1,-1,1,-1,-1,-1,1,1,-1,1,-1,1,-1,-1,-1,1,1,-1,-1,-1,-1,1,1,-1,1,-1,-1,-1,1,1,-1,-1,-1,1,-1,1,-1,-1,-1,-1,-1,-1,-1,-1,1,-1,-1,-1,-1,1,-1,1,-1,1,1,-1,-1,-1,-1,-1,1,1,1,1,-1,-1,-1,-1,1,1,-1,-1,-1,-1,1,-1,1,1,-1,1,1,-1,1,-1,1,-300.3787861317875,1
819,1,1,1,-1,1,-1,-1,1,-1,-1,-1,-1,-1,1,1,-1,1,-1,1,-1,-1,1,1,1,-1,-1,-1,-1,-1,1,1,1,1,-1,1,1,-1,-1,1,1,1,-1,-1,-1,-1,-1,1,1,1,-1,-1,1,-1,-1,-1,1,1,1,-1,1,-1,-1,1,-1,-1,1,1,1,1,1,1,-1,-1,-1,-1,1,1,1,-1,-1,-1,1,-1,1,1,1,-1,1,-1,1,-1,1,1,1,1,1,-1,1,-1,1,-1,-1,1,-1,1,-1,1,-1,-1,1,-1,1,-1,-1,1,1,-1,1,1,1,1,1,-1,-1,-1,-1,1,1,1,-1,-1,-1,1,-1,1,1,1,-1,-1,1,-1,1,-1,1,1,1,-1,-1,1,1,1,1,-1,-1,1,-1,1,1,1,-1,-1,-1,1,1,-1,1,-1,1,1,1,1,1,1,1,1,-1,1,1,1,1,-1,1,-1,1,-1,1,1,1,-1,1,-1,-1,-1,1,-1,1,1,-1,1,-1,1,1,1,1,-1,-1,1,-1,-1,1,1,-1,1,-1,1,-1,-300.3738362197058,1
820,-1,-1,1,1,-1,-1,-1,-1,-1,-1,1,-1,1,-1,-1,1,-1,-1,-1,1,-1,1,-1,1,1,1,1,-1,1,-1,-1,-1,-1,1,1,-1,1,1,1,-1,-1,1,-1,-1,1,-1,-1,1,-1,-1,-1,-1,1,-1,-1,1,1,1,-1,1,-1,-1,1,-1,-1,1,-1,-1,1,1,-1,-1,-1,-1,-1,1,1,1,-1,-1,1,1,-1,1,-1,1,1,-1,-1,1,-1,1,1,-1,1,1,-1,-1,-1,1,1,1,1,-1,1,-1,-1,1,1,1,-1,-1,-1,-1,1,1,1,-1,1,1,1,1,-1,1,1,-1,1,1,-1,-1,-1,1,-1,-1,-1,-1,1,-1,-1,1,-1,-1,-1,1,-1,-1,-1,-1,1,1,1,1,-1,1,1,1,-1,1,1,1,1,1,-1,1,-1,-1,-1,1,-1,-1,1,-1,1,1,-1,-1,1,-1,-1,-1,-1,1,-1,1,-1,-1,-1,1,1,-1,1,-1,-1,1,-1,-1,1,1,1,-1,-1,1,1,1,1,1,1,-1,-1,1,1,-1,1,-1,1,1,-300.3734276618784,1
821,-1,1,-1,1,1,-1,1,1,-1,1,-1,-1,-1,-1,-1,-1,1,-1,1,-1,-1,-1,-1,-1,-1,-1,1,1,-1,1,1,1,1,-1,-1,1,-1,-1,1,1,1,1,1,1,-1,1,1,-1,1,1,1,1,1,1,1,-1,-1,-1,1,-1,1,1,-1,1,1,-1,1,-1,-1,-1,-1,1,1,1,1,-1,-1,-1,1,1,-1,-1,1,-1,-1,-1,-1,-1,1,-1,1,-1,-1,-1,-1,-1,1,-1,1,-1,1,-1,-1,1,-1,1,-1,-1,-1,-1,1,1,1,1,-1,-1,1,1,-1,-1,-1,-1,1,-1,-1,1,-1,-1,-1,1,1,1,1,1,-1,1,-1,1,1,-1,1,-1,1,-1,-1,-1,1,1,-1,-1,-1,-1,1,-1,-1,1,1,-1,-1,-1,-1,-1,1,-1,1,1,1,-1,1,1,-1,1,-1,-1,1,1,-1,1,1,1,1,-1,1,1,1,1,-1,-1,-1,1,-1,1,-1,-1,1,-1,-1,-1,-1,1,1,1,-1,-1,1,1,-1,1,1,-1,-1,-1,-1,-1,1,-1,-300.3728340739396,5
822,1,-1,1,-1,-1,1,-1,-1,1,-1,1,1,1,1,1,1,-1,1,-1,1,1,1,1,1,1,1,-1,-1,1,-1,-1,-1,-1,1,1,-1,1,1,-1,-1,-1,-1,-1,-1,1,-1,-1,1,-1,-1,-1,-1,-1,-1,-1,1,1,1,-1,1,-1,-1,1,-1,-1,1,-1,1,1,1,1,-1,-1,-1,-1,1,1,1,-1,-1,1,1,-1,1,1,1,1,1,-1,1,-1,1,1,1,1,1,-1,1,-1,1,-1,1,1,-1,1,-1,1,1,1,1,-1,-1,-1,-1,1,1,-1,-1,1,1,1,1,-1,1,1,-1,1,1,1,-1,-1,-1,-1,-1,1,-1,1,-1,-1,1,-1,1,-1,1,1,1,-1,-1,1,1,1,1,-1,1,1,-1,-1,1,1,1,1,1,-1,1,-1,-1,-1,1,-1,-1,1,-1,1,1,-1,-1,1,-1,-1,-1,-1,1,-1,-1,-1,-1,1,1,1,-1,1,-1,1,1,-1,1,1,1,1,-1,-1,-1,1,1,-1,-1,1,-1,-1,1,1,1,1,1,-1,1,-300.3728340739396,2
823,-1,-1,-1,1,-1,1,1,-1,1,1,1,1,1,-1,-1,1,-1,1,-1,1,1,-1,-1,-1,1,1,1,1,1,-1,-1,-1,-1,1,-1,-1,1,1,-1,-1,-1,-1,1,1,-1,1,-1,-1,-1,1,1,-1,1,1,1,-1,-1,-1,1,-1,1,1,-1,1,1,-1,-1,-1,-1,-1,-1,1,1,1,1,-1,-1,-1,-1,1,-1,1,1,-1,-1,-1,-1,1,1,-1,1,-1,-1,-1,-1,-1,-1,-1,1,1,1,-1,-1,1,-1,-1,1,-1,1,-1,1,-1,1,-1,-1,-1,1,-1,-1,1,-1,-1,-1,1,1,-1,-1,-1,1,1,1,-1,-1,1,-1,-1,-1,1,1,-1,1,-1,1,1,-1,-1,1,1,-1,-1,-1,-1,1,1,-1,-1,-1,-1,-1,1,1,-1,-1,-1,1,-1,1,-1,-1,-1,-1,-1,-1,-1,-1,1,-1,-1,-1,-1,1,-1,1,-1,1,1,1,-1,-1,1,-1,1,1,-1,1,-1,-1,-1,-1,1,1,-1,-1,-1,1,-1,-1,1,1,-1,-1,1,-1,1,-1,1,-300.3711486218049,1
824,-1,-1,1,1,-1,1,1,-1,1,1,1,1,1,-1,-1,1,-1,1,-1,1,1,-1,-1,-1,1,1,1,1,1,-1,-1,-1,-1,1,-1,1,1,1,1,-1,-1,1,1,1,-1,1,-1,-1,-1,1,1,-1,1,1,-1,-1,-1,1,1,-1,1,1,-1,1,1,-1,-1,-1,-1,-1,-1,1,1,1,1,-1,-1,-1,-1,1,-1,1,1,-1,1,-1,-1,1,1,-1,1,-1,-1,-1,-1,-1,-1,-1,1,1,1,-1,-1,1,-1,-1,1,-1,1,1,-1,-1,-1,-1,-1,-1,1,-1,1,1,-1,-1,-1,1,1,-1,-1,1,1,1,1,-1,-1,1,-1,-1,1,1,1,-1,1,-1,1,1,-1,-1,1,1,-1,-1,-1,-1,1,1,-1,-1,-1,-1,-1,1,1,-1,-1,-1,1,-1,1,-1,-1,-1,-1,-1,-1,-1,-1,1,-1,-1,-1,-1,1,-1,1,-1,1,1,-1,-1,-1,1,-1,1,1,-1,1,-1,-1,-1,-1,1,1,-1,-1,-1,-1,1,-1,1,1,-1,1,-1,-1,1,1,1,-300.3684464320898,1
825,-1,1,-1,1,1,-1,1,1,-1,1,-1,-1,-1,-1,-1,-1,1,-1,1,-1,-1,-1,-1,-1,-1,-1,1,1,-1,1,1,1,1,-1,-1,1,-1,-1,1,-1,1,1,1,1,-1,1,1,-1,1,1,1,1,1,1,1,-1,-1,-1,1,-1,1,1,-1,1,1,-1,1,1,-1,-1,1,1,1,1,1,-1,-1,-1,1,1,-1,-1,1,-1,1,-1,-1,1,1,-1,1,-1,-1,1,-1,-1,1,1,1,-1,-1,-1,-1,1,-1,1,1,-1,-1,-1,1,1,1,1,-1,-1,-1,1,-1,-1,-1,-1,1,-1,-1,1,-1,-1,1,1,1,-1,1,1,1,1,-1,1,1,1,-1,-1,1,-1,-1,-1,1,1,-1,-1,-1,-1,1,-1,-1,-1,1,-1,-1,-1,-1,-1,1,-1,1,1,1,-1,1,1,-1,1,-1,-1,1,1,-1,1,1,1,1,-1,1,-1,1,1,-1,-1,-1,1,-1,1,-1,-1,1,-1,-1,-1,-1,1,1,1,-1,-1,1,1,-1,1,1,-1,-1,-1,-1,-1,1,1,-300.3642810041006,1
826,1,1,1,-1,1,-1,-1,1,-1,-1,-1,-1,-1,1,1,-1,1,-1,1,-1,-1,1,1,1,-1,-1,-1,-1,-1,1,1,1,1,-1,1,1,-1,-1,1,1,1,1,-1,-1,-1,-1,1,1,1,-1,-1,1,-1,-1,-1,1,1,1,-1,1,-1,-1,1,-1,-1,1,1,1,1,1,1,-1,-1,-1,-1,1,1,1,-1,-1,-1,1,-1,1,1,1,-1,1,-1,1,-1,1,1,1,1,1,-1,1,-1,1,-1,-1,1,-1,1,-1,1,-1,-1,1,-1,1,1,-1,1,1,-1,1,1,1,1,1,-1,-1,-1,-1,1,1,1,-1,-1,-1,1,-1,1,1,1,-1,-1,1,-1,1,-1,1,1,1,-1,-1,1,1,1,1,-1,-1,1,-1,1,1,1,-1,-1,-1,1,1,-1,1,-1,1,1,1,1,1,1,1,1,-1,1,1,1,1,-1,1,-1,1,-1,1,-1,1,-1,1,-1,-1,-1,1,-1,1,1,-1,-1,1,1,1,1,1,-1,1,1,-1,-1,1,1,-1,-1,-1,1,-1,-300.3618172317575,1
827,-1,1,-1,1,1,-1,1,1,-1,1,-1,-1,-1,-1,-1,-1,1,1,1,-1,-1,-1,-1,-1,-1,-1,1,1,-1,1,1,1,1,-1,-1,1,-1,-1,1,1,1,1,1,1,-1,1,1,-1,1,1,1,1,1,1,1,-1,-1,-1,1,-1,1,1,-1,1,1,-1,1,1,-1,-1,1,1,1,1,1,-1,-1,-1,1,1,-1,-1,1,-1,1,-1,-1,1,1,-1,1,-1,-1,1,-1,-1,1,1,1,-1,-1,-1,-1,1,-1,1,1,-1,-1,-1,1,1,1,1,-1,-1,-1,1,-1,-1,-1,-1,1,-1,-1,1,-1,-1,1,1,1,-1,1,1,1,1,-1,1,1,-1,1,-1,1,-1,-1,-1,1,1,-1,-1,-1,-1,1,-1,-1,-1,1,-1,-1,-1,-1,-1,1,-1,1,1,1,-1,1,1,-1,1,-1,-1,1,1,-1,1,1,1,1,-1,1,1,1,1,-1,-1,-1,1,-1,1,-1,-1,1,-1,-1,-1,-1,1,1,1,-1,-1,1,1,-1,1,1,-1,-1,-1,-1,-1,1,-1,-300.35838630367596,2
828,1,1,-1,-1,1,-1,-1,1,-1,-1,-1,-1,-1,1,1,-1,1,-1,1,-1,-1,1,1,1,-1,-1,-1,-1,-1,1,1,1,1,-1,1,1,-1,-1,1,1,1,1,-1,-1,-1,-1,1,1,1,-1,-1,1,-1,-1,-1,1,1,1,-1,1,-1,-1,1,-1,-1,1,1,1,1,1,1,-1,-1,-1,-1,1,1,1,-1,-1,-1,1,-1,1,1,1,-1,-1,-1,1,-1,1,1,1,1,1,-1,1,-1,1,-1,-1,1,-1,1,-1,1,-1,-1,1,-1,1,-1,-1,1,1,-1,1,1,1,1,1,-1,-1,-1,-1,1,1,1,-1,-1,-1,1,-1,1,1,1,-1,-1,1,-1,1,-1,1,1,1,-1,-1,1,1,1,1,-1,-1,1,-1,1,1,1,-1,-1,-1,1,1,-1,1,-1,1,1,1,1,1,1,1,1,-1,1,1,1,1,-1,1,-1,1,-1,1,-1,1,-1,1,-1,-1,-1,1,-1,1,1,-1,-1,1,1,1,1,1,1,-1,1,-1,-1,1,-1,-1,-1,-1,1,-1,-300.35547373875977,1
829,1,1,1,-1,1,-1,-1,1,-1,-1,-1,-1,-1,1,1,-1,1,-1,1,-1,-1,1,1,1,-1,-1,-1,-1,-1,1,1,1,1,-1,1,1,-1,-1,1,1,1,1,-1,-1,-1,-1,1,1,1,-1,-1,1,-1,-1,-1,1,1,1,-1,1,-1,-1,1,-1,-1,1,1,1,1,1,1,-1,-1,-1,-1,1,1,1,-1,-1,1,1,-1,1,1,1,-1,1,-1,1,-1,1,1,1,1,1,-1,1,-1,1,-1,-1,1,-1,1,-1,1,-1,-1,1,-1,1,1,-1,1,1,-1,1,1,1,1,1,-1,-1,-1,-1,1,1,1,-1,-1,-1,1,-1,1,1,1,-1,-1,1,-1,1,-1,1,1,1,-1,-1,1,1,1,1,-1,-1,1,-1,1,1,1,-1,-1,1,1,1,-1,1,-1,1,1,1,1,1,1,1,1,-1,1,1,1,1,-1,1,-1,1,-1,1,1,1,-1,1,-1,-1,-1,1,-1,1,1,-1,1,-1,-1,1,1,1,1,-1,1,-1,-1,1,1,-1,1,-1,1,-1,-300.3518414205121,1
830,-1,-1,1,1,-1,1,1,-1,1,1,1,1,1,-1,-1,1,-1,1,-1,1,1,-1,-1,-1,1,1,1,1,1,-1,-1,-1,-1,1,-1,-1,1,1,-1,-1,-1,-1,1,1,1,1,-1,-1,-1,1,1,-1,1,1,1,-1,-1,-1,1,-1,1,1,-1,1,1,-1,-1,-1,-1,-1,-1,1,1,1,1,-1,-1,-1,-1,1,-1,1,1,-1,-1,-1,-1,1,1,-1,1,-1,-1,1,-1,-1,-1,-1,1,1,1,-1,-1,1,-1,1,-1,-1,1,-1,-1,-1,1,-1,-1,-1,-1,-1,-1,-1,-1,-1,1,1,1,-1,-1,-1,1,1,1,1,-1,1,-1,-1,-1,1,1,-1,1,-1,1,1,-1,-1,1,1,-1,-1,-1,-1,1,1,-1,1,-1,-1,-1,1,1,1,-1,-1,1,-1,1,-1,-1,-1,-1,-1,-1,-1,-1,1,-1,-1,-1,-1,1,-1,1,-1,1,1,-1,-1,-1,-1,-1,1,1,-1,1,-1,-1,-1,-1,1,1,-1,-1,-1,-1,-1,-1,1,1,-1,1,1,-1,1,-1,1,-300.3502122077519,1
831,-1,1,-1,1,1,-1,1,1,-1,1,-1,-1,-1,-1,-1,-1,-1,1,1,-1,-1,-1,-1,-1,-1,-1,1,1,-1,1,1,1,-1,-1,-1,1,-1,-1,1,1,1,1,1,1,-1,1,1,-1,1,1,1,1,1,1,1,-1,-1,-1,1,-1,1,1,-1,1,1,-1,1,1,-1,-1,1,1,1,1,1,-1,-1,-1,1,1,-1,-1,1,-1,1,-1,-1,1,1,-1,1,-1,-1,1,-1,-1,1,1,1,-1,-1,-1,-1,1,-1,1,1,-1,-1,-1,1,1,1,1,-1,-1,-1,1,-1,-1,-1,-1,1,-1,-1,1,-1,-1,1,1,1,-1,1,1,1,1,-1,1,1,-1,1,-1,1,-1,-1,-1,1,1,-1,-1,-1,-1,1,-1,-1,-1,1,-1,-1,-1,-1,-1,1,-1,1,-1,1,-1,1,1,-1,1,-1,-1,1,1,-1,1,1,1,1,-1,1,-1,1,1,-1,-1,-1,1,-1,1,-1,-1,1,-1,-1,-1,-1,1,1,1,-1,-1,1,1,-1,1,1,-1,-1,-1,-1,-1,1,1,-300.34850242029654,1
832,1,1,-1,-1,1,-1,-1,1,-1,-1,-1,-1,-1,1,1,-1,1,-1,1,-1,-1,1,1,1,-1,-1,-1,-1,-1,1,1,1,1,-1,1,1,-1,-1,1,1,1,1,-1,-1,-1,-1,1,1,1,-1,-1,1,-1,-1,-1,1,1,1,-1,1,-1,-1,1,-1,-1,1,1,1,1,1,1,-1,-1,-1,-1,1,1,1,-1,-1,1,1,-1,1,1,1,1,1,-1,1,-1,1,1,1,1,1,-1,1,-1,1,-1,1,1,-1,1,-1,1,1,-1,1,-1,1,-1,-1,1,1,-1,1,1,1,1,1,-1,-1,-1,-1,1,1,1,-1,-1,-1,1,-1,1,1,1,-1,-1,1,-1,1,-1,1,1,1,-1,-1,1,1,1,1,-1,-1,1,-1,1,1,1,-1,-1,-1,1,1,-1,1,-1,1,1,1,1,1,1,1,1,-1,1,1,1,1,-1,1,-1,1,-1,-1,-1,1,1,1,1,-1,-1,1,-1,1,1,1,-1,1,-1,1,1,1,1,1,1,-1,-1,1,-1,-1,1,-1,1,1,-300.33333291779803,1
833,1,-1,1,-1,-1,1,-1,-1,1,-1,1,1,1,1,1,1,-1,-1,-1,1,1,1,1,1,1,1,-1,-1,1,-1,-1,-1,-1,1,1,-1,1,1,-1,1,-1,-1,-1,-1,1,-1,-1,1,-1,-1,-1,-1,-1,-1,-1,1,1,1,-1,1,-1,-1,1,-1,-1,1,-1,-1,1,1,-1,-1,-1,-1,-1,1,1,1,-1,-1,1,1,-1,1,-1,1,1,-1,-1,1,-1,1,1,-1,1,1,-1,-1,-1,1,1,1,-1,-1,1,-1,-1,1,1,1,-1,-1,-1,-1,1,1,1,-1,1,1,1,1,-1,1,1,-1,1,1,-1,-1,-1,1,-1,-1,-1,-1,1,-1,-1,-1,1,1,-1,1,1,1,-1,-1,1,1,1,1,-1,1,1,1,-1,1,1,1,1,1,-1,1,-1,-1,-1,1,-1,-1,1,-1,1,1,-1,-1,1,-1,-1,-1,-1,1,-1,-1,-1,-1,1,1,1,-1,1,-1,1,1,-1,1,1,1,1,-1,-1,-1,1,1,-1,-1,1,-1,-1,1,1,1,1,1,-1,1,-300.33303444836724,1
834,-1,-1,1,1,-1,1,1,-1,1,1,1,1,1,-1,1,1,-1,1,-1,1,1,-1,-1,-1,1,1,1,1,1,-1,-1,-1,-1,1,-1,-1,1,1,-1,-1,-1,1,1,1,1,1,-1,-1,-1,1,1,-1,1,1,1,-1,-1,-1,1,-1,1,1,-1,1,1,-1,-1,-1,-1,-1,-1,1,1,1,1,-1,-1,-1,1,1,-1,-1,1,-1,-1,-1,1,-1,1,-1,1,1,-1,-1,1,-1,1,-1,1,-1,1,1,-1,1,-1,1,-1,1,1,-1,1,-1,-1,1,-1,-1,1,-1,-1,-1,-1,-1,1,1,1,1,-1,-1,-1,1,1,1,-1,1,-1,-1,-1,1,1,-1,1,-1,1,-1,-1,-1,1,1,-1,1,-1,-1,1,1,-1,-1,-1,-1,-1,1,1,1,-1,-1,1,-1,1,-1,-1,-1,-1,-1,-1,-1,-1,1,-1,-1,-1,-1,1,-1,1,-1,1,-1,-1,-1,1,-1,1,1,1,-1,1,-1,-1,1,-1,1,1,-1,-1,-1,-1,1,-1,1,1,-1,1,1,-1,1,-1,1,-300.3316138034048,1
835,1,1,-1,-1,1,-1,-1,1,-1,-1,-1,-1,-1,1,1,-1,1,-1,1,-1,-1,1,1,1,-1,-1,-1,-1,-1,1,1,1,1,-1,1,-1,-1,-1,-1,1,1,-1,-1,-1,-1,-1,-1,1,1,-1,-1,1,-1,-1,-1,1,1,1,-1,1,-1,-1,1,-1,-1,1,-1,-1,1,1,-1,-1,-1,-1,-1,1,1,1,-1,-1,1,1,-1,1,-1,1,1,-1,-1,1,-1,1,1,-1,1,1,-1,-1,-1,1,1,1,1,-1,1,-1,-1,1,-1,1,-1,1,-1,-1,1,1,1,1,1,1,1,1,-1,-1,-1,-1,1,1,-1,-1,-1,1,1,-1,-1,1,1,-1,-1,1,-1,1,-1,1,1,1,-1,-1,1,1,1,1,-1,-1,1,1,1,1,1,-1,1,1,1,1,-1,1,-1,1,1,1,1,1,1,1,1,1,1,1,-1,-1,-1,1,-1,1,-1,-1,1,1,1,-1,1,-1,-1,1,-1,1,1,1,1,-1,-1,1,1,1,1,-1,1,-1,-1,1,-1,1,1,-1,1,1,-300.33121847270667,1
836,1,-1,1,-1,-1,1,-1,-1,1,-1,1,1,1,1,1,1,1,-1,-1,1,1,1,1,1,1,1,-1,-1,1,-1,-1,1,1,1,1,-1,1,1,-1,-1,-1,-1,-1,-1,1,-1,-1,1,-1,-1,-1,-1,-1,-1,-1,1,1,1,-1,1,-1,-1,1,-1,-1,1,-1,-1,1,1,-1,-1,-1,-1,-1,1,1,1,-1,-1,1,1,-1,1,-1,1,1,-1,-1,1,-1,1,1,-1,1,1,-1,-1,-1,1,1,1,1,-1,1,-1,-1,1,1,1,-1,-1,-1,-1,1,1,1,-1,1,1,1,1,-1,1,1,-1,1,1,-1,-1,-1,1,-1,-1,-1,-1,1,-1,-1,1,-1,1,-1,1,1,1,-1,-1,1,1,1,1,-1,1,1,1,-1,1,1,1,1,1,-1,1,-1,1,-1,1,-1,-1,1,-1,1,1,-1,-1,1,-1,-1,-1,-1,1,-1,1,-1,-1,1,1,1,-1,1,-1,1,1,-1,1,1,1,1,-1,-1,-1,1,1,-1,-1,1,-1,-1,1,1,1,1,1,-1,1,-300.32986346033675,1
837,-1,1,-1,1,1,-1,1,1,-1,1,-1,-1,1,-1,-1,1,1,1,-1,1,-1,-1,-1,-1,1,1,-1,1,1,1,-1,-1,1,1,-1,-1,1,1,-1,-1,1,-1,1,1,-1,1,1,-1,-1,1,1,-1,1,1,-1,-1,-1,1,1,-1,1,1,-1,1,1,-1,-1,-1,-1,-1,-1,1,1,1,1,-1,-1,-1,1,1,-1,-1,1,-1,1,-1,-1,1,1,-1,1,-1,-1,-1,-1,-1,1,1,1,-1,-1,-1,-1,1,-1,-1,1,-1,1,1,1,-1,-1,1,-1,-1,1,-1,1,1,-1,-1,1,1,1,1,-1,1,1,1,1,-1,-1,1,-1,-1,1,1,1,-1,1,-1,1,-1,-1,-1,1,1,-1,-1,-1,-1,1,1,-1,-1,-1,-1,-1,-1,-1,-1,1,-1,1,1,1,-1,1,-1,-1,1,-1,-1,1,1,-1,1,1,1,1,-1,1,-1,1,1,1,-1,-1,1,-1,1,-1,-1,1,-1,-1,-1,-1,1,1,-1,-1,-1,1,-1,-1,1,1,-1,-1,1,-1,-1,1,1,-300.3269900668258,2
838,1,-1,1,-1,-1,1,-1,-1,1,-1,1,1,1,1,1,1,-1,1,-1,1,1,1,1,1,1,1,-1,-1,1,-1,-1,-1,-1,1,1,-1,1,1,-1,1,-1,-1,-1,-1,1,-1,-1,1,-1,-1,-1,-1,-1,-1,-1,1,1,1,-1,1,-1,-1,1,-1,-1,1,-1,1,1,1,1,-1,-1,-1,-1,1,1,1,-1,-1,1,1,-1,1,1,1,1,-1,-1,1,-1,1,1,1,1,1,-1,1,-1,1,-1,1,1,-1,1,-1,1,1,1,1,-1,-1,-1,-1,1,1,-1,-1,1,1,1,1,-1,1,1,-1,1,1,1,-1,-1,-1,-1,-1,1,-1,1,-1,-1,-1,-1,1,-1,1,1,1,-1,-1,1,1,1,1,-1,1,1,-1,-1,1,1,1,1,1,-1,1,-1,-1,-1,1,-1,-1,1,-1,1,1,-1,-1,1,-1,-1,-1,-1,1,-1,-1,-1,-1,1,1,1,-1,1,-1,1,1,-1,1,1,1,1,-1,-1,-1,1,1,-1,-1,1,-1,-1,1,1,1,1,1,-1,1,-300.3262712011585,1
839,-1,1,-1,1,1,-1,1,1,-1,1,-1,-1,-1,-1,-1,-1,1,-1,1,-1,-1,-1,-1,-1,-1,-1,1,1,-1,1,1,1,1,-1,-1,1,-1,-1,1,-1,1,1,1,1,-1,1,1,-1,1,1,1,1,1,1,1,-1,-1,-1,1,-1,1,1,-1,1,1,-1,1,-1,-1,-1,-1,1,1,1,1,-1,-1,-1,1,1,-1,-1,1,-1,-1,-1,-1,1,1,-1,1,-1,-1,-1,-1,-1,1,-1,1,-1,1,-1,-1,1,-1,1,-1,-1,-1,-1,1,1,1,1,-1,-1,1,1,-1,-1,-1,-1,1,-1,-1,1,-1,-1,-1,1,1,1,1,1,-1,1,-1,1,1,1,1,-1,1,-1,-1,-1,1,1,-1,-1,-1,-1,1,-1,-1,1,1,-1,-1,-1,-1,-1,1,-1,1,1,1,-1,1,1,-1,1,-1,-1,1,1,-1,1,1,1,1,-1,1,1,1,1,-1,-1,-1,1,-1,1,-1,-1,1,-1,-1,-1,-1,1,1,1,-1,-1,1,1,-1,1,1,-1,-1,-1,-1,-1,1,-1,-300.3262712011585,2
840,-1,-1,1,1,-1,1,1,-1,1,1,1,1,1,-1,-1,1,-1,1,-1,1,1,-1,-1,-1,1,1,1,1,1,-1,-1,-1,-1,1,-1,-1,1,1,-1,-1,-1,1,1,1,1,1,-1,-1,-1,1,1,-1,1,1,1,-1,-1,-1,1,-1,1,1,-1,1,1,-1,-1,-1,-1,-1,-1,1,1,1,1,-1,-1,-1,-1,1,-1,1,1,-1,1,-1,-1,1,1,-1,1,-1,-1,-1,-1,-1,1,1,1,-1,-1,-1,-1,1,-1,1,1,-1,1,-1,1,-1,-1,1,-1,-1,1,-1,1,1,-1,-1,1,1,1,1,-1,-1,1,1,1,-1,-1,1,-1,-1,-1,1,1,-1,1,-1,1,1,-1,-1,1,1,-1,-1,-1,-1,1,1,-1,-1,-1,-1,-1,1,1,-1,-1,-1,1,-1,1,-1,-1,-1,-1,-1,-1,-1,-1,1,-1,-1,-1,-1,1,-1,1,-1,1,1,-1,-1,-1,-1,-1,1,1,-1,1,-1,-1,-1,-1,1,1,-1,-1,-1,-1,1,-1,1,1,-1,1,1,-1,1,-1,-1,-300.32526873618673,1
841,-1,1,1,1,1,-1,1,1,-1,1,-1,-1,1,1,1,1,1,-1,-1,1,1,-1,-1,-1,1,1,-1,1,1,1,-1,-1,1,1,-1,1,1,1,-1,-1,1,-1,1,1,-1,1,1,-1,-1,1,1,-1,1,1,1,-1,-1,-1,1,-1,1,1,-1,1,1,-1,-1,-1,-1,-1,-1,1,1,1,1,-1,-1,-1,-1,1,-1,1,1,-1,1,-1,-1,1,1,-1,1,-1,-1,-1,-1,-1,1,1,1,-1,-1,-1,-1,1,-1,-1,1,-1,1,-1,1,-1,-1,1,-1,-1,1,-1,1,1,-1,-1,1,1,1,1,-1,-1,1,1,1,-1,-1,1,-1,-1,-1,1,1,-1,1,-1,1,1,-1,-1,1,1,-1,-1,-1,-1,1,1,-1,-1,-1,-1,-1,-1,-1,-1,1,-1,1,1,1,-1,1,-1,-1,1,-1,-1,1,1,-1,1,1,1,1,-1,1,-1,1,1,1,-1,-1,1,-1,1,-1,-1,1,1,-1,-1,-1,1,1,-1,-1,-1,1,-1,-1,-1,1,-1,1,1,-1,-1,1,1,-300.3244988435063,1
842,-1,1,-1,1,1,-1,1,1,-1,1,-1,-1,-1,-1,-1,-1,-1,1,1,-1,-1,-1,-1,-1,-1,-1,1,1,-1,1,1,1,-1,-1,-1,1,-1,-1,1,-1,1,1,1,1,-1,1,1,-1,1,1,1,1,1,1,1,-1,-1,-1,1,-1,1,1,-1,1,1,-1,1,1,-1,-1,1,1,1,1,1,-1,-1,-1,1,1,-1,-1,1,-1,1,-1,-1,1,1,-1,1,-1,-1,1,-1,-1,1,1,1,-1,-1,-1,1,1,-1,1,1,-1,-1,-1,1,1,1,1,-1,-1,-1,1,-1,-1,-1,-1,1,-1,-1,1,-1,-1,1,1,1,-1,1,1,1,1,-1,1,1,1,-1,-1,1,-1,-1,-1,1,1,-1,-1,-1,-1,1,-1,-1,-1,1,-1,-1,-1,-1,-1,1,-1,1,-1,1,-1,1,1,-1,1,-1,-1,1,1,-1,1,1,1,1,-1,1,-1,1,1,-1,-1,-1,1,-1,1,-1,-1,1,-1,-1,-1,-1,1,1,1,-1,-1,1,1,-1,1,1,-1,-1,-1,-1,-1,1,1,-300.3231505649879,1
843,1,-1,1,-1,-1,1,-1,-1,1,-1,1,1,1,1,1,1,1,-1,-1,1,1,1,1,1,1,1,-1,-1,1,-1,-1,-1,1,1,1,-1,1,1,-1,1,-1,-1,-1,-1,1,-1,-1,1,-1,-1,-1,-1,-1,-1,-1,1,1,1,-1,1,-1,-1,1,-1,-1,1,-1,-1,1,1,-1,-1,-1,-1,-1,1,1,1,-1,-1,1,1,-1,1,-1,1,1,-1,-1,1,-1,1,1,-1,1,1,-1,-1,-1,1,1,1,-1,-1,1,-1,-1,1,1,1,-1,-1,-1,-1,1,1,1,-1,1,1,1,1,-1,1,1,-1,1,1,-1,-1,-1,1,-1,-1,-1,-1,1,-1,-1,-1,1,1,-1,1,1,1,-1,-1,1,1,1,1,-1,1,1,1,-1,1,1,1,1,1,-1,1,-1,1,-1,1,-1,-1,1,-1,1,1,-1,-1,1,-1,-1,-1,-1,1,-1,1,-1,-1,1,1,1,-1,1,-1,1,1,-1,1,1,1,1,-1,-1,-1,1,1,-1,-1,1,-1,-1,1,1,1,1,1,-1,-1,-300.3231505649879,1
844,-1,-1,1,1,-1,1,1,-1,1,1,1,1,1,-1,-1,1,-1,1,-1,1,1,-1,-1,-1,1,1,1,1,1,-1,-1,-1,-1,1,-1,-1,1,1,-1,-1,-1,1,1,1,1,1,-1,-1,-1,1,1,-1,1,1,1,-1,-1,-1,1,-1,1,1,-1,1,1,-1,1,-1,-1,-1,-1,1,1,1,1,-1,-1,-1,1,1,-1,-1,1,-1,-1,-1,-1,-1,1,-1,1,1,-1,-1,1,-1,1,-1,1,-1,1,-1,-1,1,-1,1,-1,-1,1,-1,1,-1,1,1,-1,-1,1,-1,-1,-1,-1,-1,1,1,1,1,-1,-1,-1,1,1,1,-1,1,-1,-1,-1,1,1,-1,1,-1,1,-1,-1,-1,1,1,-1,1,-1,-1,1,1,-1,-1,-1,-1,-1,1,1,1,-1,-1,1,-1,1,-1,-1,-1,-1,-1,-1,-1,-1,1,-1,-1,-1,-1,1,-1,1,-1,1,1,-1,-1,-1,-1,-1,1,1,-1,1,-1,-1,-1,-1,1,1,-1,-1,-1,-1,1,-1,1,1,-1,-1,1,-1,1,-1,1,-300.32000430195603,1
845,1,1,-1,-1,1,-1,-1,1,-1,-1,-1,-1,-1,1,1,-1,1,-1,1,-1,-1,1,1,1,-1,-1,-1,-1,-1,1,1,1,1,-1,1,1,-1,-1,1,1,1,-1,-1,-1,-1,-1,1,1,1,-1,1,1,-1,1,-1,1,1,1,-1,1,-1,-1,1,-1,-1,1,1,1,1,1,1,-1,-1,-1,-1,1,1,1,-1,-1,1,1,-1,1,1,1,-1,1,-1,1,-1,1,1,1,1,1,-1,1,-1,1,-1,-1,1,-1,1,-1,1,-1,-1,1,-1,1,-1,-1,1,1,-1,1,1,1,1,1,-1,-1,-1,-1,1,1,1,-1,-1,-1,1,-1,1,1,1,-1,-1,1,-1,1,-1,1,1,1,-1,-1,1,1,1,1,-1,-1,1,-1,1,1,1,-1,-1,1,1,1,-1,1,-1,1,1,1,1,1,1,1,1,-1,1,1,1,1,-1,1,-1,1,-1,1,1,1,-1,1,-1,-1,-1,1,-1,1,1,-1,1,-1,-1,1,1,1,1,-1,1,-1,-1,1,-1,-1,1,-1,1,1,-300.31672472806576,1
846,-1,-1,1,1,-1,1,1,-1,1,1,1,1,1,-1,-1,1,-1,1,-1,1,1,-1,-1,-1,1,1,1,1,1,-1,-1,-1,-1,1,-1,-1,1,1,-1,-1,-1,-1,1,1,-1,1,-1,-1,-1,1,1,-1,1,1,1,-1,-1,-1,1,-1,1,1,-1,1,1,-1,-1,-1,-1,-1,-1,1,1,1,1,-1,-1,-1,1,1,-1,-1,1,-1,-1,-1,1,1,1,-1,1,1,-1,-1,1,-1,1,-1,1,-1,1,1,-1,1,-1,1,-1,1,1,-1,1,-1,1,1,-1,-1,1,-1,-1,-1,-1,-1,1,1,1,1,-1,-1,-1,1,1,1,-1,1,-1,-1,-1,1,1,-1,1,-1,1,-1,-1,-1,1,1,-1,1,-1,-1,1,1,-1,-1,-1,-1,-1,1,1,1,-1,-1,1,-1,1,-1,-1,-1,-1,-1,-1,-1,-1,1,-1,-1,-1,-1,1,-1,1,-1,1,-1,1,-1,1,1,-1,1,1,-1,1,-1,-1,1,-1,1,1,-1,-1,-1,-1,-1,-1,1,1,-1,1,1,-1,1,-1,-1,-300.3160015662161,1
847,1,1,1,-1,1,-1,-1,1,-1,-1,-1,-1,-1,1,1,-1,1,-1,1,-1,-1,1,1,1,-1,-1,-1,-1,-1,1,1,1,1,-1,1,1,-1,-1,1,1,1,1,-1,-1,-1,-1,1,1,1,-1,-1,1,-1,-1,-1,1,1,1,-1,1,-1,-1,1,-1,-1,1,-1,1,1,1,1,-1,-1,-1,-1,1,1,1,-1,-1,-1,1,-1,1,1,1,-1,1,-1,1,-1,1,1,1,1,1,-1,1,-1,1,-1,-1,1,-1,1,-1,1,-1,-1,1,-1,1,-1,-1,1,1,-1,1,1,1,1,1,-1,-1,-1,-1,1,1,1,-1,-1,-1,1,-1,1,1,1,-1,-1,1,-1,1,-1,1,1,1,-1,-1,1,1,1,1,-1,-1,1,-1,1,1,1,-1,-1,1,1,1,-1,1,-1,1,1,1,1,1,1,1,1,-1,1,1,1,1,-1,1,-1,1,-1,1,1,1,-1,1,-1,-1,-1,1,-1,1,1,-1,-1,1,1,1,1,1,-1,-1,1,-1,-1,1,1,-1,1,-1,1,-1,-300.31516079272205,1
848,1,-1,1,-1,-1,-1,-1,-1,-1,-1,1,-1,1,-1,-1,1,-1,-1,-1,1,-1,1,1,1,1,1,1,-1,1,-1,-1,-1,-1,1,1,-1,1,1,1,1,-1,1,-1,-1,1,-1,-1,1,-1,-1,-1,-1,-1,-1,-1,1,1,1,-1,1,-1,-1,1,-1,-1,1,-1,-1,1,1,-1,-1,-1,-1,-1,1,1,1,-1,-1,1,1,-1,1,-1,1,1,-1,-1,1,-1,1,1,-1,1,1,-1,-1,-1,1,1,1,1,-1,1,-1,-1,1,1,1,-1,-1,-1,-1,1,1,1,-1,1,1,1,1,-1,1,1,-1,1,1,-1,-1,-1,1,-1,-1,-1,-1,1,-1,-1,-1,-1,1,-1,1,1,1,-1,-1,1,1,1,1,-1,1,1,1,-1,1,1,1,1,1,-1,1,-1,-1,-1,1,-1,-1,1,-1,1,1,-1,-1,1,-1,-1,-1,-1,1,-1,1,-1,-1,-1,1,1,-1,1,-1,-1,1,-1,-1,1,1,1,-1,-1,1,1,1,1,1,1,-1,-1,1,1,-1,1,-1,1,-1,-300.3142193568895,1
849,-1,1,-1,1,1,-1,1,1,-1,1,-1,-1,-1,-1,-1,-1,1,1,1,-1,1,-1,-1,-1,-1,-1,-1,1,-1,1,1,1,1,-1,-1,-1,-1,-1,-1,-1,1,-1,1,1,-1,1,1,-1,1,1,1,1,1,1,1,-1,-1,-1,1,-1,1,1,-1,1,1,-1,1,1,-1,-1,1,1,1,1,1,-1,-1,-1,1,1,-1,-1,1,-1,1,-1,-1,1,1,-1,1,-1,-1,1,-1,-1,1,1,1,-1,-1,-1,-1,1,-1,1,1,-1,-1,-1,1,1,1,1,-1,-1,-1,1,-1,-1,-1,-1,1,-1,-1,1,-1,-1,1,1,1,-1,1,1,1,1,-1,1,1,1,1,-1,1,-1,-1,-1,1,1,-1,-1,-1,-1,1,-1,-1,-1,1,-1,-1,-1,-1,-1,1,-1,1,1,1,-1,1,-1,-1,1,-1,-1,1,1,-1,1,1,1,1,-1,1,-1,1,1,1,-1,-1,1,-1,1,-1,-1,1,-1,-1,-1,-1,1,1,-1,-1,-1,1,-1,-1,1,1,-1,-1,1,-1,-1,1,1,-300.30942640639955,1
850,-1,1,-1,1,1,-1,1,1,-1,1,-1,-1,-1,-1,-1,-1,1,-1,1,-1,-1,-1,-1,-1,-1,-1,1,1,-1,1,1,1,1,-1,-1,1,-1,-1,1,-1,1,1,1,1,-1,1,1,-1,1,1,1,1,1,1,1,-1,-1,-1,1,-1,1,1,-1,1,1,-1,1,1,-1,-1,1,1,1,1,1,-1,-1,-1,1,1,-1,-1,1,-1,1,-1,-1,1,1,-1,1,-1,-1,1,-1,-1,1,1,1,-1,-1,-1,-1,1,-1,1,1,-1,-1,-1,1,1,1,1,-1,-1,-1,1,-1,-1,-1,-1,1,-1,-1,1,-1,-1,1,1,1,-1,1,1,1,1,-1,1,1,1,1,-1,1,-1,-1,-1,1,1,-1,-1,-1,-1,1,-1,-1,-1,1,-1,-1,-1,-1,-1,1,-1,1,1,1,-1,1,1,-1,1,-1,-1,1,1,-1,1,1,1,1,-1,1,1,1,1,-1,-1,-1,1,-1,1,-1,-1,1,-1,-1,-1,-1,1,1,1,-1,-1,1,1,-1,1,1,-1,1,-1,-1,-1,1,-1,-300.308201357997,1
851,1,1,-1,-1,1,-1,-1,1,-1,-1,-1,-1,-1,1,1,-1,1,-1,1,-1,-1,1,1,1,-1,-1,-1,-1,-1,1,1,1,1,-1,1,1,-1,-1,1,1,1,-1,-1,-1,-1,-1,1,1,1,-1,-1,1,-1,-1,1,1,1,-1,-1,1,-1,-1,1,-1,-1,1,1,1,1,1,1,-1,-1,-1,-1,1,1,1,-1,-1,1,1,-1,1,-1,1,1,-1,-1,1,-1,-1,1,1,-1,1,-1,-1,-1,1,1,1,1,-1,1,1,-1,1,-1,-1,-1,1,1,-1,1,1,-1,1,-1,-1,1,1,-1,-1,-1,-1,1,-1,-1,-1,-1,1,1,-1,1,1,-1,-1,-1,1,-1,1,-1,1,1,1,1,-1,1,-1,1,1,1,-1,1,1,1,1,1,-1,-1,-1,1,1,-1,1,-1,1,1,1,1,1,1,1,1,-1,1,1,1,1,-1,1,-1,1,-1,-1,1,1,1,1,1,-1,-1,1,-1,1,1,1,1,-1,-1,1,1,1,1,-1,1,-1,-1,1,-1,-1,1,-1,1,1,-300.30695722442323,1
852,1,1,-1,-1,1,-1,-1,1,-1,-1,-1,-1,-1,1,1,-1,1,-1,1,-1,-1,1,1,1,-1,-1,-1,-1,-1,1,-1,1,1,-1,1,1,-1,-1,1,1,1,-1,-1,-1,-1,-1,1,1,1,-1,-1,1,-1,-1,-1,1,1,1,-1,1,-1,-1,1,-1,-1,1,1,1,1,1,1,-1,-1,-1,-1,1,1,1,-1,-1,1,1,-1,1,1,1,1,1,-1,1,-1,1,1,1,1,1,-1,1,-1,1,-1,1,1,-1,1,-1,1,1,-1,1,-1,1,1,-1,1,1,-1,1,1,1,1,1,-1,-1,-1,-1,1,1,1,-1,-1,-1,1,-1,1,1,1,-1,-1,1,-1,1,-1,1,1,1,-1,-1,1,1,1,1,-1,-1,1,-1,1,1,1,-1,-1,1,1,1,-1,1,-1,1,1,1,1,1,1,1,1,-1,1,1,1,1,-1,1,-1,1,-1,-1,1,1,1,1,1,-1,-1,1,-1,1,1,1,1,-1,-1,1,1,1,1,-1,1,-1,-1,1,1,-1,1,-1,1,1,-300.3023159143899,1
853,1,-1,1,-1,-1,1,-1,-1,1,-1,1,1,1,1,1,1,-1,-1,-1,1,1,1,1,1,1,1,1,-1,1,-1,-1,-1,-1,1,1,1,1,1,1,1,-1,1,-1,-1,1,-1,-1,1,-1,-1,-1,-1,-1,-1,-1,1,1,1,-1,1,-1,-1,1,-1,-1,1,-1,1,1,1,1,-1,-1,-1,-1,1,1,1,-1,-1,1,1,-1,1,1,1,1,1,-1,1,-1,1,1,1,1,1,-1,1,-1,1,-1,1,1,-1,1,-1,1,1,1,1,-1,-1,-1,-1,1,1,-1,-1,1,1,1,1,-1,1,1,-1,1,1,1,-1,-1,-1,-1,-1,1,-1,1,-1,-1,-1,-1,1,-1,1,1,1,-1,-1,1,1,1,1,-1,1,1,-1,-1,1,1,1,1,1,-1,1,-1,-1,-1,1,-1,1,1,-1,1,1,-1,-1,1,-1,-1,-1,-1,1,-1,1,-1,-1,-1,1,1,-1,1,-1,1,1,-1,1,1,1,1,-1,-1,1,1,1,-1,1,1,-1,-1,1,1,-1,1,1,-1,1,-300.30113710917954,1
854,-1,1,-1,1,1,-1,1,1,-1,1,-1,-1,-1,-1,-1,-1,1,1,1,-1,-1,-1,-1,-1,-1,-1,-1,1,-1,1,1,1,1,-1,-1,-1,-1,-1,-1,-1,1,-1,1,1,-1,1,1,-1,1,1,1,1,1,1,1,-1,-1,-1,1,-1,1,1,-1,1,1,-1,1,-1,-1,-1,-1,1,1,1,1,-1,-1,-1,1,1,-1,-1,1,-1,-1,-1,-1,-1,1,-1,1,-1,-1,-1,-1,-1,1,-1,1,-1,1,-1,-1,1,-1,1,-1,-1,-1,-1,1,1,1,1,-1,-1,1,1,-1,-1,-1,-1,1,-1,-1,1,-1,-1,-1,1,1,1,1,1,-1,1,-1,1,1,1,1,-1,1,-1,-1,-1,1,1,-1,-1,-1,-1,1,-1,-1,1,1,-1,-1,-1,-1,-1,1,-1,1,1,1,-1,1,-1,-1,1,-1,-1,1,1,-1,1,1,1,1,-1,1,-1,1,1,1,-1,-1,1,-1,1,-1,-1,1,-1,-1,-1,-1,1,1,-1,-1,-1,1,-1,-1,1,1,-1,-1,1,-1,-1,1,-1,-300.30113710917954,3
855,-1,1,-1,1,1,-1,1,1,-1,1,-1,-1,1,-1,-1,1,1,1,-1,1,-1,-1,-1,-1,1,1,-1,1,1,1,-1,-1,1,1,-1,-1,1,1,-1,-1,1,-1,1,1,-1,1,1,-1,-1,1,1,-1,1,1,-1,-1,-1,1,1,-1,1,1,-1,1,1,-1,-1,-1,-1,-1,-1,1,1,1,1,-1,-1,-1,-1,1,-1,1,1,-1,1,-1,-1,1,1,-1,1,-1,-1,-1,-1,-1,1,1,1,-1,-1,-1,-1,1,-1,-1,1,-1,1,1,1,-1,-1,1,-1,-1,1,-1,1,1,-1,-1,1,1,1,1,-1,-1,1,1,1,-1,-1,1,-1,-1,1,1,1,-1,1,-1,1,1,-1,-1,1,1,-1,-1,-1,-1,1,1,-1,-1,-1,-1,-1,-1,-1,-1,1,-1,1,1,1,-1,1,-1,-1,1,-1,-1,1,1,-1,1,1,1,1,-1,1,-1,1,1,1,-1,-1,1,-1,1,-1,-1,1,-1,-1,-1,-1,1,1,-1,-1,-1,1,-1,-1,1,1,-1,-1,1,-1,-1,1,1,-300.3011279430274,1
856,-1,-1,1,1,-1,1,1,-1,1,1,1,1,1,-1,-1,1,-1,1,-1,1,1,-1,-1,-1,1,1,1,1,1,-1,-1,-1,-1,1,-1,-1,1,1,-1,-1,-1,-1,1,1,1,1,-1,-1,-1,1,1,-1,1,1,1,-1,-1,-1,1,-1,1,1,-1,1,1,-1,1,-1,-1,-1,-1,1,1,1,1,-1,-1,-1,1,1,1,-1,1,-1,-1,-1,1,-1,1,-1,1,1,-1,-1,1,-1,1,-1,1,-1,1,1,-1,1,-1,1,-1,1,1,-1,1,-1,1,1,-1,-1,1,-1,-1,-1,-1,-1,1,1,1,1,-1,-1,-1,1,1,1,-1,1,-1,-1,-1,1,1,-1,1,-1,1,-1,-1,-1,1,1,-1,1,-1,-1,1,1,-1,-1,-1,-1,-1,1,1,1,-1,-1,1,-1,1,-1,-1,-1,-1,-1,-1,-1,-1,1,-1,-1,-1,-1,1,-1,1,-1,1,-1,-1,-1,1,-1,1,1,1,-1,1,-1,-1,1,-1,1,1,-1,-1,-1,-1,-1,-1,1,1,-1,1,1,-1,1,-1,1,-300.298071877643,1
857,-1,1,-1,1,1,-1,1,1,-1,1,-1,-1,-1,-1,-1,-1,1,1,1,-1,-1,-1,-1,-1,-1,-1,-1,1,-1,1,1,1,1,-1,-1,-1,-1,-1,-1,-1,1,-1,1,1,-1,1,1,-1,1,1,1,1,1,1,1,-1,-1,-1,1,-1,1,1,-1,1,1,-1,1,1,-1,-1,-1,1,1,1,1,-1,-1,-1,1,1,-1,-1,1,-1,1,-1,-1,1,1,-1,1,-1,-1,1,-1,-1,1,1,1,-1,-1,-1,-1,1,-1,1,1,-1,-1,-1,1,1,1,1,-1,-1,-1,1,-1,-1,-1,-1,1,-1,-1,1,-1,-1,1,1,1,-1,1,1,1,1,-1,1,1,1,-1,-1,1,-1,-1,-1,1,1,-1,-1,-1,-1,1,-1,-1,-1,1,-1,-1,-1,-1,-1,1,-1,1,1,1,-1,1,-1,-1,1,-1,-1,1,1,-1,1,1,1,1,-1,1,-1,1,1,1,-1,-1,1,-1,1,-1,-1,1,-1,-1,-1,-1,1,1,-1,-1,-1,1,-1,-1,1,1,-1,-1,1,-1,-1,1,1,-300.2978031098854,1
858,1,-1,1,-1,-1,1,-1,-1,1,-1,1,1,-1,1,1,-1,-1,-1,1,-1,-1,1,1,1,-1,-1,1,-1,-1,-1,1,1,-1,-1,1,1,-1,-1,1,1,-1,1,-1,-1,1,-1,-1,1,1,-1,-1,1,-1,-1,1,1,1,-1,-1,1,-1,-1,1,-1,-1,1,1,1,1,1,1,-1,-1,-1,-1,1,1,1,1,-1,1,-1,-1,1,-1,1,1,-1,-1,1,-1,1,1,1,1,1,1,1,-1,-1,-1,1,1,-1,1,1,-1,1,-1,-1,1,1,1,1,1,1,-1,1,-1,-1,1,1,1,-1,-1,1,1,-1,-1,-1,-1,1,1,-1,1,1,-1,-1,-1,1,-1,1,-1,-1,1,1,-1,-1,1,1,1,1,-1,-1,1,1,1,1,1,1,1,1,-1,1,-1,-1,-1,1,-1,1,1,1,1,1,-1,-1,1,-1,-1,-1,-1,1,-1,1,-1,-1,-1,1,1,-1,1,-1,1,1,-1,1,1,1,1,-1,-1,1,1,1,-1,1,1,-1,-1,1,1,-1,1,1,-1,1,-300.2975664931786,1
859,1,-1,1,-1,-1,1,-1,-1,1,-1,1,1,1,1,1,1,-1,1,-1,1,1,1,1,1,1,1,-1,-1,1,-1,-1,-1,-1,1,1,-1,1,1,-1,1,-1,-1,-1,-1,1,-1,-1,1,-1,-1,-1,-1,-1,-1,-1,1,1,1,-1,1,-1,-1,1,-1,-1,1,-1,-1,1,1,-1,-1,-1,-1,-1,1,1,1,-1,-1,1,1,-1,1,-1,1,1,-1,-1,1,-1,1,1,-1,1,1,-1,-1,-1,1,1,1,1,-1,1,-1,-1,1,1,1,-1,-1,-1,-1,1,1,1,-1,1,1,1,1,-1,1,1,-1,1,1,-1,-1,-1,1,-1,-1,-1,-1,1,-1,-1,-1,1,1,-1,1,1,1,-1,-1,1,1,1,1,-1,1,1,1,-1,1,1,1,1,1,-1,1,-1,-1,-1,1,-1,-1,1,-1,1,1,-1,-1,1,-1,-1,-1,-1,1,-1,-1,-1,-1,1,1,1,-1,1,-1,1,1,-1,1,1,1,1,-1,-1,-1,1,1,-1,-1,1,1,-1,1,1,1,1,1,-1,1,-300.28527920526017,1
860,-1,-1,1,-1,-1,1,-1,-1,1,-1,1,1,1,1,1,1,-1,1,-1,1,1,1,1,1,1,1,-1,-1,1,-1,-1,-1,-1,1,1,-1,1,1,-1,1,-1,-1,-1,-1,1,-1,-1,1,-1,-1,-1,-1,-1,-1,-1,1,1,1,-1,1,-1,-1,1,-1,-1,1,-1,-1,1,1,-1,-1,-1,-1,-1,1,1,1,-1,-1,1,1,-1,1,-1,1,1,-1,-1,1,-1,1,1,-1,1,1,-1,-1,-1,1,1,1,-1,-1,1,-1,-1,1,1,1,-1,-1,-1,-1,1,1,1,-1,1,1,1,1,-1,1,1,-1,1,1,-1,-1,-1,1,-1,-1,-1,-1,1,-1,-1,-1,1,1,-1,1,1,1,-1,-1,1,1,1,1,-1,1,1,1,-1,1,1,1,1,1,-1,1,-1,-1,-1,1,-1,-1,1,-1,1,1,-1,-1,1,-1,-1,-1,-1,1,-1,-1,-1,-1,1,1,1,-1,1,-1,1,1,-1,1,1,1,1,-1,-1,-1,1,1,-1,-1,1,-1,-1,1,1,1,1,1,-1,-1,-300.27573766901844,1
861,1,-1,1,-1,-1,1,-1,-1,1,-1,1,1,1,1,1,1,-1,-1,-1,1,1,1,1,1,1,1,-1,-1,1,-1,-1,-1,-1,1,1,-1,1,1,-1,1,-1,-1,-1,-1,1,-1,-1,1,-1,-1,-1,-1,-1,-1,-1,1,1,1,-1,1,-1,-1,1,-1,-1,1,-1,1,1,1,1,-1,-1,-1,-1,1,1,1,-1,-1,1,1,-1,1,1,1,1,1,-1,1,-1,1,1,1,1,1,-1,1,-1,1,-1,1,1,-1,1,-1,1,1,1,1,-1,-1,-1,-1,1,1,-1,-1,1,1,1,1,-1,1,1,-1,1,1,1,-1,-1,-1,-1,-1,1,-1,1,-1,-1,-1,-1,1,-1,1,1,1,-1,-1,1,1,1,1,-1,1,1,-1,-1,1,1,1,1,1,-1,1,-1,-1,-1,1,-1,-1,1,-1,1,1,-1,-1,1,-1,-1,-1,-1,1,-1,-1,-1,-1,1,1,1,-1,1,-1,1,1,-1,1,1,1,1,-1,-1,-1,1,1,-1,-1,1,-1,-1,1,1,1,1,1,-1,1,-300.27069205129,1
862,-1,1,-1,1,1,-1,1,1,-1,1,-1,-1,-1,-1,-1,-1,1,1,1,-1,-1,-1,-1,-1,-1,-1,1,1,-1,1,1,1,1,-1,-1,1,-1,-1,1,-1,1,1,1,1,-1,1,1,-1,1,1,1,1,1,1,1,-1,-1,-1,1,-1,1,1,-1,1,1,-1,1,-1,-1,-1,-1,1,1,1,1,-1,-1,-1,1,1,-1,-1,1,-1,-1,-1,-1,-1,1,-1,1,-1,-1,-1,-1,-1,1,-1,1,-1,1,-1,-1,1,-1,1,-1,-1,-1,-1,1,1,1,1,-1,-1,1,1,-1,-1,-1,-1,1,-1,-1,1,-1,-1,-1,1,1,1,1,1,-1,1,-1,1,1,1,1,-1,1,-1,-1,-1,1,1,-1,-1,-1,-1,1,-1,-1,1,1,-1,-1,-1,-1,-1,1,-1,1,1,1,-1,1,1,-1,1,-1,-1,1,1,-1,1,1,1,1,-1,1,1,1,1,-1,-1,-1,1,-1,1,-1,-1,1,-1,-1,-1,-1,1,1,1,-1,-1,1,1,-1,1,1,-1,-1,-1,-1,-1,1,-1,-300.27069205129,1
863,-1,1,-1,1,1,-1,1,1,-1,1,-1,-1,-1,-1,-1,-1,1,-1,1,-1,-1,-1,-1,-1,-1,-1,1,1,-1,1,1,1,1,-1,-1,1,-1,-1,1,1,1,1,1,1,-1,1,1,-1,1,1,1,1,1,1,1,-1,-1,-1,1,-1,1,1,-1,1,1,-1,1,1,-1,-1,1,1,1,1,1,-1,-1,-1,1,1,-1,-1,1,-1,1,-1,-1,1,1,-1,1,-1,-1,1,-1,-1,1,1,1,-1,-1,-1,-1,1,-1,1,1,-1,-1,-1,1,1,1,1,-1,-1,-1,1,-1,-1,-1,-1,1,-1,-1,1,-1,-1,1,1,1,-1,1,1,1,1,-1,1,1,-1,1,-1,1,-1,-1,-1,1,1,-1,-1,-1,-1,1,-1,-1,-1,1,-1,-1,-1,-1,-1,1,-1,1,1,1,-1,1,1,-1,1,-1,-1,1,1,-1,1,1,1,1,-1,1,1,1,1,-1,-1,-1,1,-1,1,-1,-1,1,-1,-1,-1,-1,1,1,1,-1,-1,1,1,-1,-1,1,-1,-1,-1,-1,-1,1,1,-300.26404578080536,1
864,1,-1,1,-1,-1,1,-1,-1,1,-1,1,1,1,1,1,1,1,-1,-1,1,1,1,1,1,1,1,-1,-1,1,-1,-1,-1,1,1,1,-1,1,1,-1,1,-1,-1,-1,-1,1,-1,-1,1,-1,-1,-1,-1,-1,-1,-1,1,1,1,-1,1,-1,-1,1,-1,-1,1,-1,1,1,1,1,-1,-1,-1,-1,1,1,1,-1,-1,1,1,-1,1,1,1,1,1,-1,1,-1,1,1,1,1,1,-1,1,-1,1,-1,1,1,-1,1,-1,1,1,1,1,-1,-1,-1,-1,1,1,-1,-1,1,1,1,1,-1,1,1,-1,1,1,1,-1,-1,-1,-1,-1,1,-1,1,-1,-1,-1,-1,1,-1,1,1,1,-1,-1,1,1,1,1,-1,1,1,-1,-1,1,1,1,1,1,-1,1,-1,1,-1,1,-1,-1,1,-1,1,1,-1,-1,1,-1,-1,-1,-1,1,-1,1,-1,-1,1,1,1,-1,1,-1,1,1,-1,1,1,1,1,-1,-1,-1,1,1,-1,-1,1,-1,-1,1,1,1,1,1,-1,-1,-300.2608081679106,2
865,-1,1,-1,1,1,-1,1,1,-1,1,-1,-1,-1,-1,-1,-1,-1,1,1,-1,-1,-1,-1,-1,-1,-1,1,1,-1,1,1,1,-1,-1,-1,1,-1,-1,1,-1,1,1,1,1,-1,1,1,-1,1,1,1,1,1,1,1,-1,-1,-1,1,-1,1,1,-1,1,1,-1,1,-1,-1,-1,-1,1,1,1,1,-1,-1,-1,1,1,-1,-1,1,-1,-1,-1,-1,-1,1,-1,1,-1,-1,-1,-1,-1,1,-1,1,-1,1,-1,-1,1,-1,1,-1,-1,-1,-1,1,1,1,1,-1,-1,1,1,-1,-1,-1,-1,1,-1,-1,1,-1,-1,-1,1,1,1,1,1,-1,1,-1,1,1,1,1,-1,1,-1,-1,-1,1,1,-1,-1,-1,-1,1,-1,-1,1,1,-1,-1,-1,-1,-1,1,-1,1,-1,1,-1,1,1,-1,1,-1,-1,1,1,-1,1,1,1,1,-1,1,-1,1,1,-1,-1,-1,1,-1,1,-1,-1,1,-1,-1,-1,-1,1,1,1,-1,-1,1,1,-1,1,1,-1,-1,-1,-1,-1,1,1,-300.2608081679106,7
866,-1,1,-1,1,1,-1,1,1,-1,1,-1,-1,-1,-1,-1,-1,1,1,1,-1,1,-1,-1,-1,-1,-1,-1,1,-1,1,1,1,1,-1,-1,-1,-1,-1,-1,-1,1,-1,1,1,-1,1,1,-1,1,1,1,1,1,1,1,-1,-1,-1,1,-1,1,1,-1,1,1,-1,1,1,-1,-1,1,1,1,1,1,-1,-1,-1,1,1,-1,-1,1,-1,1,-1,-1,1,1,-1,1,-1,-1,1,-1,-1,1,1,1,-1,-1,-1,-1,1,-1,1,1,-1,-1,-1,1,1,1,1,-1,-1,-1,1,-1,-1,-1,-1,1,-1,-1,1,-1,-1,1,1,1,-1,1,1,1,1,-1,1,1,1,-1,-1,1,-1,-1,-1,1,1,-1,-1,-1,-1,1,-1,-1,-1,1,-1,-1,-1,-1,-1,1,-1,1,1,1,-1,1,-1,-1,1,-1,-1,1,1,-1,1,1,1,1,-1,1,-1,1,1,1,-1,-1,1,-1,1,-1,-1,1,-1,-1,-1,-1,1,1,-1,-1,-1,1,-1,-1,1,1,-1,-1,1,-1,-1,1,1,-300.2592432005829,2
867,1,1,1,-1,1,-1,-1,1,-1,-1,-1,-1,-1,1,1,-1,1,-1,1,-1,-1,1,1,1,-1,-1,-1,-1,-1,1,1,1,1,-1,1,1,-1,-1,1,1,1,-1,-1,-1,-1,-1,1,1,1,-1,-1,1,-1,-1,-1,1,1,1,-1,1,-1,-1,1,-1,-1,1,1,1,1,1,1,-1,-1,-1,-1,1,1,1,-1,-1,-1,1,-1,1,1,1,-1,-1,-1,1,-1,-1,1,1,-1,1,-1,1,-1,1,-1,-1,1,-1,1,-1,1,-1,-1,1,-1,1,-1,-1,1,1,-1,1,1,1,1,1,-1,-1,-1,-1,1,1,1,-1,-1,-1,1,-1,1,1,1,-1,-1,1,-1,1,-1,1,1,1,-1,-1,1,-1,1,1,-1,-1,1,1,1,1,1,-1,-1,-1,1,1,-1,1,-1,1,1,1,1,1,1,1,1,-1,1,1,1,1,-1,1,-1,1,-1,1,1,1,-1,1,-1,-1,-1,1,-1,1,1,-1,1,-1,-1,1,1,1,1,-1,1,-1,-1,1,1,-1,1,-1,1,-1,-300.257054861287,1
868,-1,1,-1,1,1,-1,1,1,-1,1,-1,-1,-1,-1,-1,-1,1,-1,1,-1,-1,-1,-1,-1,-1,-1,1,1,-1,1,1,1,1,-1,-1,1,-1,-1,1,1,1,1,1,1,-1,1,1,-1,1,1,1,1,1,1,1,-1,-1,-1,1,-1,1,1,-1,1,1,-1,1,-1,-1,-1,-1,1,1,1,1,-1,-1,-1,1,1,-1,-1,1,-1,-1,-1,-1,1,1,-1,1,-1,-1,-1,-1,-1,1,-1,1,-1,1,-1,-1,1,-1,1,-1,-1,-1,-1,1,1,1,1,-1,-1,1,1,-1,-1,-1,-1,1,-1,-1,1,-1,-1,-1,1,1,1,1,1,-1,1,-1,1,1,-1,1,-1,1,-1,-1,-1,1,1,-1,-1,-1,-1,1,-1,-1,1,1,-1,-1,-1,-1,-1,1,-1,1,1,1,-1,1,1,-1,1,-1,-1,1,1,-1,1,1,1,1,-1,1,1,1,1,-1,-1,-1,1,-1,1,-1,-1,1,-1,-1,-1,-1,1,1,1,-1,-1,1,1,-1,1,1,-1,-1,-1,-1,-1,1,1,-300.2548545708869,1
869,-1,-1,-1,1,-1,1,1,-1,1,1,1,1,1,-1,-1,1,-1,1,-1,1,1,-1,-1,-1,1,1,1,1,1,-1,-1,-1,-1,1,-1,-1,1,1,-1,-1,-1,-1,1,1,1,1,-1,-1,-1,1,1,-1,1,1,1,-1,-1,-1,1,-1,1,1,-1,1,1,-1,1,-1,-1,-1,-1,1,1,1,1,-1,-1,-1,1,1,1,-1,1,-1,-1,-1,1,-1,1,-1,1,-1,-1,-1,-1,-1,1,-1,1,-1,1,1,-1,1,-1,1,-1,1,1,-1,1,-1,1,1,-1,-1,1,-1,-1,-1,-1,-1,1,1,1,1,-1,-1,-1,1,1,1,-1,1,-1,-1,-1,1,1,-1,1,-1,1,-1,-1,-1,1,1,-1,-1,-1,-1,1,1,-1,1,-1,-1,-1,1,1,1,-1,-1,1,-1,1,-1,-1,-1,-1,-1,-1,-1,-1,1,-1,-1,-1,-1,1,-1,1,-1,1,-1,-1,-1,1,-1,1,1,1,-1,1,-1,-1,1,-1,1,1,-1,-1,-1,-1,-1,-1,1,1,-1,-1,1,-1,1,-1,1,-300.25015407343085,1
870,1,-1,1,-1,-1,-1,-1,-1,1,-1,1,-1,1,1,1,1,-1,-1,-1,1,-1,1,1,1,1,1,1,-1,1,-1,-1,-1,-1,1,1,1,1,1,1,-1,-1,1,-1,-1,1,-1,-1,1,-1,-1,-1,-1,-1,-1,-1,1,1,1,-1,1,-1,-1,1,-1,-1,1,-1,-1,1,1,-1,-1,-1,-1,-1,1,1,1,-1,-1,1,1,-1,1,-1,1,1,-1,-1,1,-1,1,1,-1,1,1,-1,-1,-1,1,1,1,1,-1,1,-1,-1,1,1,1,-1,-1,-1,-1,1,1,1,-1,1,1,1,1,-1,1,1,-1,1,1,-1,-1,-1,1,-1,-1,-1,-1,1,-1,-1,1,-1,1,-1,1,1,1,-1,-1,1,1,1,1,-1,1,1,1,-1,1,1,1,1,1,-1,1,-1,-1,-1,1,-1,1,1,-1,1,1,-1,-1,1,1,1,1,-1,1,-1,1,-1,-1,-1,1,1,-1,1,-1,1,1,-1,1,1,1,1,-1,-1,1,1,1,1,1,1,-1,-1,1,1,-1,1,-1,1,-1,-300.24220438049304,2
871,-1,1,-1,1,1,-1,1,1,-1,1,-1,-1,-1,-1,-1,-1,1,1,1,-1,-1,-1,-1,-1,-1,-1,1,1,-1,1,1,1,1,-1,-1,-1,1,1,-1,-1,1,-1,1,1,-1,1,1,-1,1,1,1,1,1,1,1,-1,-1,-1,1,-1,1,1,-1,1,1,-1,1,1,-1,-1,1,1,1,1,1,-1,-1,-1,1,1,-1,-1,1,-1,1,-1,-1,1,1,-1,1,-1,-1,1,-1,-1,1,1,1,-1,-1,-1,-1,1,-1,1,1,-1,-1,-1,1,1,1,1,-1,-1,-1,1,-1,-1,-1,-1,1,-1,-1,1,-1,-1,1,1,1,-1,1,1,1,1,-1,1,1,-1,1,-1,1,-1,-1,-1,1,1,-1,-1,-1,-1,1,-1,-1,-1,1,-1,-1,-1,-1,-1,1,-1,1,1,1,-1,1,-1,-1,1,-1,-1,1,1,-1,1,1,1,1,-1,1,-1,1,1,1,-1,-1,1,-1,1,-1,-1,1,-1,-1,-1,-1,1,1,-1,-1,-1,1,-1,-1,1,1,-1,-1,1,-1,-1,1,1,-300.24135349918765,1
872,-1,1,-1,1,1,-1,1,1,-1,1,-1,-1,-1,-1,-1,-1,1,-1,1,-1,-1,-1,-1,-1,-1,-1,1,1,-1,1,1,1,1,-1,-1,1,-1,-1,1,-1,1,1,1,1,-1,1,1,-1,1,1,1,1,1,1,1,-1,-1,-1,1,-1,1,1,-1,1,1,-1,1,1,-1,-1,1,1,1,1,1,-1,-1,-1,1,1,-1,-1,1,-1,1,-1,-1,1,1,-1,1,-1,-1,1,-1,-1,1,1,1,-1,-1,-1,1,1,-1,1,1,-1,-1,-1,1,1,1,1,-1,-1,-1,1,-1,-1,-1,-1,1,-1,-1,1,-1,-1,1,1,1,-1,1,1,1,1,-1,1,1,1,-1,-1,1,-1,-1,-1,1,1,-1,-1,-1,-1,1,-1,-1,-1,1,-1,-1,-1,-1,-1,1,-1,1,1,1,-1,1,1,-1,1,-1,-1,1,1,-1,1,1,1,1,-1,1,1,1,1,-1,-1,-1,1,-1,1,-1,-1,1,-1,-1,-1,-1,1,1,1,-1,-1,1,1,-1,-1,1,-1,-1,-1,-1,-1,1,1,-300.23869392549665,1
873,-1,1,-1,1,1,-1,1,1,-1,1,-1,-1,-1,-1,-1,-1,1,-1,1,-1,-1,-1,-1,-1,-1,-1,1,1,-1,1,1,1,1,-1,-1,1,-1,-1,1,1,1,1,1,1,-1,1,1,-1,1,1,1,1,1,1,1,-1,-1,-1,1,-1,1,1,-1,1,1,-1,1,1,-1,-1,1,1,1,1,1,-1,-1,-1,1,1,-1,-1,1,-1,1,-1,-1,1,1,-1,1,-1,-1,1,-1,-1,1,1,1,-1,-1,-1,-1,1,-1,1,1,-1,-1,-1,1,1,1,1,-1,-1,-1,1,-1,-1,-1,-1,1,-1,-1,1,-1,-1,1,1,1,-1,1,1,1,1,-1,1,1,-1,1,-1,1,-1,-1,-1,1,1,-1,-1,-1,-1,1,-1,-1,-1,1,-1,-1,-1,-1,-1,1,-1,1,1,1,-1,1,1,-1,1,-1,-1,1,1,-1,1,1,1,1,-1,1,1,1,1,-1,-1,-1,1,-1,1,-1,-1,1,-1,-1,-1,-1,1,1,1,-1,-1,1,1,-1,1,1,-1,1,-1,-1,-1,1,1,-300.2367847277254,1
874,-1,1,-1,1,1,-1,1,1,-1,1,-1,-1,-1,-1,-1,-1,1,1,1,-1,-1,-1,-1,-1,-1,-1,1,1,-1,1,1,1,1,-1,-1,-1,-1,-1,-1,-1,1,-1,1,1,-1,1,1,-1,1,1,1,1,1,1,1,-1,-1,-1,1,-1,1,1,-1,1,1,-1,1,1,-1,-1,1,1,1,1,1,-1,-1,-1,1,1,-1,-1,1,-1,1,-1,-1,1,1,-1,1,-1,-1,1,-1,-1,1,1,1,-1,-1,-1,-1,1,-1,1,1,-1,-1,-1,1,1,1,1,-1,-1,-1,1,-1,-1,-1,-1,1,-1,-1,1,-1,-1,1,1,1,-1,1,1,1,1,-1,1,1,1,1,-1,1,-1,-1,-1,1,1,-1,-1,-1,-1,1,-1,-1,-1,1,-1,-1,-1,-1,-1,1,-1,1,1,1,-1,1,-1,-1,1,-1,-1,1,1,-1,1,1,1,1,-1,1,1,1,1,1,-1,-1,1,-1,1,-1,-1,1,-1,-1,-1,-1,1,1,-1,-1,-1,1,-1,-1,1,1,-1,-1,1,-1,-1,1,-1,-300.23621805628085,1
875,-1,1,-1,-1,1,-1,-1,1,-1,-1,-1,-1,-1,1,1,-1,1,-1,1,-1,-1,1,1,1,-1,-1,-1,-1,-1,1,1,1,1,-1,1,1,-1,-1,1,1,1,1,-1,-1,1,-1,1,1,1,-1,-1,1,-1,-1,-1,1,1,1,-1,1,-1,-1,1,-1,-1,1,1,1,1,1,1,-1,-1,-1,-1,1,1,1,-1,-1,1,1,-1,1,1,1,1,1,-1,1,-1,1,1,1,1,1,-1,1,-1,1,-1,-1,1,-1,1,-1,1,-1,-1,1,-1,1,1,-1,1,1,-1,1,1,1,1,1,-1,-1,-1,-1,1,1,1,-1,-1,-1,1,-1,1,1,1,-1,-1,1,-1,1,-1,1,1,1,-1,-1,1,1,1,1,-1,-1,1,-1,1,1,1,-1,-1,-1,1,1,-1,1,-1,1,1,1,1,1,1,1,1,-1,1,1,1,1,-1,1,-1,1,-1,1,-1,1,-1,-1,1,-1,-1,1,-1,1,1,-1,1,-1,-1,1,1,1,1,1,1,-1,-1,1,-1,-1,1,-1,1,-1,-300.2316834356432,1
876,-1,1,-1,1,1,-1,1,1,-1,1,-1,-1,-1,-1,-1,-1,1,1,1,-1,-1,-1,-1,-1,-1,-1,-1,1,-1,1,1,1,1,-1,-1,-1,-1,-1,-1,1,1,-1,1,1,-1,1,1,-1,1,1,1,1,1,1,1,-1,-1,-1,1,-1,1,1,-1,1,1,-1,1,-1,-1,-1,-1,1,1,1,1,-1,-1,-1,1,1,-1,-1,1,-1,-1,-1,-1,-1,1,-1,1,-1,-1,-1,-1,-1,1,-1,1,-1,1,-1,-1,1,-1,1,-1,-1,-1,-1,1,1,1,1,-1,-1,1,1,-1,-1,-1,-1,1,-1,-1,1,-1,-1,-1,1,1,1,1,1,-1,1,-1,1,1,-1,1,-1,1,-1,-1,-1,1,1,-1,-1,-1,-1,1,-1,-1,1,1,-1,-1,-1,-1,-1,1,-1,1,1,1,-1,1,-1,-1,1,-1,-1,1,1,-1,1,1,1,1,-1,1,-1,1,1,1,-1,-1,1,-1,1,-1,-1,1,-1,-1,-1,-1,1,1,-1,-1,-1,1,-1,-1,1,1,-1,-1,1,-1,-1,1,1,-300.229720478908,1
877,1,-1,1,-1,-1,1,-1,-1,1,-1,1,1,1,1,1,1,-1,-1,-1,1,1,1,1,1,1,1,1,-1,1,-1,-1,-1,-1,1,1,1,1,1,1,-1,-1,1,-1,-1,1,-1,-1,1,-1,-1,-1,-1,-1,-1,-1,1,1,1,-1,1,-1,-1,1,-1,-1,1,-1,1,1,1,1,-1,-1,-1,-1,1,1,1,-1,-1,1,1,-1,1,1,1,1,1,-1,1,-1,1,1,1,1,1,-1,1,-1,1,-1,1,1,-1,1,-1,1,1,1,1,-1,-1,-1,-1,1,1,-1,-1,1,1,1,1,-1,1,1,-1,1,1,1,-1,-1,-1,-1,-1,1,-1,1,-1,-1,1,-1,1,-1,1,1,1,-1,-1,1,1,1,1,-1,1,1,-1,-1,1,1,1,1,1,-1,1,-1,-1,-1,1,-1,1,1,-1,1,1,-1,-1,1,-1,-1,-1,-1,1,-1,1,-1,-1,-1,1,1,-1,1,-1,1,1,-1,1,1,1,1,-1,-1,1,1,1,-1,1,1,-1,-1,1,1,-1,1,1,-1,-1,-300.229720478908,2
878,-1,1,-1,1,1,-1,1,1,-1,1,-1,-1,-1,-1,-1,-1,1,-1,1,-1,-1,-1,-1,-1,-1,-1,-1,1,-1,1,1,1,1,-1,-1,1,-1,-1,1,-1,1,1,1,1,-1,1,1,-1,1,1,1,1,1,1,1,-1,-1,-1,1,-1,1,1,-1,1,1,-1,1,1,-1,-1,1,1,1,1,1,-1,-1,-1,1,1,-1,-1,1,-1,1,-1,-1,1,1,-1,1,-1,-1,1,-1,-1,1,1,1,-1,-1,-1,-1,1,-1,1,1,-1,-1,-1,1,1,1,1,-1,-1,-1,1,-1,-1,-1,-1,1,-1,-1,1,-1,-1,1,1,1,-1,1,1,1,1,-1,1,1,1,1,-1,1,-1,-1,-1,1,1,-1,-1,-1,-1,1,-1,-1,-1,1,-1,-1,-1,-1,-1,1,-1,1,1,1,-1,1,1,-1,1,-1,-1,1,1,-1,1,1,1,1,-1,1,-1,1,1,-1,-1,-1,1,-1,1,-1,-1,1,1,-1,-1,-1,1,1,1,-1,-1,1,1,-1,1,1,-1,-1,-1,-1,-1,1,1,-300.22316765536834,1
879,-1,1,-1,1,1,-1,1,1,-1,1,-1,-1,-1,-1,-1,-1,1,-1,1,-1,-1,-1,-1,-1,-1,-1,1,1,-1,1,1,1,1,-1,-1,1,-1,-1,1,-1,1,1,1,1,-1,1,1,-1,1,1,1,1,1,1,1,-1,-1,-1,1,-1,1,1,-1,1,1,-1,1,-1,-1,-1,-1,1,1,1,1,-1,-1,-1,1,1,-1,-1,1,-1,-1,-1,-1,-1,1,-1,1,-1,-1,-1,-1,-1,1,-1,1,-1,1,-1,-1,1,-1,1,-1,-1,-1,-1,1,1,1,1,-1,-1,1,1,-1,-1,-1,-1,1,-1,-1,1,-1,-1,-1,1,1,1,1,1,-1,1,-1,1,1,1,1,-1,1,-1,-1,-1,1,1,-1,-1,-1,-1,1,-1,-1,1,1,-1,-1,-1,-1,-1,1,-1,1,1,1,-1,1,-1,-1,1,-1,-1,1,1,-1,1,1,1,1,-1,1,1,1,1,-1,-1,-1,1,-1,1,-1,-1,1,-1,-1,-1,-1,1,1,1,-1,-1,1,1,-1,1,1,-1,-1,-1,-1,-1,1,1,-300.22209412156326,4
880,-1,-1,1,1,-1,1,1,-1,1,1,1,1,1,-1,-1,1,-1,1,-1,1,1,-1,-1,-1,1,1,1,1,1,-1,-1,-1,-1,1,-1,-1,1,1,-1,-1,-1,1,1,1,1,1,-1,-1,-1,1,1,-1,1,1,1,-1,-1,-1,1,-1,1,1,-1,1,1,-1,-1,-1,-1,-1,-1,1,1,1,1,-1,-1,-1,1,1,1,-1,1,-1,-1,-1,1,-1,1,-1,1,1,-1,-1,1,-1,1,-1,1,-1,1,1,-1,1,-1,1,-1,1,1,-1,1,-1,1,1,-1,-1,1,-1,-1,-1,-1,-1,1,1,1,1,-1,-1,-1,1,1,1,-1,1,-1,-1,-1,1,1,-1,1,-1,1,-1,-1,-1,1,1,-1,1,-1,-1,1,1,-1,-1,-1,-1,-1,1,1,1,-1,-1,1,-1,1,-1,-1,-1,-1,-1,-1,-1,-1,1,-1,-1,-1,-1,1,-1,-1,-1,1,-1,-1,-1,1,-1,1,1,1,-1,1,-1,-1,1,-1,1,1,-1,-1,-1,-1,1,-1,1,1,-1,1,1,-1,1,-1,1,-300.2197362971397,1
881,1,1,-1,1,1,-1,1,1,-1,1,-1,-1,-1,-1,-1,-1,1,-1,1,-1,-1,-1,-1,-1,-1,-1,1,1,-1,1,1,1,1,-1,-1,1,-1,-1,1,-1,1,1,1,1,-1,1,1,-1,1,1,1,1,1,1,1,-1,-1,-1,1,-1,1,1,-1,1,1,-1,1,-1,-1,-1,-1,1,1,1,1,-1,-1,-1,1,1,-1,-1,1,-1,-1,-1,-1,-1,1,-1,1,-1,-1,-1,-1,-1,1,-1,1,-1,1,-1,-1,1,-1,1,-1,-1,-1,-1,1,1,1,1,-1,-1,1,1,-1,-1,-1,-1,1,-1,-1,1,-1,-1,-1,1,1,1,1,1,-1,1,-1,1,1,1,1,-1,1,-1,-1,-1,1,1,-1,-1,-1,-1,1,-1,-1,1,1,-1,-1,-1,-1,-1,1,-1,1,1,1,-1,1,1,-1,1,-1,-1,1,1,-1,1,1,1,1,-1,1,1,1,1,-1,-1,-1,1,-1,1,-1,-1,1,-1,-1,-1,-1,1,1,1,-1,-1,1,1,-1,1,1,-1,-1,-1,-1,-1,1,1,-300.21339527194107,2
882,-1,-1,1,-1,-1,1,-1,-1,1,-1,1,1,1,1,1,1,-1,1,-1,1,1,1,1,1,1,1,-1,-1,1,-1,-1,-1,-1,1,1,-1,1,1,-1,1,-1,-1,-1,-1,1,-1,-1,1,-1,-1,-1,-1,-1,-1,-1,1,1,1,-1,1,-1,-1,1,-1,-1,1,-1,1,1,1,1,-1,-1,-1,-1,1,1,1,-1,-1,1,1,-1,1,1,1,1,1,-1,1,-1,1,1,1,1,1,-1,1,-1,1,-1,1,1,-1,1,-1,1,1,1,1,-1,-1,-1,-1,1,1,-1,-1,1,1,1,1,-1,1,1,-1,1,1,1,-1,-1,-1,-1,-1,1,-1,1,-1,-1,-1,-1,1,-1,1,1,1,-1,-1,1,1,1,1,-1,1,1,-1,-1,1,1,1,1,1,-1,1,-1,-1,-1,1,-1,-1,1,-1,1,1,-1,-1,1,-1,-1,-1,-1,1,-1,-1,-1,-1,1,1,1,-1,1,-1,1,1,-1,1,1,1,1,-1,-1,-1,1,1,-1,-1,1,-1,-1,1,1,1,1,1,-1,-1,-300.21339527194107,2
883,-1,1,-1,1,1,-1,1,1,-1,1,-1,-1,-1,-1,-1,-1,1,-1,1,-1,-1,-1,-1,-1,-1,-1,1,1,-1,1,1,1,1,-1,-1,1,-1,-1,1,-1,1,1,1,1,-1,1,1,-1,1,1,1,1,1,1,1,-1,-1,-1,1,-1,1,1,-1,1,1,-1,1,1,-1,-1,-1,1,1,1,1,-1,-1,-1,1,1,-1,-1,1,-1,1,-1,-1,1,1,-1,1,-1,-1,1,-1,-1,1,1,1,-1,-1,-1,-1,1,-1,1,1,-1,-1,-1,1,1,1,1,-1,-1,-1,1,-1,-1,-1,-1,1,-1,-1,1,-1,-1,1,1,1,-1,1,1,1,1,-1,1,1,1,1,-1,1,-1,-1,-1,1,1,-1,-1,-1,-1,1,-1,-1,-1,1,-1,-1,-1,-1,-1,1,-1,1,1,1,-1,1,1,-1,1,-1,-1,1,1,-1,1,1,1,1,-1,1,1,1,1,-1,-1,-1,1,-1,1,-1,-1,1,-1,-1,-1,-1,1,1,1,-1,-1,1,1,-1,1,1,-1,-1,-1,-1,-1,1,1,-300.21235802324065,1
884,1,-1,1,-1,-1,1,-1,-1,1,-1,1,1,1,1,1,1,-1,-1,-1,1,-1,1,1,1,1,1,1,-1,1,-1,-1,-1,-1,1,1,1,1,1,1,-1,-1,1,-1,-1,1,-1,-1,1,-1,-1,-1,-1,-1,-1,-1,1,1,1,-1,1,-1,-1,1,-1,-1,1,-1,1,1,1,1,-1,-1,-1,-1,1,1,1,-1,-1,1,1,-1,1,1,1,1,1,-1,1,-1,1,1,1,1,1,-1,1,-1,1,-1,1,1,-1,1,-1,1,1,1,1,-1,-1,-1,-1,1,1,-1,-1,1,1,1,1,-1,1,1,-1,1,1,1,-1,-1,-1,-1,-1,1,-1,1,-1,-1,1,-1,1,-1,1,1,1,-1,-1,1,1,1,1,-1,1,1,-1,-1,1,1,1,1,1,-1,1,-1,-1,-1,1,-1,1,1,-1,1,1,-1,-1,1,1,1,1,-1,1,-1,1,-1,-1,-1,1,1,-1,1,-1,1,1,-1,1,1,1,1,-1,-1,1,1,1,-1,1,1,-1,-1,1,1,-1,1,1,-1,-1,-300.21128844995684,2
885,-1,-1,1,1,-1,1,-1,-1,1,-1,1,1,1,-1,-1,1,-1,1,-1,1,1,1,-1,1,1,1,1,-1,1,-1,-1,-1,-1,1,1,-1,1,1,-1,-1,-1,-1,-1,-1,1,-1,-1,1,-1,-1,-1,-1,1,-1,-1,1,1,1,-1,1,-1,-1,1,-1,-1,1,-1,-1,1,1,-1,-1,-1,-1,-1,1,1,1,-1,-1,1,1,-1,1,-1,1,1,-1,-1,1,-1,1,1,-1,1,1,-1,-1,-1,1,1,1,1,-1,1,-1,-1,1,1,1,-1,-1,-1,-1,1,1,1,-1,1,1,1,1,-1,1,1,-1,1,1,-1,-1,-1,1,-1,-1,-1,-1,1,-1,-1,1,-1,-1,-1,1,-1,-1,-1,-1,1,1,1,1,-1,1,1,1,-1,1,1,1,1,1,-1,1,-1,-1,-1,1,-1,-1,1,-1,1,1,-1,-1,1,-1,-1,-1,-1,1,-1,1,-1,-1,1,1,1,-1,1,-1,1,1,-1,-1,1,1,1,-1,-1,-1,1,1,-1,-1,1,1,-1,1,1,1,1,1,-1,-1,-300.2094477312825,1
886,1,1,-1,-1,1,-1,1,1,-1,1,-1,-1,-1,1,1,-1,1,-1,1,-1,-1,-1,1,-1,-1,-1,-1,1,-1,1,1,1,1,-1,-1,1,-1,-1,1,1,1,1,1,1,-1,1,1,-1,1,1,1,1,-1,1,1,-1,-1,-1,1,-1,1,1,-1,1,1,-1,1,1,-1,-1,1,1,1,1,1,-1,-1,-1,1,1,-1,-1,1,-1,1,-1,-1,1,1,-1,1,-1,-1,1,-1,-1,1,1,1,-1,-1,-1,-1,1,-1,1,1,-1,-1,-1,1,1,1,1,-1,-1,-1,1,-1,-1,-1,-1,1,-1,-1,1,-1,-1,1,1,1,-1,1,1,1,1,-1,1,1,-1,1,1,1,-1,1,1,1,1,-1,-1,-1,-1,1,-1,-1,-1,1,-1,-1,-1,-1,-1,1,-1,1,1,1,-1,1,1,-1,1,-1,-1,1,1,-1,1,1,1,1,-1,1,-1,1,1,-1,-1,-1,1,-1,1,-1,-1,1,1,-1,-1,-1,1,1,1,-1,-1,1,1,-1,-1,1,-1,-1,-1,-1,-1,1,1,-300.2094477312825,1
887,1,-1,1,-1,-1,1,-1,-1,1,-1,1,1,1,1,1,1,-1,-1,-1,1,1,1,1,1,1,1,-1,-1,1,-1,-1,-1,-1,1,1,-1,1,1,-1,-1,-1,-1,-1,-1,1,-1,-1,1,-1,-1,-1,-1,-1,-1,-1,1,1,1,-1,1,-1,-1,1,-1,-1,1,-1,1,1,1,1,-1,-1,-1,-1,1,1,1,-1,-1,1,1,-1,1,1,1,1,1,-1,1,-1,1,1,1,1,1,-1,1,-1,1,-1,1,1,-1,1,-1,1,1,1,1,-1,-1,-1,-1,1,1,-1,-1,1,1,1,1,-1,1,1,-1,1,1,1,-1,-1,-1,-1,-1,1,-1,1,-1,-1,1,-1,1,-1,1,1,1,-1,-1,1,1,1,1,-1,1,1,-1,-1,1,1,1,1,1,-1,1,-1,-1,-1,1,-1,-1,1,-1,1,1,-1,-1,1,-1,-1,-1,-1,1,-1,-1,-1,-1,1,1,1,-1,1,-1,1,1,-1,1,1,1,1,-1,-1,-1,1,1,-1,-1,1,-1,-1,1,1,1,1,1,-1,-1,-300.1992754210184,2
888,1,1,-1,1,1,-1,1,1,-1,1,-1,-1,-1,-1,-1,-1,1,1,1,-1,-1,-1,-1,-1,-1,-1,1,1,-1,1,1,1,1,-1,-1,1,-1,-1,1,-1,1,1,1,1,-1,1,1,-1,1,1,1,1,1,1,1,-1,-1,-1,1,-1,1,1,-1,1,1,-1,1,1,-1,-1,1,1,1,1,1,-1,-1,-1,1,1,-1,-1,1,-1,1,-1,-1,1,1,-1,1,-1,-1,1,-1,-1,1,1,1,-1,-1,-1,-1,1,-1,1,1,-1,-1,-1,1,1,1,1,-1,-1,-1,1,-1,-1,-1,-1,1,-1,-1,1,-1,-1,1,1,1,-1,1,1,1,1,-1,1,1,1,1,-1,1,-1,-1,-1,1,1,-1,-1,-1,-1,1,-1,-1,-1,1,-1,-1,-1,-1,-1,1,-1,1,1,1,-1,1,1,-1,1,-1,-1,1,1,-1,1,1,1,1,-1,1,1,1,1,-1,-1,-1,1,-1,1,-1,-1,1,-1,-1,-1,-1,1,1,1,-1,-1,1,1,-1,1,1,-1,-1,-1,-1,-1,1,1,-300.1989475016774,1
889,-1,1,-1,1,1,-1,1,1,-1,1,-1,-1,-1,-1,-1,-1,1,-1,1,-1,-1,-1,-1,-1,-1,-1,1,1,-1,1,1,1,1,-1,-1,-1,-1,-1,1,-1,1,1,1,1,-1,1,1,-1,1,1,1,1,1,1,1,-1,-1,-1,1,-1,1,1,-1,1,1,-1,1,1,-1,-1,1,1,1,1,1,-1,-1,-1,1,1,-1,-1,1,-1,1,-1,-1,1,1,-1,1,-1,-1,1,-1,-1,1,1,1,-1,-1,-1,-1,1,-1,1,1,-1,-1,-1,1,1,1,1,-1,-1,-1,1,-1,-1,-1,-1,1,-1,-1,1,-1,-1,1,1,1,-1,1,1,1,1,-1,1,1,1,1,-1,1,-1,-1,-1,1,1,-1,-1,-1,-1,1,-1,-1,-1,1,-1,-1,-1,-1,-1,1,-1,1,1,1,-1,1,-1,-1,1,-1,-1,1,1,-1,1,1,1,1,-1,1,1,1,1,-1,-1,-1,1,-1,1,-1,-1,1,-1,-1,-1,-1,1,1,1,-1,-1,1,1,-1,1,1,-1,-1,-1,-1,-1,1,1,-300.1973258893203,1
890,1,1,-1,-1,1,-1,-1,1,-1,-1,-1,-1,-1,1,1,-1,1,-1,1,-1,-1,1,1,1,-1,-1,-1,-1,-1,1,1,1,1,-1,1,1,-1,-1,1,1,1,1,-1,-1,-1,-1,1,1,1,-1,-1,1,-1,-1,-1,1,1,1,-1,1,-1,-1,1,-1,-1,1,-1,1,1,-1,1,-1,-1,-1,-1,1,1,1,-1,-1,-1,1,-1,1,1,1,-1,1,-1,1,-1,1,1,1,1,1,-1,1,-1,1,-1,-1,1,-1,1,-1,1,-1,-1,1,-1,1,-1,-1,1,-1,-1,1,1,1,1,1,-1,-1,-1,-1,1,1,1,-1,-1,-1,1,-1,1,1,1,-1,-1,1,-1,1,-1,1,1,1,-1,-1,1,1,1,1,-1,-1,1,-1,1,1,1,-1,-1,1,1,1,-1,1,-1,1,1,1,1,1,1,1,1,-1,1,1,1,1,-1,1,-1,1,-1,1,-1,1,-1,1,-1,-1,-1,1,-1,1,1,-1,-1,1,1,1,1,1,1,-1,1,-1,-1,1,-1,-1,1,-1,1,-1,-300.1942396568242,1
891,-1,-1,1,1,-1,1,1,-1,1,1,1,1,1,-1,-1,1,-1,1,-1,1,1,-1,-1,-1,1,1,1,1,1,-1,-1,-1,-1,1,-1,-1,1,1,-1,-1,-1,1,1,1,1,1,-1,-1,-1,1,1,-1,1,1,1,-1,-1,-1,1,-1,1,1,-1,1,1,-1,-1,-1,-1,-1,-1,1,1,1,1,-1,-1,-1,1,1,1,-1,1,-1,-1,-1,1,-1,1,-1,1,-1,-1,-1,-1,-1,1,-1,1,-1,1,1,-1,1,-1,1,-1,1,1,-1,1,-1,-1,1,-1,-1,1,-1,-1,1,-1,-1,1,1,1,1,-1,-1,-1,1,1,1,-1,1,-1,-1,-1,1,1,-1,1,-1,1,-1,-1,-1,1,1,-1,-1,-1,-1,1,1,-1,1,-1,-1,-1,1,1,1,-1,-1,1,-1,1,-1,-1,-1,-1,-1,-1,-1,-1,1,-1,-1,-1,-1,1,-1,1,-1,1,-1,-1,-1,1,-1,1,1,1,-1,1,-1,-1,1,-1,-1,-1,-1,-1,-1,-1,1,-1,1,1,-1,1,1,1,1,-1,1,-300.19306995670445,1
892,-1,1,-1,1,1,1,1,1,1,1,-1,1,1,1,1,1,1,-1,-1,1,1,-1,-1,-1,-1,1,-1,1,1,1,-1,-1,1,1,-1,1,1,1,-1,-1,1,-1,1,1,-1,1,1,-1,-1,1,1,-1,1,1,1,-1,-1,-1,1,-1,1,1,-1,1,1,-1,1,1,-1,-1,1,1,1,1,1,-1,-1,-1,1,1,-1,-1,1,-1,1,-1,-1,1,1,-1,1,-1,-1,1,-1,-1,1,1,1,-1,-1,-1,-1,1,-1,1,1,-1,1,-1,1,-1,1,1,-1,-1,1,-1,-1,-1,-1,-1,1,1,1,1,-1,-1,1,1,1,-1,-1,1,1,-1,-1,1,1,-1,1,-1,1,-1,-1,-1,1,1,-1,-1,-1,-1,1,1,-1,-1,-1,-1,-1,-1,-1,-1,1,-1,1,1,1,-1,1,1,-1,1,-1,-1,1,1,-1,1,1,1,1,-1,1,-1,1,1,1,-1,-1,1,-1,1,1,-1,1,1,-1,-1,-1,1,1,-1,-1,-1,-1,-1,-1,1,1,-1,-1,1,-1,1,-1,1,-300.19103588188807,1
893,1,1,-1,-1,1,-1,-1,1,-1,-1,-1,-1,-1,1,1,-1,1,-1,1,-1,-1,1,1,1,-1,-1,-1,-1,-1,1,1,1,1,-1,1,1,-1,-1,1,1,1,1,-1,-1,1,-1,1,1,1,-1,-1,1,-1,-1,-1,1,1,1,-1,1,-1,-1,1,-1,-1,1,-1,1,1,-1,1,-1,-1,-1,-1,1,1,1,-1,-1,1,1,-1,1,1,1,1,-1,-1,1,1,-1,1,1,-1,1,1,1,-1,-1,-1,1,1,-1,1,1,-1,1,-1,1,1,1,-1,1,1,1,-1,1,1,-1,1,1,1,-1,-1,1,1,1,1,-1,-1,-1,1,-1,1,1,1,-1,-1,1,-1,1,-1,1,1,1,1,-1,1,-1,1,1,-1,-1,1,1,1,1,1,-1,-1,-1,1,1,-1,1,-1,1,1,1,1,1,1,1,1,-1,1,1,1,1,-1,1,-1,1,-1,-1,-1,1,1,-1,1,-1,-1,1,-1,1,1,1,1,-1,-1,1,1,1,1,1,1,-1,-1,1,1,-1,1,-1,1,1,-300.1887984773749,1
894,1,-1,1,-1,-1,1,-1,-1,1,-1,1,1,1,1,1,1,-1,-1,-1,1,1,1,1,1,1,1,1,-1,1,-1,-1,-1,-1,1,1,1,1,1,1,1,-1,1,-1,-1,1,-1,-1,1,-1,-1,-1,-1,-1,-1,-1,1,1,1,-1,1,-1,-1,1,-1,-1,1,-1,-1,1,1,-1,-1,-1,-1,-1,1,1,1,-1,-1,1,1,-1,1,-1,1,1,-1,-1,1,-1,1,1,-1,1,1,-1,-1,-1,1,1,1,1,-1,1,-1,-1,1,1,1,-1,-1,-1,-1,1,1,-1,-1,1,1,1,1,-1,1,1,-1,1,1,-1,-1,-1,1,-1,-1,-1,-1,1,-1,-1,-1,1,1,-1,1,1,1,-1,-1,1,1,1,1,-1,1,1,1,-1,1,1,1,1,1,-1,1,-1,-1,-1,1,-1,1,1,-1,1,1,-1,-1,1,-1,-1,-1,-1,1,-1,1,-1,-1,-1,1,1,-1,1,-1,1,1,-1,1,1,1,1,-1,-1,1,1,1,-1,1,1,-1,-1,1,1,-1,1,1,-1,1,-300.1849105551429,1
895,-1,1,-1,1,1,-1,1,1,-1,1,-1,-1,-1,-1,-1,-1,1,1,1,-1,-1,-1,-1,-1,-1,-1,-1,1,-1,1,1,1,1,-1,-1,-1,-1,-1,-1,-1,1,-1,1,1,-1,1,1,-1,1,1,1,1,1,1,1,-1,-1,-1,1,-1,1,1,-1,1,1,-1,1,-1,-1,-1,-1,1,1,1,1,-1,-1,-1,1,1,-1,-1,1,-1,-1,-1,-1,1,1,-1,1,-1,-1,-1,-1,-1,1,-1,1,-1,1,-1,-1,1,-1,1,-1,-1,-1,-1,1,1,1,1,-1,-1,1,1,-1,-1,-1,-1,1,-1,-1,1,-1,-1,-1,1,1,1,1,1,-1,1,-1,1,1,1,1,-1,1,-1,-1,-1,1,1,-1,-1,-1,-1,1,-1,-1,1,1,-1,-1,-1,-1,-1,1,-1,1,1,1,-1,1,-1,-1,1,-1,-1,1,1,-1,1,1,1,1,-1,1,-1,1,1,1,-1,-1,1,-1,1,-1,-1,1,-1,-1,-1,-1,1,1,-1,-1,-1,1,-1,-1,1,1,-1,-1,1,-1,-1,1,1,-300.1831576061269,1
896,1,-1,1,-1,-1,1,-1,-1,1,-1,1,1,1,1,1,1,-1,-1,-1,1,1,1,1,1,1,1,1,-1,1,-1,-1,-1,-1,1,1,1,1,1,1,1,-1,1,-1,-1,1,-1,-1,1,-1,-1,-1,-1,-1,-1,-1,1,1,1,-1,1,-1,-1,1,-1,-1,1,-1,1,1,1,1,-1,-1,-1,-1,1,1,1,-1,-1,1,1,-1,1,1,1,1,-1,-1,1,-1,1,1,1,1,1,-1,1,-1,1,-1,1,1,-1,1,-1,1,1,1,1,-1,-1,-1,-1,1,1,-1,-1,1,1,1,1,-1,1,1,-1,1,1,1,-1,-1,-1,-1,-1,1,-1,1,-1,-1,-1,-1,1,-1,1,1,1,-1,-1,1,1,1,1,-1,1,1,-1,-1,1,1,1,1,1,-1,1,-1,-1,-1,1,-1,1,1,-1,1,1,-1,-1,1,-1,-1,-1,-1,1,-1,1,-1,-1,-1,1,1,-1,1,-1,1,1,-1,1,1,1,1,-1,-1,1,1,1,-1,1,1,-1,-1,1,1,-1,1,1,-1,-1,-300.1831576061269,1
897,1,-1,1,-1,-1,1,-1,-1,1,-1,1,1,1,1,1,1,-1,1,-1,1,1,1,1,1,1,1,-1,-1,1,-1,-1,-1,-1,1,1,-1,1,1,-1,1,-1,-1,-1,-1,1,-1,-1,1,-1,-1,-1,-1,-1,-1,-1,1,1,1,-1,1,-1,-1,1,-1,-1,1,-1,1,1,1,1,-1,-1,-1,-1,1,1,1,-1,-1,1,1,-1,1,1,1,1,1,-1,1,-1,1,1,1,1,1,-1,1,-1,1,-1,1,1,-1,1,-1,1,1,1,1,-1,-1,-1,-1,1,1,-1,-1,1,1,1,1,-1,1,1,-1,1,1,1,-1,-1,-1,-1,-1,1,-1,1,-1,-1,-1,-1,1,-1,1,1,1,-1,-1,1,1,1,1,-1,1,1,-1,-1,1,1,1,1,1,-1,1,-1,-1,-1,1,-1,-1,1,-1,1,1,-1,-1,1,-1,-1,-1,-1,1,-1,-1,-1,-1,1,1,1,-1,1,-1,1,1,-1,1,1,1,1,-1,-1,-1,1,1,-1,-1,1,1,-1,1,1,1,1,1,-1,-1,-300.1763515284194,1
898,-1,1,-1,1,1,-1,1,1,-1,1,-1,-1,-1,-1,-1,-1,1,-1,1,-1,-1,-1,-1,-1,-1,-1,1,1,-1,1,1,1,1,-1,-1,1,-1,-1,1,-1,1,1,1,1,-1,1,1,-1,1,1,1,1,1,1,1,-1,-1,-1,1,-1,1,1,-1,1,1,-1,1,-1,-1,-1,-1,1,1,1,1,-1,-1,-1,1,1,-1,-1,1,-1,-1,-1,-1,-1,1,-1,1,-1,-1,-1,-1,-1,1,-1,1,-1,1,-1,-1,1,-1,1,-1,-1,-1,-1,1,1,1,1,-1,-1,1,1,-1,-1,-1,-1,1,-1,-1,1,-1,-1,-1,1,1,1,1,1,-1,1,-1,1,1,1,1,-1,1,-1,-1,-1,1,1,-1,-1,-1,-1,1,-1,-1,1,1,-1,-1,-1,-1,-1,1,-1,1,1,1,-1,1,1,-1,1,-1,-1,1,1,-1,1,1,1,1,-1,1,1,1,1,-1,-1,-1,1,-1,1,-1,-1,1,-1,-1,-1,-1,1,1,1,-1,-1,1,1,-1,-1,1,-1,-1,-1,-1,-1,1,1,-300.1763515284194,3
899,1,-1,1,-1,-1,1,-1,-1,1,-1,1,1,1,1,1,1,-1,-1,-1,1,1,1,1,1,1,1,1,-1,1,-1,-1,-1,-1,1,1,1,1,1,1,-1,-1,1,-1,-1,1,-1,-1,1,-1,-1,-1,-1,-1,-1,-1,1,1,1,-1,1,-1,-1,1,-1,-1,1,-1,-1,1,1,-1,-1,-1,-1,-1,1,1,1,-1,-1,1,1,-1,1,-1,1,1,-1,-1,1,-1,1,1,-1,1,1,-1,-1,-1,1,1,1,1,-1,1,-1,-1,1,1,1,-1,-1,-1,-1,1,1,1,-1,1,1,1,1,-1,1,1,-1,1,1,-1,-1,-1,1,-1,-1,-1,-1,1,-1,-1,-1,-1,1,-1,1,1,1,-1,-1,1,1,1,1,-1,1,1,1,-1,1,1,1,1,1,-1,1,-1,-1,-1,1,-1,1,1,-1,1,1,-1,-1,1,-1,-1,-1,-1,1,-1,1,-1,-1,-1,1,1,-1,1,-1,1,1,-1,1,1,1,1,-1,-1,1,1,1,-1,1,1,-1,-1,1,1,-1,1,1,-1,-1,-300.171210701075,1
900,-1,1,-1,1,1,-1,1,1,-1,1,-1,-1,-1,-1,-1,-1,1,1,1,-1,-1,-1,-1,-1,-1,-1,-1,1,-1,1,1,1,1,-1,-1,-1,-1,-1,-1,1,1,-1,1,1,-1,1,1,-1,1,1,1,1,1,1,1,-1,-1,-1,1,-1,1,1,-1,1,1,-1,1,1,-1,-1,1,1,1,1,1,-1,-1,-1,1,1,-1,-1,1,-1,1,-1,-1,1,1,-1,1,-1,-1,1,-1,-1,1,1,1,-1,-1,-1,-1,1,-1,1,1,-1,-1,-1,1,1,1,1,-1,-1,-1,1,-1,-1,-1,-1,1,-1,-1,1,-1,-1,1,1,1,-1,1,1,1,1,-1,1,1,1,1,-1,1,-1,-1,-1,1,1,-1,-1,-1,-1,1,-1,-1,-1,1,-1,-1,-1,-1,-1,1,-1,1,1,1,-1,1,-1,-1,1,-1,-1,1,1,-1,1,1,1,1,-1,1,-1,1,1,1,-1,-1,1,-1,1,-1,-1,1,-1,-1,-1,-1,1,1,-1,-1,-1,1,-1,-1,1,1,-1,-1,1,-1,-1,1,1,-300.171210701075,1
901,-1,1,-1,1,1,-1,1,1,-1,1,-1,-1,-1,-1,-1,-1,-1,1,1,-1,-1,-1,-1,-1,-1,-1,1,1,-1,1,1,-1,-1,-1,-1,1,-1,-1,1,1,1,1,1,1,-1,1,1,-1,1,1,1,1,1,1,1,-1,-1,-1,1,-1,1,1,-1,1,1,-1,1,-1,-1,-1,-1,1,1,1,1,-1,-1,-1,1,1,-1,-1,1,-1,-1,-1,-1,-1,1,-1,1,-1,-1,-1,-1,-1,1,-1,1,-1,1,-1,-1,1,-1,1,-1,-1,-1,-1,1,1,1,1,-1,-1,1,1,-1,-1,-1,-1,1,-1,-1,1,-1,-1,-1,1,1,1,1,1,-1,1,-1,1,1,-1,1,-1,1,-1,-1,-1,1,1,-1,-1,-1,-1,1,-1,-1,1,1,-1,-1,-1,-1,-1,1,-1,1,-1,1,-1,1,1,-1,1,-1,-1,1,1,-1,1,1,1,1,-1,1,-1,1,1,-1,-1,-1,1,-1,1,-1,-1,1,-1,-1,-1,-1,1,1,1,-1,-1,1,1,-1,1,1,-1,-1,-1,-1,-1,1,1,-300.17075257767925,7
902,1,-1,1,-1,-1,1,-1,-1,1,-1,1,1,-1,1,1,-1,-1,1,1,-1,1,1,1,1,-1,-1,1,-1,-1,-1,1,1,-1,-1,1,1,-1,-1,1,1,-1,1,-1,-1,1,-1,-1,1,1,-1,-1,1,-1,-1,-1,1,-1,1,-1,1,-1,-1,1,-1,-1,1,1,1,1,1,1,-1,-1,-1,-1,1,1,1,-1,-1,1,1,-1,1,1,1,1,1,-1,1,-1,1,1,1,1,1,-1,1,-1,1,-1,1,1,-1,1,-1,1,1,-1,1,-1,1,-1,-1,1,1,-1,1,1,1,1,1,-1,-1,-1,-1,1,1,1,-1,-1,-1,1,-1,1,1,1,-1,-1,1,-1,1,-1,1,1,1,-1,-1,1,1,1,1,-1,-1,1,-1,1,1,1,1,1,1,-1,1,-1,-1,-1,1,-1,1,1,-1,1,1,-1,-1,1,-1,-1,-1,-1,1,-1,1,-1,-1,-1,1,1,-1,1,-1,1,1,-1,1,1,1,-1,1,-1,-1,-1,1,-1,1,1,-1,-1,1,1,-1,1,1,-1,-1,-300.1675610571265,1
903,1,1,-1,-1,1,-1,1,1,-1,-1,-1,-1,-1,1,1,-1,1,-1,1,-1,-1,-1,1,-1,-1,-1,-1,-1,-1,1,1,1,1,-1,-1,1,-1,-1,1,1,1,1,1,1,-1,1,1,-1,1,1,1,1,-1,1,1,-1,-1,-1,1,-1,1,1,-1,1,1,-1,1,1,-1,-1,1,1,1,1,1,-1,-1,-1,1,1,-1,-1,1,-1,1,-1,-1,1,1,-1,1,-1,-1,1,-1,-1,1,1,1,-1,-1,-1,-1,1,-1,1,1,-1,-1,-1,1,1,1,1,-1,-1,-1,1,-1,-1,1,-1,1,-1,-1,1,-1,-1,1,1,1,-1,1,1,1,1,-1,1,1,-1,1,1,1,-1,1,1,1,1,-1,-1,-1,-1,1,-1,-1,-1,1,-1,-1,-1,-1,-1,1,-1,1,1,1,-1,1,1,-1,1,-1,-1,1,1,-1,1,1,1,1,-1,1,-1,1,1,-1,-1,-1,1,-1,1,-1,-1,1,1,-1,-1,-1,1,1,1,-1,-1,1,1,-1,-1,1,-1,-1,-1,-1,-1,1,1,-300.1669750005655,3
904,-1,1,-1,1,1,-1,1,1,-1,1,-1,-1,-1,-1,-1,-1,1,1,1,-1,-1,-1,-1,-1,-1,-1,1,1,-1,1,1,1,1,-1,-1,-1,-1,-1,-1,1,1,-1,1,1,-1,1,1,-1,1,1,1,1,1,1,1,-1,-1,-1,1,-1,1,1,-1,1,1,-1,1,1,-1,-1,1,1,1,1,1,-1,-1,-1,1,1,-1,-1,1,-1,1,-1,-1,1,1,-1,1,-1,-1,1,-1,-1,1,1,1,-1,-1,-1,-1,1,-1,1,1,-1,-1,-1,1,1,1,1,-1,-1,-1,1,-1,-1,-1,-1,1,-1,-1,1,-1,-1,1,1,1,-1,1,1,1,1,-1,1,1,-1,1,-1,1,-1,-1,-1,1,1,-1,-1,-1,-1,1,-1,-1,-1,1,-1,-1,-1,-1,-1,1,-1,1,1,1,-1,1,-1,-1,1,-1,-1,1,1,-1,1,1,1,1,-1,1,1,1,1,1,-1,-1,1,-1,1,-1,-1,1,-1,-1,-1,-1,1,1,-1,-1,-1,1,-1,-1,1,1,-1,-1,1,-1,-1,1,1,-300.1648014260094,1
905,-1,1,-1,1,1,-1,1,1,-1,1,-1,-1,-1,-1,-1,-1,1,1,1,-1,1,-1,-1,-1,-1,-1,-1,1,-1,1,1,1,1,-1,-1,-1,-1,-1,-1,-1,1,-1,1,1,-1,1,1,-1,1,1,1,1,1,1,1,-1,-1,-1,1,-1,1,1,-1,1,1,-1,1,-1,-1,-1,-1,1,1,1,1,-1,-1,-1,1,1,-1,-1,1,-1,-1,-1,-1,1,1,-1,1,-1,-1,-1,-1,-1,1,-1,1,-1,1,-1,-1,1,-1,1,-1,-1,-1,-1,1,1,1,1,-1,-1,1,1,-1,-1,-1,-1,1,-1,-1,1,-1,-1,-1,1,1,1,1,1,-1,1,-1,1,1,1,1,-1,1,-1,-1,-1,1,1,-1,-1,-1,-1,1,-1,-1,1,1,-1,-1,-1,-1,-1,1,-1,1,1,1,-1,1,-1,-1,1,-1,-1,1,1,-1,-1,-1,-1,1,-1,1,-1,1,1,1,-1,-1,1,-1,1,-1,-1,1,-1,-1,-1,-1,1,1,-1,-1,-1,1,-1,-1,1,1,-1,-1,1,-1,-1,1,1,-300.1647255771758,1
906,1,-1,1,-1,-1,1,-1,-1,1,-1,1,1,-1,1,1,-1,-1,-1,1,-1,-1,1,1,1,-1,-1,1,-1,-1,-1,-1,1,-1,-1,1,1,-1,-1,1,1,-1,1,-1,-1,1,-1,-1,1,1,-1,-1,1,-1,-1,-1,1,1,1,-1,1,-1,-1,1,-1,-1,1,1,1,1,1,1,-1,-1,-1,-1,1,1,1,1,-1,1,-1,-1,1,1,1,1,-1,-1,1,-1,1,1,1,1,1,1,-1,-1,1,1,1,1,-1,1,1,-1,1,-1,1,-1,1,-1,1,1,1,-1,1,1,-1,1,1,1,-1,-1,1,1,1,-1,-1,-1,1,1,-1,1,1,1,-1,-1,1,-1,1,-1,-1,1,1,-1,-1,1,1,1,1,-1,-1,1,1,1,1,1,1,1,1,-1,1,-1,-1,-1,1,-1,1,1,-1,1,1,-1,-1,1,-1,-1,-1,-1,1,-1,1,-1,-1,-1,1,1,-1,1,-1,1,1,-1,1,1,1,1,-1,-1,1,1,1,-1,1,1,-1,-1,1,1,-1,1,1,-1,1,-300.1620163813419,1
907,-1,1,-1,1,1,-1,1,1,-1,1,-1,-1,-1,-1,-1,-1,1,1,1,-1,-1,-1,-1,-1,-1,-1,1,1,-1,1,1,1,1,-1,-1,1,-1,-1,1,-1,1,1,1,1,-1,1,1,-1,1,1,1,1,1,1,1,-1,-1,-1,1,-1,1,1,-1,1,1,-1,1,1,-1,-1,1,1,1,1,1,-1,-1,-1,1,1,-1,-1,1,-1,1,-1,-1,1,1,-1,1,-1,-1,1,-1,-1,1,1,1,-1,-1,-1,-1,1,-1,1,1,-1,-1,-1,1,1,1,1,-1,-1,-1,1,-1,-1,-1,-1,1,-1,-1,1,-1,-1,1,1,1,-1,1,1,1,1,-1,1,1,1,-1,-1,1,-1,-1,-1,1,1,-1,-1,-1,-1,1,-1,-1,-1,1,-1,-1,-1,-1,-1,1,-1,1,1,1,-1,1,-1,-1,1,-1,-1,1,1,-1,1,1,1,1,-1,1,1,1,1,-1,-1,-1,1,-1,1,-1,-1,1,-1,-1,-1,-1,1,1,1,-1,-1,1,1,-1,1,1,-1,-1,-1,-1,-1,1,1,-300.15746314548306,1
908,1,1,1,-1,1,-1,-1,1,-1,-1,-1,-1,-1,1,1,-1,1,-1,1,-1,-1,1,1,1,-1,-1,-1,-1,-1,1,1,1,1,-1,1,1,-1,-1,1,1,1,1,-1,-1,-1,-1,1,1,1,-1,-1,1,-1,-1,-1,1,1,1,-1,1,-1,-1,1,-1,-1,1,-1,1,1,-1,1,-1,-1,-1,-1,1,1,1,-1,-1,1,1,-1,1,1,1,-1,1,-1,1,-1,1,1,1,1,1,-1,1,-1,1,-1,-1,1,-1,1,-1,1,-1,-1,1,-1,1,-1,-1,1,-1,-1,1,1,1,1,1,-1,-1,-1,-1,1,1,1,-1,-1,-1,1,-1,1,1,1,-1,-1,1,-1,1,-1,1,1,1,-1,-1,1,1,1,1,-1,-1,1,-1,1,1,1,-1,-1,-1,1,1,-1,1,-1,1,1,1,1,1,1,1,1,-1,1,1,1,1,-1,1,-1,1,-1,1,1,1,-1,1,-1,-1,-1,1,-1,1,1,-1,1,-1,-1,1,1,1,1,1,1,-1,-1,1,1,-1,1,-1,1,-1,-300.1558710027819,1
909,-1,1,-1,1,1,-1,1,1,-1,1,-1,-1,-1,-1,-1,-1,1,-1,1,-1,-1,-1,-1,-1,-1,-1,1,1,-1,1,1,1,1,-1,-1,1,-1,-1,1,1,1,1,1,1,-1,1,1,-1,1,1,1,1,1,1,1,-1,-1,-1,1,-1,1,1,-1,1,1,-1,1,-1,-1,-1,-1,1,1,1,1,-1,-1,-1,1,1,-1,-1,1,-1,-1,-1,-1,-1,1,-1,1,-1,-1,-1,-1,-1,1,-1,1,-1,1,-1,-1,1,-1,1,-1,-1,-1,-1,1,1,1,1,-1,-1,1,1,-1,-1,-1,-1,1,-1,-1,1,-1,-1,-1,1,1,1,1,1,-1,1,-1,1,1,1,1,-1,1,-1,-1,-1,1,1,-1,-1,-1,-1,1,-1,-1,1,1,-1,-1,-1,-1,-1,1,-1,1,1,1,-1,1,1,-1,1,-1,-1,1,1,-1,1,1,1,1,-1,1,1,1,1,-1,-1,-1,1,-1,1,-1,-1,1,-1,-1,-1,-1,1,1,1,-1,-1,1,1,-1,1,1,-1,-1,-1,-1,-1,1,1,-300.15521341344913,1
910,1,-1,1,-1,-1,-1,-1,-1,1,-1,1,-1,1,1,1,1,-1,-1,-1,1,-1,1,1,1,1,1,1,-1,1,-1,-1,-1,-1,1,1,1,1,1,1,1,-1,1,-1,-1,1,-1,-1,1,-1,-1,-1,-1,-1,-1,-1,1,1,1,-1,1,-1,-1,1,-1,-1,1,-1,1,1,1,1,-1,-1,-1,-1,1,1,1,-1,-1,1,1,-1,1,1,1,1,1,-1,1,-1,1,1,1,1,1,-1,1,-1,1,-1,1,1,-1,1,-1,1,1,1,1,-1,-1,-1,-1,1,1,-1,-1,1,1,1,1,-1,1,1,-1,1,1,1,-1,-1,-1,-1,-1,1,-1,1,-1,-1,-1,-1,1,-1,1,1,1,-1,-1,1,1,1,1,-1,1,1,-1,-1,1,1,1,1,1,-1,1,-1,-1,-1,1,-1,1,1,-1,1,1,-1,-1,1,1,1,1,-1,1,-1,1,-1,-1,-1,1,1,-1,1,-1,1,1,-1,1,1,1,1,-1,-1,1,1,1,1,1,1,-1,-1,1,1,-1,1,-1,1,-1,-300.1545101281071,2
911,-1,1,-1,1,1,-1,1,1,-1,1,-1,-1,-1,-1,-1,-1,1,-1,1,-1,-1,-1,-1,-1,-1,-1,1,1,-1,1,1,1,1,-1,-1,1,-1,-1,1,-1,1,1,1,1,-1,1,1,-1,1,1,1,1,1,1,1,-1,-1,-1,1,-1,1,1,-1,1,1,-1,1,-1,-1,-1,-1,1,1,1,1,-1,-1,-1,1,1,-1,-1,1,-1,-1,-1,-1,-1,1,-1,1,-1,-1,-1,-1,-1,1,-1,1,-1,1,-1,-1,1,-1,1,-1,-1,-1,-1,1,1,1,1,-1,-1,1,1,-1,-1,-1,-1,1,-1,-1,1,-1,-1,-1,1,1,1,1,1,-1,1,-1,1,1,1,1,-1,1,-1,-1,-1,1,1,-1,-1,-1,-1,1,-1,-1,1,1,-1,-1,-1,-1,-1,1,-1,1,1,1,-1,1,1,-1,1,-1,-1,1,1,-1,1,1,1,1,-1,1,1,1,1,-1,-1,-1,1,-1,1,-1,-1,1,-1,-1,-1,-1,1,1,1,-1,-1,1,1,-1,1,1,-1,1,-1,-1,-1,1,1,-300.14909047533945,2
912,-1,1,-1,1,1,-1,1,1,-1,1,-1,-1,-1,-1,-1,-1,-1,1,1,-1,-1,-1,-1,-1,-1,-1,1,1,-1,1,1,1,-1,-1,-1,1,-1,-1,1,-1,1,1,1,1,-1,1,1,-1,1,1,1,1,1,1,1,-1,-1,-1,1,-1,1,1,-1,1,1,-1,1,1,-1,-1,1,1,1,1,1,-1,-1,-1,1,1,-1,-1,1,-1,1,-1,-1,1,1,-1,1,-1,-1,1,-1,-1,1,1,1,-1,-1,-1,-1,1,-1,1,1,-1,-1,-1,1,1,1,1,-1,-1,1,1,-1,-1,-1,-1,1,-1,-1,1,-1,-1,1,1,1,-1,1,1,1,1,-1,1,1,1,-1,-1,1,-1,-1,-1,1,1,-1,-1,-1,-1,1,-1,-1,-1,1,-1,-1,-1,-1,-1,1,-1,1,-1,1,-1,1,1,-1,1,-1,-1,1,1,-1,1,1,1,1,-1,1,-1,1,1,-1,-1,-1,1,-1,1,-1,-1,1,-1,-1,-1,-1,1,1,1,-1,-1,1,1,-1,1,1,-1,-1,-1,-1,-1,1,1,-300.144581613874,1
913,-1,1,-1,1,1,-1,1,1,-1,1,-1,-1,-1,-1,-1,-1,1,-1,1,-1,-1,-1,-1,-1,-1,-1,1,1,-1,1,1,1,1,-1,-1,1,-1,-1,1,-1,1,1,1,1,-1,1,1,-1,1,1,1,1,1,1,1,-1,-1,-1,1,-1,1,1,-1,1,1,-1,1,-1,-1,-1,-1,1,1,1,1,-1,-1,-1,-1,1,-1,1,1,-1,-1,-1,-1,1,1,-1,1,-1,-1,-1,-1,-1,-1,-1,1,1,1,-1,-1,1,-1,-1,1,-1,-1,-1,-1,1,1,-1,-1,-1,1,1,-1,1,-1,-1,-1,-1,-1,-1,-1,-1,1,1,1,-1,1,1,-1,1,-1,1,1,1,1,-1,1,1,-1,-1,1,1,-1,-1,-1,-1,1,-1,-1,-1,1,-1,-1,-1,-1,-1,1,-1,1,1,1,-1,1,1,-1,1,-1,-1,1,1,-1,1,1,1,1,-1,1,1,1,1,-1,-1,-1,1,-1,1,-1,-1,1,-1,-1,-1,-1,1,1,1,-1,-1,1,1,-1,1,1,-1,-1,-1,-1,-1,1,1,-300.1405561036381,1
914,1,1,-1,-1,1,-1,-1,1,-1,-1,-1,-1,-1,1,1,-1,1,-1,1,-1,-1,1,1,1,-1,-1,-1,-1,-1,1,1,1,1,-1,1,-1,-1,-1,-1,1,1,-1,-1,-1,-1,-1,1,1,1,-1,-1,1,-1,-1,-1,1,1,1,-1,1,-1,-1,1,-1,-1,1,1,1,1,1,1,-1,-1,-1,-1,1,1,1,-1,-1,1,1,-1,1,1,1,1,1,-1,1,-1,1,1,1,1,1,-1,1,-1,1,-1,-1,1,-1,1,-1,1,-1,-1,1,-1,1,1,-1,1,1,-1,1,1,-1,1,1,-1,-1,-1,-1,1,1,1,-1,-1,-1,1,-1,1,1,1,-1,-1,1,-1,1,-1,1,1,1,-1,-1,1,1,1,1,-1,-1,1,-1,1,1,1,-1,-1,1,1,1,-1,1,-1,1,1,1,1,1,1,1,1,-1,1,1,1,1,-1,1,-1,1,-1,1,1,1,-1,-1,1,-1,-1,1,-1,1,1,-1,1,-1,-1,1,1,1,1,-1,1,-1,-1,1,-1,1,1,-1,1,1,-300.1403412252016,1
915,-1,1,-1,1,1,-1,1,1,-1,1,-1,-1,-1,-1,-1,-1,1,1,1,-1,-1,-1,-1,-1,-1,-1,1,1,-1,1,1,1,1,-1,-1,-1,-1,-1,-1,-1,1,-1,1,1,-1,1,1,-1,1,1,1,1,1,1,1,-1,-1,-1,1,-1,1,1,-1,1,1,-1,1,1,-1,-1,1,1,1,1,1,-1,-1,-1,1,1,-1,-1,1,-1,1,-1,-1,1,1,-1,1,-1,-1,1,-1,-1,1,1,1,-1,-1,-1,-1,1,-1,1,1,-1,-1,-1,1,1,1,1,-1,-1,-1,1,-1,-1,-1,-1,1,-1,-1,1,-1,-1,1,1,1,-1,1,1,1,1,-1,1,1,1,1,-1,1,-1,-1,-1,1,1,-1,-1,-1,-1,1,-1,-1,-1,1,-1,-1,-1,-1,-1,1,-1,1,1,1,-1,1,-1,-1,1,-1,-1,1,1,-1,1,1,1,1,-1,1,-1,1,1,1,-1,-1,1,-1,1,-1,-1,1,-1,-1,-1,-1,1,1,-1,-1,-1,1,-1,-1,1,1,-1,-1,1,-1,-1,1,1,-300.1379299166125,1
916,-1,1,-1,1,1,-1,1,1,-1,1,-1,-1,-1,-1,-1,-1,1,1,1,-1,-1,-1,-1,-1,-1,-1,1,1,-1,1,1,1,1,-1,-1,1,-1,-1,1,-1,1,1,1,1,-1,1,1,-1,1,1,1,1,1,1,1,-1,-1,-1,1,-1,1,1,-1,1,1,-1,1,1,-1,-1,1,1,1,1,1,-1,-1,-1,1,1,-1,-1,1,-1,1,-1,-1,1,1,-1,1,-1,-1,1,-1,-1,1,1,1,-1,-1,-1,-1,1,-1,1,1,-1,-1,-1,1,1,1,1,-1,-1,-1,1,-1,-1,-1,-1,1,-1,-1,1,-1,-1,1,1,1,-1,1,1,1,1,-1,1,1,1,1,-1,1,-1,-1,-1,1,1,-1,-1,-1,-1,1,-1,-1,-1,1,-1,-1,-1,-1,-1,1,-1,1,1,1,-1,1,1,-1,1,-1,-1,1,1,-1,1,1,1,1,-1,1,1,1,1,-1,-1,-1,1,-1,1,-1,-1,1,-1,-1,-1,-1,1,1,1,-1,-1,1,1,-1,1,1,-1,1,-1,-1,-1,1,1,-300.1346427050758,1
917,-1,-1,1,1,-1,1,-1,-1,1,1,1,1,1,-1,-1,1,-1,1,-1,1,1,-1,-1,-1,1,1,1,1,1,-1,-1,-1,-1,1,-1,-1,1,1,-1,-1,-1,1,1,1,1,1,-1,-1,-1,1,1,-1,1,1,1,-1,-1,-1,1,-1,1,1,-1,1,1,-1,-1,-1,-1,-1,-1,1,1,1,1,-1,-1,-1,1,1,1,-1,1,-1,-1,-1,1,-1,1,-1,1,-1,-1,-1,-1,-1,1,-1,1,-1,1,1,-1,1,-1,1,-1,1,1,-1,1,-1,1,1,-1,-1,1,-1,-1,-1,-1,-1,1,1,1,1,-1,-1,-1,1,1,1,-1,1,-1,-1,-1,1,-1,-1,1,-1,1,-1,-1,-1,1,1,-1,-1,-1,-1,1,1,-1,1,-1,-1,-1,1,1,-1,-1,-1,1,-1,1,-1,-1,-1,-1,-1,-1,-1,-1,1,-1,-1,-1,-1,1,-1,1,-1,1,-1,-1,-1,1,-1,1,1,1,-1,1,-1,-1,1,-1,1,1,-1,-1,-1,-1,1,-1,1,1,-1,1,1,1,1,-1,1,-300.13100961556347,1
918,-1,1,-1,1,1,-1,1,1,-1,1,-1,-1,-1,-1,-1,-1,1,-1,1,-1,-1,-1,-1,-1,-1,-1,1,1,-1,1,1,1,1,-1,-1,1,-1,-1,1,1,1,1,1,1,-1,1,1,-1,1,1,1,1,1,1,1,-1,-1,-1,1,-1,1,1,-1,1,1,-1,1,1,-1,-1,1,1,1,1,1,-1,-1,-1,1,1,-1,-1,1,-1,1,-1,-1,1,1,-1,1,-1,-1,1,-1,-1,1,1,1,-1,-1,-1,-1,1,-1,1,1,-1,-1,-1,1,1,1,1,-1,-1,-1,1,-1,-1,-1,-1,1,-1,-1,1,-1,-1,1,1,1,-1,1,1,1,1,-1,1,1,-1,1,-1,1,-1,-1,-1,1,1,-1,-1,-1,-1,1,-1,-1,-1,1,-1,-1,-1,-1,-1,1,-1,1,1,1,-1,1,1,-1,1,-1,-1,1,1,-1,1,1,1,1,-1,1,-1,1,1,-1,-1,-1,1,-1,1,-1,-1,1,-1,-1,-1,-1,1,1,1,-1,-1,1,1,-1,1,1,-1,-1,-1,-1,-1,1,1,-300.1300004428291,2
919,1,1,1,-1,1,-1,-1,1,-1,-1,-1,-1,-1,1,1,-1,1,-1,1,-1,-1,1,1,1,-1,-1,-1,-1,-1,1,1,1,1,-1,1,1,-1,-1,1,1,1,1,-1,-1,-1,-1,1,1,1,-1,-1,1,-1,-1,-1,1,1,1,-1,1,-1,-1,1,-1,-1,1,1,1,1,1,1,-1,-1,-1,-1,1,1,1,-1,-1,1,1,-1,1,1,1,-1,1,-1,1,-1,1,1,1,1,1,-1,1,-1,1,-1,-1,1,-1,1,-1,1,-1,-1,1,-1,1,-1,-1,1,1,-1,1,1,1,1,1,-1,-1,-1,-1,1,1,1,-1,-1,-1,1,-1,1,1,1,-1,-1,1,-1,1,-1,1,1,1,-1,-1,1,1,1,1,-1,-1,1,-1,1,1,1,-1,-1,-1,1,1,-1,1,-1,1,1,1,1,1,1,1,1,-1,1,1,1,1,-1,1,-1,1,-1,1,-1,1,-1,1,-1,-1,-1,1,-1,1,1,-1,1,-1,-1,1,1,1,1,1,1,-1,-1,1,1,-1,1,-1,1,-1,-300.1285420780732,1
920,1,-1,1,-1,-1,1,-1,-1,1,-1,1,1,1,1,1,1,-1,1,-1,1,1,1,1,1,1,1,-1,-1,1,-1,-1,-1,-1,1,1,-1,1,1,-1,1,-1,-1,-1,-1,1,-1,-1,1,-1,-1,-1,-1,-1,-1,-1,1,1,1,-1,1,-1,-1,1,-1,-1,1,-1,-1,1,1,1,-1,-1,-1,-1,1,1,1,-1,-1,1,1,-1,1,1,1,1,1,-1,1,-1,1,1,1,1,1,-1,1,-1,1,-1,1,1,-1,1,-1,1,1,1,1,-1,-1,-1,-1,1,1,-1,-1,1,1,1,1,-1,1,1,-1,1,1,1,-1,-1,-1,-1,-1,1,-1,1,-1,-1,-1,-1,1,-1,1,1,1,-1,-1,1,1,1,1,-1,1,1,-1,-1,1,1,1,1,1,-1,1,-1,-1,-1,1,-1,-1,1,-1,1,1,-1,-1,1,-1,-1,-1,-1,1,-1,-1,-1,-1,1,1,1,-1,1,-1,1,1,-1,1,1,1,1,-1,-1,-1,1,1,-1,-1,1,-1,-1,1,1,1,1,1,-1,-1,-300.12823992268704,2
921,1,-1,1,-1,-1,1,-1,-1,1,-1,1,1,1,1,1,1,-1,-1,-1,1,-1,1,1,1,1,1,1,-1,1,-1,-1,-1,-1,1,1,1,1,1,1,1,-1,1,-1,-1,1,-1,-1,1,-1,-1,-1,-1,-1,-1,-1,1,1,1,-1,1,-1,-1,1,-1,-1,1,-1,1,1,1,1,-1,-1,-1,-1,1,1,1,-1,-1,1,1,-1,1,1,1,1,1,-1,1,-1,1,1,1,1,1,-1,1,-1,1,-1,1,1,-1,1,-1,1,1,1,1,-1,-1,-1,-1,1,1,-1,-1,1,1,1,1,-1,1,1,-1,1,1,1,-1,-1,-1,-1,-1,1,-1,1,-1,-1,-1,-1,1,-1,1,1,1,-1,-1,1,1,1,1,-1,1,1,-1,-1,1,1,1,1,1,-1,1,-1,-1,-1,1,-1,1,1,-1,1,1,-1,-1,1,1,1,1,-1,1,-1,1,-1,-1,-1,1,1,-1,1,-1,1,1,-1,1,1,1,1,-1,-1,1,1,1,-1,1,1,1,-1,1,1,-1,1,1,-1,1,-300.1115146460008,1
922,1,1,-1,-1,1,-1,-1,1,-1,-1,-1,-1,-1,1,1,-1,1,-1,1,-1,-1,1,1,1,-1,-1,-1,-1,-1,1,1,1,1,-1,1,-1,-1,-1,-1,1,1,-1,-1,-1,-1,-1,1,1,1,-1,-1,1,-1,-1,-1,1,1,1,-1,1,-1,-1,1,-1,-1,1,-1,1,1,1,1,-1,-1,-1,-1,1,1,1,-1,-1,1,1,-1,1,1,1,1,-1,-1,1,-1,1,1,-1,1,1,1,1,-1,-1,-1,1,1,-1,1,-1,1,1,-1,1,1,1,-1,1,1,1,1,1,1,1,1,1,-1,-1,-1,1,1,1,1,-1,-1,-1,1,-1,1,1,1,-1,-1,1,-1,1,-1,1,1,1,-1,-1,1,1,1,1,-1,-1,1,-1,1,1,1,-1,-1,-1,1,1,-1,1,-1,1,1,1,1,1,1,1,1,-1,1,1,1,1,-1,1,-1,1,-1,-1,1,1,1,-1,1,-1,-1,1,-1,1,1,1,1,-1,-1,1,1,1,1,-1,1,-1,-1,1,-1,1,1,-1,1,-1,-300.1058489664097,1
923,-1,1,-1,1,1,-1,1,1,-1,1,-1,-1,-1,-1,-1,-1,1,-1,1,-1,-1,-1,-1,-1,-1,-1,1,1,-1,1,1,1,1,-1,-1,1,-1,-1,1,-1,1,1,1,1,-1,1,1,-1,1,1,1,1,1,1,1,-1,-1,-1,1,-1,1,1,-1,1,1,-1,1,1,-1,-1,1,1,1,1,1,-1,-1,-1,1,1,-1,-1,1,-1,1,-1,-1,1,1,-1,1,-1,-1,1,-1,-1,1,1,1,-1,-1,-1,1,1,-1,1,1,-1,-1,-1,1,1,1,1,-1,-1,-1,1,-1,-1,-1,-1,1,-1,-1,1,-1,-1,1,1,1,-1,1,1,1,1,-1,1,1,1,-1,-1,1,-1,-1,-1,1,1,-1,-1,-1,-1,1,-1,-1,-1,1,-1,-1,-1,-1,-1,1,-1,1,1,1,-1,1,1,-1,1,-1,-1,1,1,-1,1,1,1,1,-1,1,-1,1,1,-1,-1,-1,1,-1,1,-1,-1,1,-1,-1,-1,-1,1,1,1,-1,-1,1,1,-1,1,1,-1,-1,-1,-1,-1,1,1,-300.1046485875204,1
924,-1,1,-1,1,1,-1,1,1,-1,1,-1,-1,-1,-1,-1,-1,1,1,1,-1,-1,-1,-1,-1,1,-1,-1,1,-1,1,-1,1,1,1,-1,-1,1,1,-1,-1,1,-1,1,1,-1,1,1,-1,-1,1,1,-1,1,1,1,-1,-1,-1,1,-1,1,1,-1,1,1,-1,-1,-1,-1,-1,-1,1,1,1,1,-1,-1,-1,1,1,-1,-1,1,-1,-1,-1,-1,-1,1,-1,1,-1,-1,-1,-1,-1,1,-1,1,-1,1,-1,-1,1,-1,1,-1,-1,1,-1,1,-1,-1,1,-1,-1,1,-1,-1,-1,-1,-1,1,1,1,1,-1,-1,-1,1,1,1,1,1,-1,1,-1,1,1,-1,1,-1,1,-1,-1,-1,1,1,-1,-1,-1,-1,1,-1,-1,1,1,-1,-1,-1,-1,-1,1,-1,1,1,1,-1,1,-1,-1,1,-1,-1,1,1,-1,1,1,1,1,-1,1,-1,1,1,1,-1,-1,1,-1,1,-1,-1,1,-1,-1,-1,-1,1,1,-1,-1,-1,1,-1,-1,1,1,-1,-1,1,-1,-1,1,1,-300.10251281836787,1
925,1,-1,1,-1,-1,1,-1,-1,1,-1,1,1,1,1,1,1,-1,-1,-1,1,1,1,1,1,-1,1,1,-1,1,-1,1,-1,-1,-1,1,1,-1,-1,1,1,-1,1,-1,-1,1,-1,-1,1,1,-1,-1,1,-1,-1,-1,1,1,1,-1,1,-1,-1,1,-1,-1,1,1,1,1,1,1,-1,-1,-1,-1,1,1,1,-1,-1,1,1,-1,1,1,1,1,1,-1,1,-1,1,1,1,1,1,-1,1,-1,1,-1,1,1,-1,1,-1,1,1,-1,1,-1,1,1,-1,1,1,-1,1,1,1,1,1,-1,-1,-1,-1,1,1,1,-1,-1,-1,-1,-1,1,-1,1,-1,-1,1,-1,1,-1,1,1,1,-1,-1,1,1,1,1,-1,1,1,-1,-1,1,1,1,1,1,-1,1,-1,-1,-1,1,-1,1,1,-1,1,1,-1,-1,1,-1,-1,-1,-1,1,-1,1,-1,-1,-1,1,1,-1,1,-1,1,1,-1,1,1,1,1,-1,-1,1,1,1,-1,1,1,-1,-1,1,1,-1,1,1,-1,-1,-300.10251281836787,3
926,1,1,-1,-1,1,-1,-1,1,-1,-1,-1,-1,-1,1,1,-1,1,-1,1,-1,-1,1,1,1,-1,-1,-1,-1,-1,1,1,1,1,-1,1,1,-1,-1,1,1,1,1,-1,-1,1,-1,1,1,1,-1,-1,1,-1,-1,1,1,1,-1,-1,1,-1,-1,1,-1,-1,1,1,1,1,1,1,-1,-1,-1,-1,1,1,1,1,-1,1,-1,-1,1,-1,1,1,-1,-1,1,-1,1,1,1,1,1,1,1,-1,-1,-1,1,1,-1,1,1,-1,1,-1,-1,1,1,1,1,1,1,-1,1,-1,-1,1,1,1,-1,-1,1,1,-1,-1,-1,-1,1,1,-1,1,1,-1,-1,-1,1,-1,1,-1,-1,1,1,-1,-1,1,1,1,1,-1,-1,1,1,1,1,1,-1,-1,1,1,1,-1,1,-1,1,1,1,1,1,1,1,1,-1,1,1,1,1,-1,1,-1,1,-1,-1,-1,1,1,-1,1,-1,-1,1,-1,1,1,1,1,-1,-1,1,1,1,1,1,1,-1,-1,1,-1,-1,1,-1,1,1,-300.1004662892266,1
927,1,1,-1,1,1,-1,1,1,-1,1,-1,-1,-1,-1,-1,-1,1,-1,1,-1,-1,-1,-1,-1,-1,-1,1,1,-1,1,1,1,1,-1,-1,1,-1,-1,1,-1,1,1,1,1,-1,1,1,-1,1,1,1,1,1,1,1,-1,-1,-1,1,-1,1,1,-1,1,1,-1,1,1,-1,-1,1,1,1,1,1,-1,-1,-1,1,1,-1,-1,1,-1,1,-1,-1,1,1,-1,1,-1,-1,1,-1,-1,1,1,1,-1,-1,-1,-1,1,-1,1,1,-1,-1,-1,1,1,1,1,-1,-1,1,1,-1,-1,-1,-1,1,-1,-1,1,-1,-1,1,1,1,-1,1,1,1,1,-1,1,1,1,-1,-1,1,-1,-1,-1,1,1,-1,-1,-1,-1,1,-1,-1,-1,1,-1,-1,-1,-1,-1,1,-1,1,1,1,-1,1,1,-1,1,-1,-1,1,1,-1,1,1,1,1,-1,1,1,1,1,-1,-1,-1,1,-1,1,-1,-1,1,-1,-1,-1,-1,1,1,1,-1,-1,1,1,-1,1,1,-1,-1,-1,-1,-1,1,1,-300.09716871790454,1
928,1,-1,1,-1,-1,1,-1,-1,1,-1,1,1,1,1,1,1,-1,-1,-1,1,1,1,1,1,-1,1,1,-1,1,-1,1,-1,-1,-1,1,1,-1,-1,1,1,-1,1,-1,-1,1,-1,-1,1,1,-1,-1,1,-1,-1,-1,1,1,1,-1,1,-1,-1,1,-1,-1,1,1,1,1,1,1,-1,-1,-1,-1,1,1,1,-1,-1,1,1,-1,1,1,1,1,1,-1,1,-1,1,1,1,1,1,-1,1,-1,1,-1,1,1,-1,1,-1,1,1,-1,1,-1,1,-1,-1,1,1,-1,1,1,1,1,1,-1,-1,-1,-1,1,1,1,-1,-1,-1,-1,-1,1,-1,1,-1,-1,1,-1,1,-1,1,1,1,-1,-1,1,1,1,1,-1,1,1,-1,-1,1,1,1,1,1,-1,1,-1,-1,-1,1,-1,1,1,-1,1,1,-1,-1,1,-1,-1,-1,-1,1,-1,1,-1,-1,-1,1,1,-1,1,-1,1,1,-1,1,1,1,1,-1,-1,1,1,1,-1,1,1,-1,-1,1,1,-1,1,1,-1,-1,-300.0936142404829,2
929,-1,1,-1,1,1,-1,1,1,-1,1,-1,-1,-1,-1,-1,-1,1,1,1,-1,-1,-1,-1,-1,1,-1,-1,1,-1,1,-1,1,1,1,-1,-1,1,1,-1,-1,1,-1,1,1,-1,1,1,-1,-1,1,1,-1,1,1,1,-1,-1,-1,1,-1,1,1,-1,1,1,-1,-1,-1,-1,-1,-1,1,1,1,1,-1,-1,-1,1,1,-1,-1,1,-1,-1,-1,-1,-1,1,-1,1,-1,-1,-1,-1,-1,1,-1,1,-1,1,-1,-1,1,-1,1,-1,-1,1,-1,1,-1,1,1,-1,-1,1,-1,-1,-1,-1,-1,1,1,1,1,-1,-1,-1,1,1,1,1,1,-1,1,-1,1,1,-1,1,-1,1,-1,-1,-1,1,1,-1,-1,-1,-1,1,-1,-1,1,1,-1,-1,-1,-1,-1,1,-1,1,1,1,-1,1,-1,-1,1,-1,-1,1,1,-1,1,1,1,1,-1,1,-1,1,1,1,-1,-1,1,-1,1,-1,-1,1,-1,-1,-1,-1,1,1,-1,-1,-1,1,-1,-1,1,1,-1,-1,1,-1,-1,1,1,-300.0936142404829,2
930,1,1,-1,-1,1,-1,-1,1,-1,-1,-1,-1,-1,1,1,-1,1,-1,1,-1,-1,1,1,1,-1,-1,-1,-1,-1,1,1,1,1,-1,1,-1,-1,-1,-1,1,1,-1,-1,-1,-1,-1,1,1,1,-1,-1,1,-1,-1,-1,1,1,1,-1,1,-1,-1,1,-1,-1,1,1,1,1,1,1,-1,-1,-1,-1,1,1,1,-1,-1,1,1,-1,1,1,1,-1,1,-1,1,-1,1,1,1,1,1,-1,1,-1,1,-1,-1,1,-1,1,-1,1,-1,-1,1,-1,1,-1,-1,1,1,-1,1,1,1,1,1,-1,-1,-1,-1,1,1,1,-1,-1,-1,1,-1,1,1,1,-1,-1,1,-1,1,-1,1,1,1,-1,-1,1,1,1,1,-1,-1,1,-1,1,1,1,-1,-1,-1,1,1,-1,1,-1,1,1,1,1,1,1,1,1,-1,1,1,1,1,-1,1,-1,1,-1,1,1,1,-1,-1,1,-1,-1,1,-1,1,1,-1,1,-1,-1,-1,1,1,1,-1,1,-1,-1,1,-1,1,1,-1,1,-1,-300.09059667122153,1
931,1,-1,1,1,-1,-1,-1,-1,-1,1,1,-1,1,-1,-1,1,-1,-1,-1,1,-1,1,-1,1,1,1,1,1,1,-1,-1,-1,-1,1,1,-1,1,1,1,-1,-1,1,-1,-1,1,-1,-1,1,-1,-1,-1,-1,1,-1,-1,1,1,1,-1,1,-1,-1,1,-1,-1,1,-1,-1,1,1,-1,-1,-1,-1,-1,1,1,1,-1,-1,1,1,-1,1,-1,1,1,-1,-1,1,-1,1,1,-1,1,1,-1,-1,-1,1,1,1,1,-1,1,-1,-1,1,1,1,-1,-1,-1,-1,1,1,1,-1,1,1,-1,1,-1,1,1,-1,1,1,-1,-1,-1,1,-1,-1,-1,-1,1,-1,-1,1,-1,-1,-1,1,-1,-1,-1,-1,1,1,1,1,-1,1,1,1,-1,1,1,1,1,1,-1,1,-1,-1,-1,1,-1,-1,1,-1,1,1,-1,-1,1,-1,-1,-1,-1,1,-1,1,-1,-1,-1,1,1,-1,1,-1,-1,1,-1,-1,1,1,1,-1,-1,1,1,1,1,1,1,-1,-1,1,1,-1,1,-1,1,-1,-300.0885167349324,1
932,1,1,-1,-1,1,-1,-1,1,-1,-1,-1,-1,-1,1,1,-1,1,-1,1,-1,-1,1,1,1,-1,-1,-1,-1,-1,1,1,1,1,-1,1,-1,-1,-1,-1,1,1,-1,-1,-1,1,-1,1,1,1,-1,-1,1,-1,-1,-1,1,1,1,-1,1,-1,-1,1,-1,-1,1,1,1,1,1,1,-1,-1,-1,-1,1,1,1,1,-1,1,-1,-1,1,1,1,-1,-1,-1,1,-1,1,1,-1,1,1,1,1,-1,-1,-1,-1,1,-1,1,-1,1,-1,-1,1,1,1,-1,1,1,1,1,1,1,1,1,1,-1,-1,-1,1,1,1,-1,-1,-1,-1,1,-1,1,1,1,-1,-1,1,-1,1,-1,-1,1,1,-1,-1,1,1,1,1,-1,-1,1,-1,1,1,1,-1,-1,-1,1,1,-1,1,-1,1,1,1,1,1,1,1,1,-1,1,1,1,1,-1,1,-1,1,-1,1,1,1,-1,-1,1,-1,-1,1,-1,1,1,-1,1,-1,-1,1,1,1,1,-1,1,-1,-1,1,-1,1,1,-1,-1,-1,-300.08545911206596,1
933,-1,1,-1,1,1,-1,1,1,-1,1,-1,-1,-1,-1,-1,-1,1,1,1,-1,-1,-1,-1,-1,-1,-1,-1,1,-1,1,-1,1,1,1,-1,-1,1,1,-1,-1,1,-1,1,1,-1,1,1,-1,-1,1,1,-1,1,1,1,-1,-1,-1,1,-1,1,1,-1,1,1,-1,-1,-1,-1,-1,-1,1,1,1,1,-1,-1,-1,1,1,-1,-1,1,-1,-1,-1,-1,-1,1,-1,1,-1,-1,-1,-1,-1,1,-1,1,-1,1,-1,-1,1,-1,1,-1,-1,1,-1,1,-1,-1,1,-1,-1,1,-1,-1,-1,-1,-1,1,-1,1,1,-1,-1,-1,1,1,1,1,1,-1,1,-1,1,1,-1,1,-1,1,-1,-1,-1,1,1,-1,-1,-1,-1,1,-1,-1,1,1,-1,-1,-1,-1,-1,1,-1,1,1,1,-1,1,-1,-1,1,-1,-1,1,1,-1,1,1,1,1,-1,1,-1,1,1,1,-1,-1,1,-1,1,-1,-1,1,-1,-1,-1,-1,1,1,-1,-1,-1,1,-1,-1,1,1,-1,-1,1,-1,-1,1,1,-300.0833811997063,1
934,1,-1,1,-1,-1,1,-1,-1,1,-1,1,1,1,1,1,1,-1,-1,-1,1,1,1,1,1,1,1,1,-1,1,-1,1,-1,-1,-1,1,1,-1,-1,1,1,-1,1,-1,-1,1,-1,-1,1,1,-1,-1,1,-1,-1,-1,1,1,1,-1,1,-1,-1,1,-1,-1,1,1,1,1,1,1,-1,-1,-1,-1,1,1,1,-1,-1,1,1,-1,1,1,1,1,1,-1,1,-1,1,1,1,1,1,-1,1,-1,1,-1,1,1,-1,1,-1,1,1,-1,1,-1,1,1,-1,1,1,-1,1,1,1,1,1,-1,1,-1,-1,1,1,1,-1,-1,-1,-1,-1,1,-1,1,-1,-1,1,-1,1,-1,1,1,1,-1,-1,1,1,1,1,-1,1,1,-1,-1,1,1,1,1,1,-1,1,-1,-1,-1,1,-1,1,1,-1,1,1,-1,-1,1,-1,-1,-1,-1,1,-1,1,-1,-1,-1,1,1,-1,1,-1,1,1,-1,1,1,1,1,-1,-1,1,1,1,-1,1,1,-1,-1,1,1,-1,1,1,-1,-1,-300.0833811997063,2
935,1,1,-1,-1,1,-1,-1,1,-1,-1,-1,-1,-1,1,1,-1,1,-1,1,-1,-1,1,1,1,-1,-1,-1,-1,-1,1,1,1,1,-1,1,-1,-1,-1,-1,1,1,-1,-1,-1,-1,-1,1,1,1,-1,-1,1,-1,-1,-1,1,1,1,-1,1,-1,-1,1,-1,-1,1,1,1,1,1,-1,-1,-1,-1,-1,1,1,1,-1,-1,1,1,-1,1,-1,1,1,1,-1,1,-1,1,1,-1,1,1,-1,-1,-1,1,1,1,1,-1,1,-1,-1,1,-1,1,-1,1,1,-1,1,1,-1,1,1,1,1,1,-1,-1,-1,-1,1,1,-1,-1,-1,1,1,-1,-1,1,1,-1,-1,1,-1,1,-1,1,1,1,-1,-1,1,1,1,1,-1,-1,1,1,1,1,1,-1,-1,1,1,1,-1,1,-1,1,1,1,1,1,1,1,1,-1,1,1,1,1,-1,1,-1,1,-1,-1,1,1,1,-1,1,-1,-1,1,-1,1,1,1,1,-1,-1,1,1,1,1,-1,1,-1,-1,1,-1,1,1,-1,1,1,-300.0781959309915,1
936,1,-1,1,-1,-1,1,-1,-1,1,-1,1,1,1,1,1,1,-1,-1,-1,1,1,1,1,1,1,1,1,-1,1,-1,1,-1,-1,-1,1,1,-1,-1,1,1,-1,1,-1,-1,1,-1,-1,1,1,-1,-1,1,-1,-1,-1,1,1,1,-1,1,-1,-1,1,-1,-1,1,1,1,1,1,1,-1,-1,-1,-1,1,1,1,-1,-1,1,1,-1,1,1,1,1,1,-1,1,-1,1,1,1,1,1,-1,1,-1,1,-1,1,1,-1,1,-1,1,1,-1,1,-1,1,-1,-1,1,1,-1,1,1,1,1,1,-1,1,-1,-1,1,1,1,-1,-1,-1,-1,-1,1,-1,1,-1,-1,1,-1,1,-1,1,1,1,-1,-1,1,1,1,1,-1,1,1,-1,-1,1,1,1,1,1,-1,1,-1,-1,-1,1,-1,1,1,-1,1,1,-1,-1,1,-1,-1,-1,-1,1,-1,1,-1,-1,-1,1,1,-1,1,-1,1,1,-1,1,1,1,1,-1,-1,1,1,1,-1,1,1,-1,-1,1,1,-1,1,1,-1,-1,-300.0744826218213,1
937,-1,1,-1,1,1,-1,1,1,-1,1,-1,-1,-1,-1,-1,-1,1,1,1,-1,-1,-1,-1,-1,-1,-1,-1,1,-1,1,-1,1,1,1,-1,-1,1,1,-1,-1,1,-1,1,1,-1,1,1,-1,-1,1,1,-1,1,1,1,-1,-1,-1,1,-1,1,1,-1,1,1,-1,-1,-1,-1,-1,-1,1,1,1,1,-1,-1,-1,1,1,-1,-1,1,-1,-1,-1,-1,-1,1,-1,1,-1,-1,-1,-1,-1,1,-1,1,-1,1,-1,-1,1,-1,1,-1,-1,1,-1,1,-1,1,1,-1,-1,1,-1,-1,-1,-1,-1,1,-1,1,1,-1,-1,-1,1,1,1,1,1,-1,1,-1,1,1,-1,1,-1,1,-1,-1,-1,1,1,-1,-1,-1,-1,1,-1,-1,1,1,-1,-1,-1,-1,-1,1,-1,1,1,1,-1,1,-1,-1,1,-1,-1,1,1,-1,1,1,1,1,-1,1,-1,1,1,1,-1,-1,1,-1,1,-1,-1,1,-1,-1,-1,-1,1,1,-1,-1,-1,1,-1,-1,1,1,-1,-1,1,-1,-1,1,1,-300.0744826218213,2
938,-1,1,-1,1,1,-1,1,1,-1,1,-1,-1,-1,1,1,-1,1,-1,1,-1,-1,-1,-1,-1,-1,-1,-1,1,-1,1,1,1,1,-1,-1,1,-1,-1,1,-1,1,1,1,1,-1,1,1,-1,1,1,1,1,1,1,1,-1,-1,-1,1,-1,1,1,-1,1,1,-1,1,1,-1,-1,1,1,1,1,1,-1,-1,-1,1,1,-1,-1,1,-1,1,-1,-1,1,1,-1,1,-1,-1,1,-1,-1,1,1,1,-1,-1,-1,-1,1,-1,1,1,-1,-1,-1,1,1,1,1,-1,-1,-1,1,-1,-1,-1,-1,1,-1,-1,1,-1,-1,1,1,1,-1,1,1,1,1,-1,1,1,1,1,-1,1,-1,-1,-1,1,1,-1,-1,-1,-1,1,-1,-1,-1,1,-1,-1,-1,-1,-1,1,-1,1,1,1,-1,1,1,-1,1,-1,-1,1,1,-1,1,1,1,1,-1,1,-1,1,1,-1,-1,-1,1,-1,1,-1,-1,1,1,-1,-1,-1,1,1,1,-1,-1,1,1,-1,-1,1,-1,-1,-1,-1,-1,1,1,-300.0701938671939,1
939,1,1,-1,1,1,-1,1,1,-1,1,-1,-1,-1,-1,-1,-1,1,-1,1,-1,-1,-1,-1,-1,-1,-1,1,1,-1,1,1,1,1,-1,-1,1,-1,-1,1,-1,1,1,1,1,-1,1,1,-1,1,1,1,1,1,1,1,-1,-1,-1,1,-1,1,1,-1,1,1,-1,1,1,-1,-1,1,1,1,1,1,-1,-1,-1,1,1,-1,-1,1,-1,1,-1,-1,1,1,-1,1,-1,-1,1,-1,-1,1,1,1,-1,-1,-1,1,1,-1,1,1,-1,-1,-1,1,1,1,1,-1,-1,-1,1,-1,-1,-1,-1,1,-1,-1,1,-1,-1,1,1,1,-1,1,1,1,1,-1,1,1,1,-1,-1,1,-1,-1,-1,1,1,-1,-1,-1,-1,1,-1,-1,-1,1,-1,-1,-1,-1,-1,1,-1,1,1,1,-1,1,1,-1,1,-1,-1,1,1,-1,1,1,1,1,-1,1,1,1,1,-1,-1,-1,1,-1,1,-1,-1,1,-1,-1,-1,-1,1,1,1,-1,-1,1,1,-1,1,1,-1,-1,-1,-1,-1,1,-1,-300.06269053220177,1
940,-1,1,-1,1,1,-1,1,1,-1,1,-1,-1,-1,-1,-1,-1,1,-1,1,-1,-1,-1,-1,-1,-1,-1,-1,1,-1,1,1,1,1,-1,-1,1,-1,-1,1,-1,1,1,1,1,-1,1,1,-1,1,1,1,1,1,1,1,-1,-1,-1,1,-1,1,1,-1,1,1,-1,1,1,-1,-1,1,1,1,1,1,-1,-1,-1,1,1,-1,-1,1,-1,1,-1,-1,1,1,-1,1,-1,-1,1,-1,-1,1,1,1,-1,-1,-1,-1,1,-1,1,1,-1,-1,-1,1,1,1,1,-1,-1,-1,1,-1,-1,-1,-1,1,-1,-1,1,-1,-1,1,1,1,-1,1,1,1,1,-1,1,1,1,1,-1,1,-1,-1,-1,1,1,-1,-1,-1,-1,1,-1,-1,-1,1,-1,-1,-1,-1,-1,1,-1,1,1,1,-1,1,1,-1,1,-1,-1,1,1,-1,1,1,1,1,-1,1,-1,1,1,-1,-1,-1,1,-1,1,-1,-1,1,-1,-1,-1,-1,1,1,1,-1,-1,1,1,-1,1,1,-1,-1,-1,-1,-1,1,-1,-300.0556546980999,1
941,1,-1,1,-1,-1,1,-1,-1,1,-1,1,1,1,1,1,1,-1,1,-1,1,1,1,1,1,1,1,1,-1,1,-1,-1,-1,-1,1,1,-1,1,1,-1,1,-1,-1,-1,-1,1,-1,-1,1,-1,-1,-1,-1,-1,-1,-1,1,1,1,-1,1,-1,-1,1,-1,-1,1,-1,-1,1,1,-1,-1,-1,-1,-1,1,1,1,-1,-1,1,1,-1,1,-1,1,1,-1,-1,1,-1,1,1,-1,1,1,-1,-1,-1,1,1,1,1,-1,1,-1,-1,1,1,1,-1,-1,-1,-1,1,1,1,-1,1,1,1,1,-1,1,1,-1,1,1,-1,-1,-1,1,-1,-1,-1,-1,1,-1,-1,-1,-1,1,-1,1,1,1,-1,-1,1,1,1,1,-1,1,1,1,-1,1,1,1,1,1,-1,1,-1,-1,-1,1,-1,-1,1,-1,1,1,-1,-1,1,-1,-1,-1,-1,1,-1,1,-1,-1,1,1,1,-1,1,-1,1,1,-1,1,1,1,1,-1,-1,-1,1,1,-1,-1,1,-1,-1,1,1,1,1,1,-1,1,-300.0556546980999,1
942,-1,1,-1,1,1,-1,1,1,-1,1,-1,-1,-1,-1,-1,-1,1,1,1,-1,-1,-1,-1,-1,-1,-1,1,1,-1,1,1,1,1,-1,-1,1,-1,-1,1,-1,1,1,1,1,-1,1,1,-1,1,1,1,1,1,1,1,-1,-1,-1,1,-1,1,1,-1,1,1,-1,1,1,-1,-1,-1,1,1,1,1,-1,-1,-1,1,1,-1,-1,1,-1,1,-1,-1,1,1,-1,1,-1,-1,1,-1,-1,1,1,1,-1,-1,-1,-1,1,-1,1,1,-1,-1,-1,1,1,1,1,-1,-1,-1,1,-1,-1,-1,-1,1,-1,-1,1,-1,-1,1,1,1,-1,1,1,1,1,-1,1,1,1,-1,-1,1,-1,-1,-1,1,1,-1,-1,-1,-1,1,-1,-1,-1,1,-1,-1,-1,-1,-1,1,-1,1,1,1,-1,1,1,-1,1,-1,-1,1,1,-1,1,1,1,1,-1,1,1,1,1,-1,-1,-1,1,-1,1,-1,-1,1,-1,-1,-1,-1,1,1,1,-1,-1,1,1,-1,1,1,-1,-1,-1,-1,-1,1,-1,-300.05431091517926,1
943,-1,1,-1,1,1,-1,1,1,-1,1,-1,-1,-1,-1,-1,-1,1,1,1,-1,1,-1,-1,-1,-1,-1,-1,1,-1,1,1,1,1,-1,-1,-1,-1,-1,-1,-1,1,-1,1,1,-1,1,1,-1,1,1,1,1,1,1,1,-1,-1,-1,1,-1,1,1,-1,1,1,-1,1,1,-1,-1,1,1,1,1,1,-1,-1,-1,1,1,-1,-1,1,-1,1,-1,-1,1,1,-1,1,-1,-1,1,-1,-1,1,1,1,-1,-1,-1,1,1,-1,1,1,-1,-1,-1,1,1,1,1,-1,-1,-1,1,-1,-1,-1,-1,1,-1,-1,1,-1,-1,1,1,1,-1,1,1,1,1,-1,1,1,1,1,-1,1,-1,-1,-1,1,1,-1,-1,-1,-1,1,-1,-1,-1,1,-1,-1,-1,-1,-1,1,-1,1,1,1,-1,1,-1,-1,1,-1,-1,1,1,-1,1,1,1,1,-1,1,-1,1,1,1,-1,-1,1,-1,1,-1,-1,1,-1,-1,-1,-1,1,1,-1,-1,-1,1,-1,-1,1,1,-1,-1,1,-1,-1,1,1,-300.04979398981936,1
944,1,1,-1,-1,1,-1,1,1,-1,-1,-1,-1,-1,1,1,-1,1,-1,1,-1,1,-1,1,-1,-1,-1,-1,-1,-1,1,1,1,1,-1,-1,1,-1,-1,-1,1,1,-1,1,1,-1,1,1,-1,1,1,1,1,-1,1,1,-1,-1,-1,1,-1,1,1,-1,1,1,-1,1,1,-1,-1,1,1,1,1,1,-1,-1,-1,1,1,-1,-1,1,-1,1,-1,-1,1,1,-1,1,-1,-1,1,-1,-1,1,1,1,-1,-1,-1,-1,1,-1,1,1,-1,-1,-1,1,1,1,1,-1,-1,-1,1,-1,-1,1,-1,1,-1,-1,1,-1,-1,1,1,1,-1,1,1,1,1,-1,1,1,-1,1,1,1,-1,1,1,1,1,-1,-1,-1,-1,1,-1,-1,-1,1,-1,-1,-1,-1,-1,1,-1,1,1,1,-1,1,1,-1,1,-1,-1,1,1,-1,1,1,1,1,-1,1,-1,1,1,1,-1,-1,1,-1,1,-1,-1,1,1,-1,-1,-1,1,1,-1,-1,-1,1,-1,-1,-1,1,-1,-1,1,-1,-1,1,1,-300.04871131623736,1
945,-1,1,-1,1,1,-1,1,1,-1,1,-1,-1,-1,-1,-1,-1,-1,1,1,-1,-1,-1,-1,-1,-1,-1,1,1,-1,1,1,1,-1,-1,-1,1,-1,-1,1,-1,1,1,1,1,-1,1,1,-1,1,1,1,1,1,1,1,-1,-1,-1,1,-1,1,1,-1,1,1,-1,1,-1,-1,-1,-1,1,1,1,1,-1,-1,-1,1,1,-1,-1,1,-1,-1,-1,-1,-1,1,-1,1,-1,-1,-1,-1,-1,1,-1,1,-1,1,-1,-1,1,-1,1,-1,-1,-1,-1,1,1,1,1,-1,-1,1,1,-1,-1,-1,-1,1,-1,-1,1,-1,-1,-1,1,1,1,1,1,-1,1,-1,1,1,1,1,-1,1,-1,-1,-1,1,1,-1,-1,-1,-1,1,-1,-1,1,1,-1,-1,-1,-1,-1,1,-1,1,-1,1,-1,1,1,-1,1,-1,-1,1,1,-1,1,1,1,1,-1,1,-1,1,1,-1,-1,-1,1,-1,1,-1,-1,1,-1,-1,-1,-1,1,1,1,-1,-1,1,1,-1,1,1,-1,-1,-1,-1,-1,1,-1,-300.04776103109396,3
946,-1,-1,-1,1,-1,1,1,-1,1,1,1,1,1,-1,-1,1,-1,1,-1,1,1,-1,-1,-1,-1,1,1,1,1,-1,-1,-1,-1,1,-1,-1,1,1,-1,-1,-1,1,1,1,1,1,-1,-1,-1,1,1,-1,1,1,1,-1,-1,-1,1,-1,1,1,-1,1,1,-1,-1,-1,-1,-1,-1,1,1,1,1,-1,-1,-1,1,1,-1,-1,1,-1,-1,-1,1,-1,1,-1,1,-1,-1,-1,-1,-1,1,-1,1,-1,1,1,-1,1,-1,1,-1,1,1,-1,1,-1,-1,1,-1,-1,1,-1,-1,-1,-1,-1,1,1,1,1,-1,-1,-1,1,1,1,-1,1,-1,-1,-1,1,1,-1,1,-1,1,-1,-1,-1,1,1,-1,-1,-1,-1,1,1,-1,1,-1,-1,-1,1,1,-1,-1,-1,1,-1,1,-1,-1,-1,-1,-1,-1,-1,-1,1,-1,-1,-1,-1,1,-1,1,-1,1,-1,-1,-1,1,-1,-1,1,1,-1,1,-1,-1,1,-1,1,1,-1,-1,-1,1,1,-1,1,1,-1,-1,1,-1,1,-1,-1,-300.0473734861143,1
947,-1,1,1,1,1,-1,1,1,-1,1,-1,-1,1,1,1,1,1,1,-1,1,1,-1,-1,-1,1,1,-1,1,1,1,-1,-1,1,1,-1,-1,1,1,-1,-1,1,-1,1,1,-1,1,1,-1,-1,1,1,-1,1,1,1,-1,-1,-1,1,-1,1,1,-1,1,1,-1,-1,-1,-1,-1,-1,1,1,1,1,-1,-1,-1,1,1,-1,-1,1,-1,1,-1,-1,1,1,-1,1,-1,-1,-1,-1,-1,1,1,1,-1,-1,-1,-1,1,-1,-1,1,-1,1,-1,1,-1,-1,1,-1,-1,1,-1,1,1,-1,-1,1,1,1,1,-1,-1,1,1,1,-1,-1,1,-1,-1,-1,1,1,-1,1,-1,1,-1,-1,-1,1,1,-1,-1,-1,-1,1,1,-1,-1,-1,-1,-1,-1,-1,-1,1,-1,1,1,1,-1,1,-1,-1,1,-1,-1,1,1,-1,1,1,1,1,-1,1,-1,1,1,1,-1,-1,1,-1,1,-1,-1,1,-1,-1,-1,-1,1,1,-1,-1,-1,-1,-1,-1,-1,1,-1,1,1,-1,-1,1,1,-300.0470697523441,1
948,1,-1,1,-1,-1,-1,-1,-1,-1,-1,1,-1,-1,-1,-1,-1,-1,-1,1,-1,-1,1,1,1,-1,-1,1,-1,-1,-1,1,1,-1,-1,1,-1,-1,-1,1,1,-1,1,-1,-1,1,-1,-1,1,1,-1,-1,1,-1,-1,-1,1,1,1,-1,1,-1,-1,1,-1,-1,1,1,1,1,1,1,-1,-1,-1,-1,1,1,1,-1,-1,1,1,-1,1,1,1,1,1,-1,1,-1,1,1,1,1,1,-1,1,-1,-1,-1,1,1,-1,1,-1,1,1,-1,1,1,1,-1,1,1,1,-1,1,1,1,1,1,-1,-1,-1,-1,1,1,1,-1,-1,-1,1,-1,1,1,1,-1,-1,1,-1,1,-1,1,1,1,-1,-1,1,1,1,1,-1,-1,1,-1,1,1,1,1,1,1,-1,1,-1,-1,-1,1,-1,1,1,-1,1,1,-1,-1,1,-1,-1,-1,-1,1,-1,1,-1,-1,-1,1,1,-1,1,-1,-1,1,-1,-1,1,1,1,-1,-1,1,1,1,1,1,1,-1,-1,1,1,-1,1,-1,1,-1,-300.0434875813625,1
949,1,-1,1,-1,-1,1,-1,-1,1,-1,1,1,1,1,1,1,-1,1,-1,1,1,1,1,1,1,1,-1,-1,1,-1,-1,-1,-1,1,1,-1,1,1,-1,1,-1,-1,-1,-1,1,-1,-1,1,-1,-1,-1,-1,-1,-1,-1,1,1,1,-1,1,-1,-1,1,-1,-1,1,-1,1,1,1,1,-1,-1,-1,-1,1,1,1,-1,-1,1,1,-1,1,1,1,1,1,-1,1,-1,1,1,1,1,1,-1,1,-1,1,-1,1,1,-1,1,-1,1,1,1,1,-1,-1,-1,-1,1,1,-1,-1,1,1,1,1,-1,1,1,-1,1,1,1,-1,-1,-1,-1,-1,1,-1,1,-1,-1,-1,-1,1,-1,1,1,1,-1,-1,1,1,1,1,-1,1,1,-1,-1,1,1,1,1,1,-1,1,-1,-1,-1,1,-1,-1,1,-1,1,1,-1,-1,1,-1,-1,-1,-1,1,-1,1,-1,-1,1,1,1,-1,1,-1,1,1,-1,1,1,1,1,-1,-1,-1,1,1,-1,-1,1,-1,-1,1,1,1,1,1,-1,-1,-300.0423061904431,1
950,-1,1,-1,1,1,-1,1,1,-1,1,-1,-1,-1,-1,-1,-1,1,-1,1,-1,-1,-1,-1,-1,-1,-1,1,1,-1,1,1,1,1,-1,-1,1,-1,-1,1,-1,1,1,1,1,-1,1,1,-1,1,1,1,1,1,1,1,-1,-1,-1,1,-1,1,1,-1,1,1,-1,1,-1,-1,-1,-1,1,1,1,1,-1,-1,-1,1,1,-1,-1,1,-1,-1,-1,-1,-1,1,-1,1,-1,-1,-1,-1,-1,1,-1,1,-1,1,-1,-1,1,-1,1,-1,-1,-1,-1,1,1,1,1,-1,-1,1,1,-1,-1,-1,-1,1,-1,-1,1,-1,-1,-1,1,1,1,1,1,-1,1,-1,1,1,1,1,-1,1,-1,-1,-1,1,1,-1,-1,-1,-1,1,-1,-1,1,1,-1,-1,-1,-1,-1,1,-1,1,1,1,-1,1,1,-1,1,-1,-1,1,1,-1,1,1,1,1,-1,1,-1,1,1,-1,-1,-1,1,-1,1,-1,-1,1,-1,-1,-1,-1,1,1,1,-1,-1,1,1,-1,1,1,-1,-1,-1,-1,-1,1,1,-300.0423061904431,2
951,-1,1,-1,1,1,-1,1,1,-1,1,-1,-1,-1,-1,-1,-1,1,1,1,-1,-1,-1,-1,-1,-1,-1,-1,1,-1,1,1,1,1,-1,-1,-1,-1,-1,-1,-1,1,-1,1,1,-1,1,1,-1,1,1,1,1,1,1,1,-1,-1,-1,1,-1,1,1,-1,1,1,-1,1,1,-1,-1,1,1,1,1,1,-1,-1,-1,1,1,-1,-1,1,-1,1,-1,-1,1,1,-1,1,-1,-1,1,-1,-1,1,1,1,-1,-1,-1,1,1,-1,1,1,-1,-1,-1,1,1,1,1,-1,-1,-1,1,-1,-1,-1,-1,1,-1,-1,1,-1,-1,1,1,1,-1,1,1,1,1,-1,1,1,1,-1,-1,1,-1,-1,-1,1,1,-1,-1,-1,-1,1,-1,-1,-1,1,-1,-1,-1,-1,-1,1,-1,1,1,1,-1,1,-1,-1,1,-1,-1,1,1,-1,1,-1,-1,1,-1,1,-1,1,1,1,-1,-1,1,-1,1,-1,-1,1,-1,-1,-1,-1,1,1,-1,-1,-1,1,-1,-1,1,1,-1,-1,1,-1,-1,1,1,-300.04183204814245,1
952,-1,1,-1,1,1,-1,1,1,-1,1,-1,-1,-1,-1,-1,-1,1,-1,1,-1,-1,-1,-1,-1,-1,-1,1,1,-1,1,1,1,1,-1,-1,1,-1,-1,1,1,1,1,1,1,-1,1,1,-1,1,1,1,1,1,1,1,-1,-1,-1,1,-1,1,1,-1,1,1,-1,1,-1,-1,-1,-1,1,1,1,1,-1,-1,-1,1,1,-1,-1,1,-1,-1,-1,-1,1,1,-1,1,-1,-1,-1,-1,-1,1,-1,1,-1,1,-1,-1,1,-1,1,-1,-1,-1,-1,1,1,1,1,-1,-1,1,1,-1,-1,-1,-1,1,-1,-1,1,-1,-1,-1,1,1,1,1,1,-1,1,-1,1,1,-1,1,-1,1,-1,-1,-1,1,1,-1,-1,-1,-1,1,-1,-1,1,1,-1,-1,-1,-1,-1,1,-1,1,1,1,-1,1,1,-1,1,-1,-1,1,1,-1,1,1,1,1,-1,1,1,1,1,-1,-1,-1,1,-1,1,-1,-1,1,-1,-1,-1,-1,1,1,1,-1,-1,1,1,-1,1,1,-1,-1,-1,-1,-1,1,-1,-300.04180743407034,1
953,1,-1,1,-1,-1,1,-1,-1,1,-1,1,1,1,1,1,1,-1,1,-1,1,1,1,1,1,1,1,-1,-1,1,-1,-1,-1,-1,1,1,-1,1,1,-1,1,-1,-1,-1,-1,1,-1,-1,1,-1,-1,-1,-1,-1,-1,-1,1,1,1,-1,1,-1,-1,1,-1,-1,1,-1,1,1,1,1,-1,-1,-1,-1,1,1,1,-1,-1,1,1,-1,1,1,1,1,1,-1,1,-1,1,1,1,1,1,-1,1,-1,1,-1,1,1,-1,1,-1,1,1,1,1,-1,-1,-1,-1,1,1,-1,-1,1,-1,1,1,-1,1,1,-1,1,1,1,-1,-1,-1,-1,-1,1,-1,1,-1,-1,-1,-1,1,-1,1,1,1,-1,-1,1,1,1,1,-1,1,1,-1,-1,1,1,1,1,1,-1,1,-1,-1,-1,1,-1,-1,1,-1,1,1,-1,-1,1,-1,-1,-1,-1,1,-1,-1,-1,-1,1,1,1,-1,1,-1,1,1,-1,1,1,1,1,-1,-1,-1,1,1,-1,-1,1,-1,-1,1,1,1,1,1,-1,-1,-300.0415089749778,1
954,-1,1,-1,1,1,-1,1,1,-1,1,-1,-1,-1,-1,-1,-1,1,-1,1,-1,-1,-1,-1,-1,-1,-1,1,1,-1,1,1,1,1,-1,-1,1,-1,-1,1,-1,1,1,1,1,-1,1,1,-1,1,1,1,1,1,1,1,-1,-1,-1,1,-1,1,1,-1,1,1,-1,1,-1,-1,-1,-1,1,1,1,1,-1,-1,-1,1,1,-1,-1,1,-1,-1,-1,-1,-1,1,-1,1,-1,-1,-1,-1,-1,1,-1,1,-1,1,-1,-1,1,-1,1,-1,-1,-1,-1,1,1,1,1,-1,-1,1,1,-1,1,-1,-1,1,-1,-1,1,-1,-1,-1,1,1,1,1,1,-1,1,-1,1,1,1,1,-1,1,-1,-1,-1,1,1,-1,-1,-1,-1,1,-1,-1,1,1,-1,-1,-1,-1,-1,1,-1,1,1,1,-1,1,1,-1,1,-1,-1,1,1,-1,1,1,1,1,-1,1,1,1,1,-1,-1,-1,1,-1,1,-1,-1,1,-1,-1,-1,-1,1,1,1,-1,-1,1,1,-1,1,1,-1,-1,-1,-1,-1,1,1,-300.0415089749778,1
955,-1,1,-1,1,1,-1,1,1,-1,1,-1,-1,-1,-1,-1,-1,1,1,1,-1,1,-1,-1,-1,-1,-1,-1,1,-1,1,1,1,1,-1,-1,-1,1,1,-1,-1,1,-1,1,1,-1,1,1,-1,1,1,1,1,1,1,1,-1,-1,-1,1,-1,1,1,-1,1,1,-1,1,-1,-1,-1,-1,1,1,1,1,-1,-1,-1,1,1,-1,-1,1,-1,-1,-1,-1,-1,1,-1,1,-1,-1,-1,-1,-1,1,-1,1,-1,1,-1,-1,1,-1,1,-1,-1,-1,-1,1,1,1,1,-1,-1,1,1,-1,-1,-1,-1,1,-1,-1,1,-1,-1,-1,1,1,1,1,1,-1,1,-1,1,1,-1,1,-1,1,-1,-1,-1,1,1,-1,-1,-1,-1,1,-1,-1,1,1,-1,-1,-1,-1,-1,1,-1,1,1,1,-1,1,-1,-1,1,-1,-1,1,1,-1,1,1,1,1,-1,1,-1,1,1,1,-1,-1,1,-1,1,-1,-1,1,-1,-1,-1,-1,1,1,-1,-1,-1,1,-1,-1,1,1,-1,-1,1,-1,-1,1,1,-300.04069196950064,1
956,-1,1,-1,1,1,-1,1,1,-1,1,-1,-1,-1,-1,-1,-1,1,1,1,-1,1,-1,-1,-1,-1,-1,-1,1,-1,1,1,1,1,-1,-1,-1,-1,-1,-1,1,1,-1,1,1,-1,1,1,-1,1,1,1,1,1,1,1,-1,-1,-1,1,-1,1,1,-1,1,1,-1,1,-1,-1,-1,-1,1,1,1,1,-1,-1,-1,1,1,-1,-1,1,-1,-1,-1,-1,-1,1,-1,1,-1,-1,-1,-1,-1,1,-1,1,-1,1,-1,-1,1,-1,1,-1,-1,-1,-1,1,1,1,1,-1,-1,1,1,-1,-1,-1,-1,1,-1,-1,1,-1,-1,-1,1,1,1,1,1,-1,1,-1,1,1,-1,1,-1,1,-1,-1,-1,1,1,-1,-1,-1,-1,1,-1,-1,1,1,-1,-1,-1,-1,-1,1,-1,1,1,1,-1,1,-1,-1,1,-1,-1,1,1,-1,-1,-1,-1,1,-1,1,-1,1,1,1,-1,-1,1,-1,1,-1,-1,1,-1,-1,-1,-1,1,1,-1,-1,-1,1,-1,-1,-1,1,-1,-1,1,-1,-1,1,1,-300.04009801572914,1
957,-1,1,-1,1,1,-1,1,1,-1,1,-1,-1,-1,-1,-1,-1,1,-1,1,-1,-1,-1,-1,-1,-1,-1,1,1,-1,1,1,1,1,-1,-1,1,-1,-1,1,-1,1,1,1,1,-1,1,1,-1,1,1,1,1,1,1,1,-1,-1,-1,1,-1,1,1,-1,1,1,-1,1,-1,-1,-1,-1,1,1,1,1,-1,-1,-1,-1,1,-1,1,1,-1,-1,-1,-1,1,1,-1,1,-1,-1,-1,-1,-1,-1,-1,1,1,1,-1,-1,1,-1,-1,1,-1,-1,-1,1,1,1,-1,-1,-1,1,1,-1,1,-1,-1,-1,-1,-1,-1,-1,-1,1,1,1,-1,1,1,-1,1,-1,1,1,1,1,-1,1,1,-1,-1,1,1,-1,-1,-1,-1,1,-1,-1,-1,1,-1,-1,-1,-1,-1,1,-1,1,1,1,-1,1,1,-1,1,-1,-1,1,1,-1,1,1,1,1,-1,1,1,1,1,-1,-1,-1,1,-1,1,-1,-1,1,-1,-1,-1,-1,1,1,1,-1,-1,1,1,-1,1,1,-1,-1,-1,-1,-1,1,1,-300.03717906313534,5
958,-1,1,-1,1,1,-1,1,1,-1,1,-1,-1,-1,-1,-1,-1,1,-1,1,-1,-1,-1,-1,-1,-1,-1,1,1,-1,1,1,1,1,-1,-1,1,-1,-1,1,-1,1,1,1,1,-1,1,1,-1,1,1,1,1,1,1,1,-1,-1,-1,1,-1,1,1,-1,1,1,-1,1,-1,-1,-1,-1,1,1,1,1,-1,-1,-1,-1,1,-1,1,1,-1,-1,-1,-1,1,1,-1,1,-1,-1,-1,-1,-1,1,1,1,-1,-1,-1,-1,1,-1,-1,1,-1,-1,-1,1,1,1,1,-1,-1,1,1,-1,1,-1,-1,1,-1,-1,-1,-1,-1,1,1,1,-1,1,1,-1,1,-1,1,1,1,1,-1,1,1,-1,-1,1,1,-1,-1,-1,-1,1,-1,-1,-1,1,-1,-1,-1,-1,-1,1,-1,1,1,1,-1,1,1,-1,1,-1,-1,1,1,-1,1,1,1,1,-1,1,1,1,1,-1,-1,-1,1,-1,1,-1,-1,1,-1,-1,-1,-1,1,1,1,-1,-1,1,1,-1,1,1,-1,-1,-1,-1,-1,1,1,-300.03181829870243,3
959,1,1,-1,-1,1,-1,-1,1,-1,-1,-1,-1,-1,1,1,-1,1,-1,1,-1,-1,1,1,1,-1,-1,-1,-1,-1,1,1,1,1,-1,1,-1,-1,-1,-1,1,1,-1,-1,-1,1,-1,1,1,1,-1,-1,1,-1,-1,-1,1,1,1,-1,1,-1,-1,1,-1,-1,1,1,1,1,1,1,-1,-1,-1,-1,1,1,1,-1,-1,1,1,-1,1,1,1,1,-1,-1,1,1,-1,1,1,-1,1,1,1,-1,-1,-1,1,1,-1,1,1,-1,1,-1,1,1,1,-1,1,1,1,-1,1,1,-1,1,1,1,-1,-1,1,1,1,1,-1,-1,-1,1,-1,1,1,1,-1,-1,1,-1,1,-1,1,1,1,1,-1,1,-1,1,1,-1,-1,1,1,1,1,1,-1,-1,-1,1,1,-1,1,-1,1,1,1,1,1,1,1,1,1,1,1,1,1,-1,1,-1,1,-1,-1,1,1,1,-1,1,-1,-1,1,-1,1,1,1,1,-1,-1,1,1,1,1,-1,1,-1,-1,1,-1,1,1,-1,-1,-1,-300.0277266210703,1
960,-1,1,-1,1,1,-1,1,1,-1,1,-1,-1,-1,-1,-1,-1,1,-1,1,-1,-1,-1,-1,-1,-1,-1,1,1,-1,1,1,1,1,-1,-1,1,-1,-1,1,1,1,1,1,1,-1,1,1,-1,1,1,1,1,1,1,1,-1,-1,-1,1,-1,1,1,-1,1,1,-1,1,1,-1,-1,1,1,1,1,1,-1,-1,-1,1,1,-1,-1,1,-1,1,-1,-1,1,1,-1,1,-1,-1,1,-1,-1,1,1,1,-1,-1,-1,-1,1,-1,1,1,-1,-1,-1,1,1,1,1,-1,-1,-1,1,-1,-1,-1,-1,1,-1,-1,1,-1,-1,1,1,1,-1,1,1,1,1,-1,1,1,-1,1,-1,1,-1,-1,-1,1,1,-1,-1,-1,-1,1,-1,-1,-1,1,-1,-1,-1,-1,-1,1,-1,1,1,1,-1,1,1,-1,1,-1,-1,1,1,-1,1,1,1,1,-1,1,1,1,1,-1,-1,-1,1,-1,1,-1,-1,1,-1,-1,-1,-1,1,1,1,-1,-1,1,1,-1,1,1,-1,1,-1,-1,-1,1,-1,-300.02373759090875,1
961,1,1,1,-1,1,-1,-1,1,-1,-1,-1,-1,-1,1,1,-1,1,-1,1,-1,-1,1,1,1,-1,-1,-1,-1,-1,1,1,1,1,-1,1,1,-1,-1,1,1,1,1,-1,-1,-1,-1,1,1,1,-1,-1,1,-1,-1,-1,1,1,1,-1,1,-1,-1,1,-1,-1,1,1,1,1,1,1,-1,-1,-1,-1,1,1,1,1,-1,1,-1,-1,1,1,1,1,-1,-1,1,-1,1,1,1,1,1,1,1,-1,-1,-1,1,1,-1,1,1,-1,1,-1,1,1,1,-1,1,1,1,-1,1,1,-1,1,1,1,-1,-1,1,1,1,-1,-1,-1,1,1,-1,1,1,1,-1,-1,1,-1,1,-1,-1,1,1,-1,-1,1,1,1,1,-1,-1,1,1,1,1,1,-1,-1,1,1,1,-1,1,-1,1,1,1,1,1,1,1,1,-1,1,1,1,1,-1,1,-1,1,-1,-1,1,1,1,1,1,-1,-1,1,-1,1,1,1,1,-1,-1,1,1,1,1,-1,1,-1,-1,1,1,-1,1,-1,1,-1,-300.02337959062316,1
962,-1,1,-1,1,1,-1,1,1,-1,1,-1,-1,-1,-1,-1,-1,1,-1,1,-1,-1,-1,-1,-1,-1,-1,1,1,-1,1,1,1,1,-1,-1,1,-1,-1,1,1,1,1,1,1,-1,1,1,-1,1,1,1,1,1,1,1,-1,-1,-1,1,-1,1,1,-1,1,1,-1,1,1,-1,-1,1,1,1,1,1,-1,-1,-1,1,1,-1,-1,1,-1,1,-1,-1,1,1,-1,1,-1,-1,1,-1,-1,1,1,1,-1,-1,-1,-1,1,-1,1,1,-1,-1,-1,1,1,1,1,-1,-1,-1,1,-1,-1,-1,-1,1,-1,-1,1,-1,-1,1,1,1,-1,1,1,1,1,-1,1,1,-1,1,-1,1,-1,-1,-1,-1,1,-1,-1,-1,-1,1,-1,-1,-1,1,-1,-1,-1,-1,-1,1,-1,1,1,1,-1,1,1,-1,1,-1,-1,1,1,-1,1,1,1,1,-1,1,1,1,1,-1,-1,-1,1,-1,1,-1,-1,1,-1,-1,-1,-1,1,1,1,-1,-1,1,1,-1,1,1,-1,-1,-1,-1,-1,1,1,-300.0190354581581,1
963,-1,1,-1,1,1,-1,1,1,-1,1,-1,-1,-1,-1,-1,-1,1,-1,1,-1,-1,-1,-1,-1,-1,-1,1,1,-1,1,1,1,1,-1,-1,1,-1,-1,1,1,1,1,1,1,-1,1,1,-1,1,1,1,1,-1,1,1,-1,-1,-1,1,-1,1,1,-1,1,1,-1,1,1,-1,-1,1,1,1,1,1,-1,-1,-1,1,1,-1,-1,1,-1,1,-1,-1,1,1,-1,1,-1,-1,1,-1,-1,1,1,1,-1,-1,-1,-1,1,-1,1,1,-1,-1,-1,1,1,1,1,-1,-1,-1,1,-1,-1,-1,-1,1,-1,-1,1,-1,-1,1,1,1,-1,1,1,1,1,-1,1,1,-1,1,-1,1,-1,1,1,1,1,-1,-1,-1,-1,1,-1,-1,-1,1,-1,-1,-1,-1,-1,1,-1,1,1,1,-1,1,1,-1,1,-1,-1,1,1,-1,1,1,1,1,-1,1,1,1,1,-1,-1,-1,1,-1,1,-1,-1,1,-1,-1,-1,-1,1,1,1,-1,-1,1,1,-1,1,1,-1,-1,-1,-1,-1,1,1,-300.0166252478798,2
964,-1,1,-1,1,1,-1,1,1,-1,1,-1,-1,-1,-1,-1,-1,1,-1,1,-1,-1,-1,-1,-1,-1,-1,1,1,-1,1,1,1,1,-1,-1,1,-1,-1,1,-1,1,1,1,1,-1,1,1,-1,1,1,1,1,1,1,1,-1,-1,-1,1,-1,1,1,-1,1,1,-1,1,-1,-1,-1,-1,1,1,1,1,-1,-1,-1,1,1,-1,-1,1,-1,-1,-1,-1,-1,1,-1,1,-1,-1,-1,-1,-1,1,-1,1,-1,1,-1,-1,1,-1,1,-1,-1,-1,-1,1,1,1,1,-1,-1,1,1,-1,-1,-1,-1,1,-1,-1,1,-1,-1,-1,1,1,1,1,1,-1,1,-1,1,1,1,1,-1,1,-1,-1,-1,1,1,-1,-1,-1,-1,1,-1,-1,1,1,-1,-1,-1,-1,-1,1,-1,1,1,1,-1,1,-1,-1,1,-1,-1,1,1,-1,1,1,1,1,-1,1,1,1,1,-1,-1,-1,1,-1,1,-1,-1,1,-1,-1,-1,-1,1,1,1,-1,-1,1,1,-1,1,1,-1,-1,-1,-1,-1,1,-1,-300.0090469847467,3
965,-1,-1,1,1,-1,1,1,-1,1,1,1,1,1,-1,-1,1,-1,1,-1,1,-1,-1,-1,1,1,1,1,1,1,-1,-1,-1,-1,1,-1,-1,1,1,-1,-1,-1,-1,1,1,1,1,1,-1,-1,1,-1,-1,1,-1,1,-1,-1,-1,1,-1,1,1,-1,1,1,-1,-1,-1,-1,-1,-1,1,1,1,1,-1,-1,-1,1,1,1,-1,1,-1,-1,-1,1,-1,1,-1,1,-1,-1,-1,-1,-1,1,-1,1,-1,1,1,-1,1,-1,1,-1,1,1,-1,1,-1,-1,1,-1,-1,1,-1,-1,-1,-1,-1,1,1,1,1,-1,-1,-1,1,1,1,-1,1,-1,-1,-1,1,1,-1,1,-1,1,-1,-1,-1,1,1,-1,-1,-1,-1,1,1,-1,1,-1,-1,-1,1,-1,-1,-1,-1,1,-1,1,-1,-1,-1,-1,-1,-1,-1,-1,1,-1,-1,-1,-1,-1,-1,1,1,1,-1,-1,-1,1,-1,1,1,1,-1,1,-1,-1,1,1,-1,-1,-1,-1,-1,-1,1,-1,1,1,-1,1,1,-1,1,-1,1,-300.00834662581485,1
966,-1,1,-1,1,1,-1,1,1,-1,1,-1,-1,-1,-1,-1,-1,1,-1,1,-1,-1,-1,-1,-1,-1,-1,-1,1,-1,1,1,1,1,-1,-1,1,-1,-1,1,-1,1,1,1,1,-1,1,1,-1,1,1,1,1,1,1,1,-1,-1,-1,1,-1,1,1,-1,1,1,-1,1,1,-1,-1,1,1,1,1,1,-1,-1,-1,1,1,-1,-1,1,-1,1,-1,-1,1,1,-1,1,-1,-1,1,-1,-1,1,1,1,-1,-1,-1,-1,1,-1,1,1,-1,-1,-1,1,1,1,1,-1,-1,-1,1,-1,-1,-1,-1,1,-1,-1,1,-1,-1,1,1,1,-1,1,1,1,1,-1,1,1,1,-1,-1,1,-1,-1,-1,1,1,-1,-1,-1,-1,1,-1,-1,-1,1,-1,-1,-1,-1,-1,1,-1,1,1,1,-1,1,1,-1,1,-1,-1,1,1,-1,1,1,1,1,-1,1,-1,1,1,-1,-1,-1,1,-1,1,-1,-1,1,-1,-1,-1,-1,1,1,1,-1,-1,1,1,-1,1,1,-1,-1,-1,-1,-1,1,-1,-300.0054714922832,1
967,-1,-1,1,1,-1,1,1,-1,1,1,1,1,1,-1,-1,1,-1,1,-1,1,1,-1,-1,-1,1,1,1,1,1,-1,-1,-1,-1,1,-1,-1,1,1,-1,-1,-1,1,1,1,1,1,-1,-1,-1,1,1,-1,1,1,-1,-1,-1,1,1,-1,1,1,-1,1,1,-1,-1,-1,-1,-1,-1,1,1,1,1,-1,-1,-1,-1,1,-1,1,1,-1,1,-1,-1,1,1,-1,1,-1,-1,-1,-1,-1,1,1,1,-1,-1,-1,-1,1,-1,-1,1,-1,1,1,1,-1,-1,1,-1,-1,1,-1,1,1,-1,-1,1,1,1,1,-1,1,1,1,1,-1,-1,1,-1,-1,1,1,1,-1,1,-1,1,1,-1,-1,1,1,-1,-1,-1,-1,1,1,-1,-1,-1,-1,-1,1,1,-1,-1,-1,1,-1,1,-1,-1,-1,-1,-1,-1,-1,-1,1,-1,-1,-1,-1,1,-1,1,-1,1,1,-1,-1,-1,-1,-1,1,1,-1,1,-1,-1,-1,-1,1,1,-1,-1,-1,-1,1,-1,1,1,-1,1,1,-1,1,-1,1,-300.00251206400605,1
968,1,1,-1,1,1,-1,1,1,-1,1,-1,-1,-1,-1,-1,-1,1,-1,1,-1,-1,-1,-1,-1,-1,-1,1,1,-1,1,1,1,1,-1,-1,1,-1,-1,1,-1,1,1,1,1,-1,1,1,-1,1,1,1,1,1,1,1,-1,-1,-1,1,-1,1,1,-1,1,1,-1,1,-1,-1,-1,-1,1,1,1,1,-1,-1,-1,1,1,-1,-1,1,-1,-1,-1,-1,-1,1,-1,1,-1,-1,-1,-1,-1,1,-1,1,-1,1,-1,-1,1,-1,1,-1,-1,-1,-1,1,1,1,1,-1,-1,1,1,-1,-1,-1,-1,1,-1,-1,1,-1,-1,-1,1,1,1,1,1,-1,1,-1,1,1,1,1,-1,1,-1,-1,-1,1,1,-1,-1,-1,-1,1,-1,-1,1,1,-1,-1,-1,-1,-1,1,-1,1,1,1,-1,1,1,-1,1,-1,-1,1,1,-1,1,1,1,1,-1,1,1,1,1,-1,-1,-1,1,-1,1,-1,-1,1,-1,-1,-1,-1,1,1,1,-1,-1,1,1,-1,1,1,-1,-1,-1,-1,-1,1,-1,-300.0003481351245,1
969,-1,-1,1,-1,-1,1,-1,-1,1,-1,1,1,1,1,1,1,-1,1,-1,1,1,1,1,1,1,1,-1,-1,1,-1,-1,-1,-1,1,1,-1,1,1,-1,1,-1,-1,-1,-1,1,-1,-1,1,-1,-1,-1,-1,-1,-1,-1,1,1,1,-1,1,-1,-1,1,-1,-1,1,-1,1,1,1,1,-1,-1,-1,-1,1,1,1,-1,-1,1,1,-1,1,1,1,1,1,-1,1,-1,1,1,1,1,1,-1,1,-1,1,-1,1,1,-1,1,-1,1,1,1,1,-1,-1,-1,-1,1,1,-1,-1,1,1,1,1,-1,1,1,-1,1,1,1,-1,-1,-1,-1,-1,1,-1,1,-1,-1,-1,-1,1,-1,1,1,1,-1,-1,1,1,1,1,-1,1,1,-1,-1,1,1,1,1,1,-1,1,-1,-1,-1,1,-1,-1,1,-1,1,1,-1,-1,1,-1,-1,-1,-1,1,-1,-1,-1,-1,1,1,1,-1,1,-1,1,1,-1,1,1,1,1,-1,-1,-1,1,1,-1,-1,1,-1,-1,1,1,1,1,1,-1,1,-300.0003481351245,1
970,-1,1,-1,1,1,-1,1,1,-1,1,-1,-1,-1,-1,-1,-1,1,-1,1,-1,-1,-1,-1,-1,-1,-1,1,1,-1,1,1,1,1,-1,-1,1,-1,-1,1,-1,1,1,1,1,-1,1,1,-1,1,1,1,1,1,1,1,-1,-1,-1,1,-1,1,1,-1,1,1,-1,1,1,-1,-1,-1,1,1,1,1,-1,-1,-1,1,1,-1,-1,1,-1,1,-1,-1,1,1,-1,1,-1,-1,1,-1,-1,1,1,1,-1,-1,-1,-1,1,-1,1,1,-1,-1,-1,1,1,1,1,-1,-1,-1,1,-1,-1,-1,-1,1,-1,-1,1,-1,-1,1,1,1,-1,1,1,1,1,-1,1,1,1,1,-1,1,-1,-1,-1,1,1,-1,-1,-1,-1,1,-1,-1,-1,1,-1,-1,-1,-1,-1,1,-1,1,1,1,-1,1,1,-1,1,-1,-1,1,1,-1,1,1,1,1,-1,1,1,1,1,-1,-1,-1,1,-1,1,-1,-1,1,-1,-1,-1,-1,1,1,1,-1,-1,1,1,-1,1,1,-1,-1,-1,-1,-1,1,-1,-299.9993108864241,1
971,-1,1,-1,1,1,-1,1,1,-1,1,-1,-1,-1,-1,-1,-1,1,1,1,-1,-1,-1,-1,-1,-1,-1,1,1,-1,1,1,1,1,-1,-1,1,-1,-1,1,-1,1,1,1,1,-1,1,1,-1,1,1,1,1,1,1,1,-1,-1,-1,1,-1,1,1,-1,1,1,-1,1,1,-1,-1,1,1,1,1,1,-1,-1,-1,1,1,-1,-1,1,-1,1,-1,-1,1,1,-1,1,-1,-1,1,-1,-1,1,1,1,-1,-1,-1,-1,1,-1,1,1,-1,-1,-1,1,1,1,1,-1,-1,-1,1,-1,-1,-1,-1,1,-1,-1,1,-1,-1,1,1,1,-1,1,1,1,1,-1,1,1,1,1,-1,1,-1,-1,-1,1,1,-1,-1,-1,-1,1,-1,-1,-1,1,-1,-1,-1,-1,-1,1,-1,1,1,1,-1,1,-1,-1,1,-1,-1,1,1,-1,1,1,1,1,-1,1,1,1,1,-1,-1,-1,1,-1,1,-1,-1,1,-1,-1,-1,-1,1,1,1,-1,-1,1,1,-1,1,1,-1,-1,-1,-1,-1,1,-1,-299.99459921448306,1
972,1,-1,1,-1,-1,-1,-1,-1,1,-1,1,-1,1,1,1,1,-1,-1,-1,1,-1,1,1,1,1,1,1,-1,1,-1,-1,-1,-1,1,1,1,1,1,1,1,-1,1,-1,-1,1,-1,-1,1,-1,-1,-1,-1,-1,-1,-1,1,1,1,-1,1,-1,-1,1,-1,-1,1,-1,-1,1,1,-1,-1,-1,-1,-1,1,1,1,-1,-1,1,1,-1,1,-1,1,1,-1,-1,1,-1,1,1,-1,1,1,-1,-1,-1,1,1,1,1,-1,1,-1,-1,1,1,1,-1,-1,-1,-1,1,1,1,-1,1,1,1,1,-1,1,1,-1,1,1,-1,-1,-1,1,-1,-1,-1,-1,1,-1,-1,-1,1,1,-1,1,1,1,-1,-1,1,1,1,1,-1,1,1,1,-1,1,1,1,1,1,-1,1,-1,-1,-1,1,-1,-1,1,-1,1,1,-1,-1,1,1,1,1,-1,1,-1,1,-1,-1,-1,1,1,-1,1,-1,1,1,-1,1,1,1,1,-1,-1,1,1,1,1,1,1,-1,-1,1,1,-1,1,-1,1,-1,-299.9917609503602,1
973,1,-1,1,-1,-1,1,-1,-1,1,-1,1,1,1,1,1,1,-1,-1,-1,1,1,1,1,1,1,1,-1,-1,1,-1,-1,-1,-1,1,1,-1,1,1,-1,-1,-1,-1,-1,-1,1,-1,-1,1,-1,-1,-1,-1,-1,-1,-1,1,1,1,-1,1,-1,-1,1,-1,-1,1,-1,1,1,1,1,-1,-1,-1,-1,1,1,1,-1,-1,1,1,-1,1,1,1,1,1,-1,1,-1,1,1,1,1,1,-1,1,-1,1,-1,1,1,-1,1,-1,1,1,1,1,-1,-1,-1,-1,1,1,-1,-1,1,1,1,1,-1,1,1,-1,1,1,1,-1,-1,-1,-1,-1,1,-1,1,-1,-1,1,-1,1,-1,1,1,1,-1,-1,1,1,1,1,-1,1,1,-1,-1,1,1,1,1,1,-1,1,-1,-1,-1,1,-1,-1,1,-1,1,1,-1,-1,1,-1,-1,-1,-1,1,-1,-1,-1,-1,1,1,1,-1,1,-1,1,1,-1,1,1,1,1,-1,-1,-1,1,1,-1,-1,1,-1,-1,1,1,1,1,1,-1,1,-299.98622828420173,1
974,1,1,-1,-1,1,-1,-1,1,-1,-1,-1,-1,-1,1,1,-1,1,-1,1,-1,-1,1,1,1,-1,-1,-1,-1,-1,1,1,1,1,-1,1,1,-1,-1,1,1,1,1,-1,-1,-1,-1,1,1,1,-1,-1,1,-1,-1,1,1,1,-1,-1,1,-1,-1,1,-1,-1,1,1,1,1,1,1,-1,-1,-1,-1,1,1,1,1,-1,1,-1,-1,1,-1,1,1,-1,-1,1,-1,1,1,1,1,1,1,1,-1,-1,-1,1,1,-1,1,1,-1,1,-1,-1,1,1,1,1,1,1,-1,1,-1,-1,1,1,1,-1,-1,1,1,-1,-1,-1,-1,1,1,-1,1,1,-1,-1,-1,1,-1,1,-1,-1,1,1,-1,-1,1,1,1,1,-1,-1,1,1,1,1,1,-1,-1,1,1,1,-1,1,-1,1,1,1,1,1,1,1,1,-1,1,1,1,1,-1,1,-1,1,-1,-1,1,1,1,1,1,-1,-1,1,-1,1,1,1,1,-1,-1,1,1,1,1,1,1,-1,-1,1,-1,-1,1,-1,1,1,-299.984618241378,1
975,1,-1,1,-1,-1,1,-1,-1,1,-1,1,1,1,1,1,1,-1,1,-1,1,1,1,1,1,1,1,1,-1,1,-1,-1,-1,-1,1,1,-1,1,1,-1,-1,-1,-1,-1,-1,1,-1,-1,1,-1,-1,-1,-1,-1,-1,-1,1,1,1,-1,1,-1,-1,1,-1,-1,1,-1,-1,1,1,-1,-1,-1,-1,-1,1,1,1,-1,-1,1,1,-1,1,-1,1,1,-1,-1,1,-1,1,1,-1,1,1,-1,-1,-1,1,1,1,1,-1,1,-1,-1,1,1,1,-1,-1,-1,-1,1,1,1,-1,1,1,1,1,-1,1,1,-1,1,1,-1,-1,-1,1,-1,-1,-1,-1,1,-1,-1,1,-1,1,-1,1,1,1,-1,-1,1,1,1,1,-1,1,1,1,-1,1,1,1,1,1,-1,1,-1,-1,-1,1,-1,-1,1,-1,1,1,-1,-1,1,-1,-1,-1,-1,1,-1,1,-1,-1,1,1,1,-1,1,-1,1,1,-1,1,1,1,1,-1,-1,-1,1,1,-1,-1,1,-1,-1,1,1,1,1,1,-1,-1,-299.98423806782836,1
976,-1,1,-1,1,1,-1,1,1,-1,1,-1,-1,-1,-1,-1,-1,1,-1,1,-1,-1,-1,-1,-1,-1,-1,1,1,-1,1,1,1,1,-1,-1,1,-1,-1,1,-1,1,1,1,1,-1,1,1,-1,1,1,1,1,1,1,1,-1,-1,-1,1,-1,1,1,-1,1,1,-1,1,1,-1,-1,1,1,1,1,1,-1,-1,-1,1,1,-1,-1,1,-1,1,-1,-1,-1,1,-1,1,-1,-1,1,-1,-1,1,1,1,-1,-1,-1,-1,1,-1,1,1,-1,-1,-1,1,1,-1,1,-1,-1,-1,1,-1,-1,-1,-1,1,-1,-1,1,-1,-1,1,1,1,-1,1,1,1,1,-1,1,1,1,1,-1,1,-1,-1,-1,1,1,-1,-1,-1,-1,1,-1,-1,-1,1,-1,-1,-1,-1,-1,1,-1,1,1,1,-1,1,1,-1,1,-1,-1,1,1,-1,1,1,1,1,-1,1,1,1,1,-1,-1,-1,1,-1,1,-1,-1,1,-1,-1,-1,-1,1,1,1,-1,-1,1,1,-1,1,1,-1,-1,-1,-1,-1,1,1,-299.98116478955274,1
977,1,-1,1,-1,-1,1,-1,-1,1,-1,1,1,1,1,1,1,-1,-1,-1,1,1,1,1,1,1,1,1,-1,1,-1,-1,-1,-1,1,1,1,1,1,1,1,-1,1,-1,-1,1,-1,-1,1,-1,-1,-1,-1,-1,-1,-1,1,1,1,-1,1,-1,-1,1,-1,-1,1,-1,1,1,1,1,-1,-1,-1,-1,1,1,1,-1,-1,1,1,-1,1,1,1,1,1,-1,1,-1,1,1,1,1,1,-1,1,-1,1,-1,1,1,-1,1,-1,1,1,1,1,-1,-1,-1,-1,1,1,-1,-1,1,1,1,1,-1,1,1,-1,1,1,1,-1,-1,-1,-1,-1,1,-1,1,-1,-1,-1,-1,1,-1,1,1,1,-1,-1,1,1,1,1,-1,1,1,-1,-1,1,1,1,1,1,-1,1,-1,-1,-1,1,-1,1,1,-1,1,1,-1,-1,1,-1,1,1,-1,1,-1,1,-1,-1,-1,1,1,-1,1,-1,1,1,-1,1,1,1,1,-1,-1,1,1,1,-1,1,1,-1,-1,1,1,-1,1,1,-1,-1,-299.97948965106525,1
978,-1,1,-1,1,1,-1,1,1,-1,1,-1,-1,-1,-1,-1,-1,1,-1,1,-1,-1,-1,-1,-1,-1,-1,1,1,-1,1,1,1,1,-1,-1,1,-1,-1,1,-1,1,1,1,1,-1,1,1,-1,1,1,1,1,1,1,1,-1,-1,-1,1,-1,1,1,-1,1,1,-1,1,1,-1,-1,1,1,1,1,1,-1,-1,-1,1,1,-1,-1,1,-1,1,-1,-1,1,1,-1,1,-1,-1,1,-1,-1,1,1,1,-1,-1,-1,-1,1,-1,1,1,-1,-1,-1,1,1,1,1,-1,-1,1,1,-1,-1,-1,-1,1,-1,-1,1,-1,-1,1,1,1,-1,1,1,1,1,-1,1,1,1,1,-1,1,-1,-1,-1,1,1,-1,-1,-1,-1,1,-1,-1,-1,1,-1,-1,-1,-1,-1,1,-1,1,1,1,-1,1,1,-1,1,-1,-1,1,1,-1,1,1,1,1,-1,1,-1,1,1,-1,-1,-1,1,-1,1,-1,-1,1,-1,-1,-1,-1,1,1,1,-1,-1,1,1,-1,1,1,-1,-1,-1,-1,-1,1,1,-299.9762628422232,1
979,-1,1,-1,1,1,-1,1,1,-1,1,-1,-1,1,-1,-1,1,1,1,-1,1,-1,-1,-1,-1,1,1,-1,1,1,1,-1,-1,1,1,-1,-1,1,1,-1,-1,1,-1,1,-1,-1,1,1,-1,-1,1,1,-1,1,1,1,-1,-1,-1,1,-1,1,1,-1,1,1,-1,-1,-1,-1,-1,-1,1,1,1,1,-1,-1,-1,-1,1,-1,1,1,-1,1,-1,-1,1,1,-1,1,-1,-1,-1,-1,-1,1,1,1,-1,-1,-1,-1,1,-1,-1,1,-1,1,-1,1,-1,-1,1,-1,-1,1,-1,1,1,-1,-1,1,1,1,1,-1,-1,1,1,1,-1,-1,1,-1,-1,-1,1,1,-1,1,-1,1,1,-1,-1,1,1,-1,-1,-1,-1,1,1,-1,-1,-1,-1,-1,-1,-1,-1,1,-1,1,1,1,-1,1,-1,-1,1,-1,-1,1,1,-1,1,1,1,-1,-1,1,1,1,1,1,-1,-1,1,-1,1,-1,-1,1,-1,-1,-1,-1,1,1,-1,-1,-1,1,-1,-1,1,1,-1,-1,1,-1,-1,1,1,-299.9714781138833,1
980,-1,1,-1,1,1,-1,1,1,-1,1,-1,-1,-1,-1,-1,-1,1,1,1,-1,-1,-1,-1,-1,-1,-1,-1,1,-1,1,1,1,1,-1,-1,-1,-1,-1,-1,-1,1,-1,1,1,-1,1,1,-1,1,1,1,1,1,1,1,-1,-1,-1,1,-1,1,1,-1,1,1,-1,1,-1,-1,-1,-1,1,1,1,1,-1,-1,-1,1,1,-1,-1,1,-1,-1,-1,-1,1,1,-1,1,-1,-1,-1,-1,-1,1,-1,1,-1,1,-1,-1,1,-1,1,-1,-1,-1,-1,1,1,1,1,-1,-1,1,1,-1,-1,-1,-1,1,-1,-1,1,-1,-1,-1,1,1,1,1,1,-1,1,-1,1,1,1,1,-1,1,-1,-1,-1,1,1,-1,-1,-1,-1,1,-1,-1,1,1,-1,-1,-1,-1,-1,1,-1,1,1,1,-1,1,-1,-1,1,-1,-1,1,1,-1,1,1,1,1,-1,1,-1,1,1,1,-1,-1,1,-1,1,-1,-1,1,-1,-1,-1,-1,1,1,-1,-1,-1,1,-1,-1,1,1,-1,-1,1,-1,-1,1,-1,-299.97011046931027,1
981,1,-1,1,-1,-1,1,-1,-1,1,-1,1,1,1,1,1,1,-1,-1,-1,1,1,1,1,1,1,1,1,-1,1,-1,-1,-1,-1,1,1,1,1,1,1,1,-1,1,-1,-1,1,-1,-1,1,-1,-1,-1,-1,-1,-1,-1,1,1,1,-1,1,-1,-1,1,-1,-1,1,-1,1,1,1,1,-1,-1,-1,-1,1,1,1,-1,-1,1,1,-1,1,1,1,1,-1,-1,1,-1,1,1,1,1,1,-1,1,-1,1,-1,1,1,-1,1,-1,1,1,1,1,-1,-1,-1,-1,1,1,-1,-1,1,1,1,1,-1,1,1,-1,1,1,1,-1,-1,-1,-1,-1,1,-1,1,-1,-1,-1,-1,1,-1,1,1,1,-1,-1,1,1,1,1,-1,1,1,-1,-1,1,1,1,1,1,-1,1,-1,-1,-1,1,-1,1,1,-1,1,1,-1,-1,1,-1,-1,-1,-1,1,-1,1,-1,-1,-1,1,1,-1,1,-1,1,1,-1,1,1,1,1,-1,-1,1,1,1,-1,1,1,-1,-1,1,1,-1,1,1,-1,1,-299.97011046931027,1
982,-1,-1,-1,1,-1,1,1,-1,1,1,1,1,1,-1,-1,1,-1,1,-1,1,1,-1,-1,-1,1,1,1,1,1,-1,-1,-1,-1,1,-1,-1,1,1,-1,-1,-1,1,1,1,1,1,-1,-1,-1,1,1,-1,1,1,1,-1,-1,-1,1,-1,1,1,-1,1,1,-1,-1,-1,-1,-1,-1,1,1,1,1,-1,-1,-1,1,1,-1,-1,1,-1,-1,-1,-1,-1,1,-1,1,1,-1,-1,1,-1,1,-1,1,-1,1,-1,-1,1,-1,1,-1,-1,1,-1,1,-1,-1,1,-1,-1,1,-1,-1,-1,-1,-1,1,1,1,1,-1,-1,-1,1,1,1,-1,1,-1,-1,-1,1,1,-1,1,-1,1,-1,-1,-1,1,1,-1,1,-1,-1,1,1,-1,-1,-1,-1,-1,1,1,1,-1,-1,1,-1,1,-1,-1,-1,-1,-1,-1,-1,-1,1,-1,-1,-1,1,1,-1,1,-1,1,1,-1,-1,-1,-1,-1,1,1,-1,1,-1,-1,-1,-1,1,1,-1,-1,-1,-1,1,-1,1,1,-1,-1,1,-1,1,-1,1,-299.9665150212486,1
983,1,-1,1,-1,-1,-1,-1,-1,1,-1,1,-1,1,1,1,1,-1,-1,-1,1,-1,1,1,1,1,1,1,-1,1,-1,-1,-1,-1,1,1,1,1,1,1,1,-1,1,-1,-1,1,-1,-1,1,-1,-1,-1,-1,-1,-1,-1,1,1,1,-1,1,-1,-1,1,-1,-1,1,-1,-1,1,1,-1,-1,-1,-1,-1,1,1,1,-1,-1,1,1,-1,1,-1,1,1,-1,-1,1,-1,1,1,-1,1,1,-1,-1,-1,1,1,1,1,-1,1,-1,-1,1,1,1,-1,-1,-1,-1,1,1,1,-1,1,1,1,1,-1,1,1,-1,1,1,-1,-1,-1,1,-1,-1,-1,-1,1,-1,-1,-1,-1,1,-1,1,1,1,-1,-1,1,1,1,1,-1,1,1,1,-1,1,1,1,1,1,-1,1,-1,-1,-1,1,-1,-1,1,-1,1,1,-1,-1,1,1,1,1,-1,1,-1,1,-1,-1,-1,1,1,-1,1,-1,1,1,-1,1,1,1,1,-1,-1,1,1,1,1,1,1,-1,-1,1,1,-1,1,-1,1,1,-299.9618985970771,1
984,1,1,1,-1,1,-1,-1,1,-1,-1,-1,-1,-1,1,1,-1,1,-1,1,-1,-1,1,1,1,-1,-1,-1,-1,-1,1,1,1,1,-1,1,1,-1,-1,1,1,1,1,-1,-1,-1,-1,1,1,1,-1,-1,1,-1,-1,-1,1,1,1,-1,1,-1,-1,1,-1,-1,1,1,1,1,1,1,-1,-1,-1,-1,1,1,1,-1,-1,-1,1,-1,1,1,1,-1,1,-1,1,-1,1,1,1,1,1,-1,1,-1,1,-1,-1,1,-1,1,-1,1,-1,-1,1,-1,1,-1,-1,1,1,-1,1,1,1,1,1,-1,-1,-1,-1,1,1,1,-1,-1,-1,1,-1,1,1,1,-1,-1,1,-1,1,-1,1,1,1,-1,-1,1,1,1,1,-1,-1,1,-1,1,1,1,-1,-1,1,1,1,-1,1,-1,1,1,1,1,1,1,1,1,-1,1,1,1,1,-1,1,-1,1,-1,1,1,1,-1,1,-1,-1,-1,1,-1,1,1,-1,-1,1,-1,1,1,1,-1,1,1,-1,-1,1,1,-1,1,-1,1,-1,-299.96120395584336,1
985,-1,1,-1,1,1,-1,1,1,-1,1,-1,-1,-1,-1,-1,-1,1,1,1,-1,-1,-1,-1,-1,-1,-1,-1,1,-1,1,1,1,1,-1,-1,-1,-1,-1,-1,1,1,-1,1,1,-1,1,1,-1,1,1,1,1,1,1,1,-1,-1,-1,1,-1,1,1,-1,1,1,-1,1,1,-1,-1,1,1,1,1,1,-1,-1,-1,1,1,-1,-1,1,-1,1,-1,-1,1,1,-1,1,-1,-1,1,-1,-1,1,1,1,-1,-1,-1,-1,1,-1,1,1,-1,-1,-1,1,1,1,1,-1,-1,-1,1,-1,-1,-1,-1,1,-1,-1,1,-1,-1,1,1,1,-1,1,1,1,1,-1,1,1,1,1,-1,1,-1,-1,-1,1,1,-1,-1,-1,-1,1,-1,-1,-1,1,-1,-1,-1,-1,-1,1,-1,1,1,1,-1,1,-1,-1,1,-1,-1,1,1,-1,1,1,1,1,-1,1,-1,1,1,1,-1,-1,1,-1,1,-1,-1,1,-1,-1,-1,-1,1,1,-1,-1,-1,1,-1,-1,1,1,-1,-1,1,-1,-1,1,-1,-299.95816356425837,1
986,-1,1,-1,1,1,-1,1,1,-1,1,-1,-1,-1,-1,-1,-1,-1,1,1,-1,-1,-1,-1,-1,-1,-1,1,1,-1,1,1,-1,-1,-1,-1,1,-1,-1,1,1,1,1,1,1,-1,1,1,-1,1,1,1,1,1,1,1,-1,-1,-1,1,-1,1,1,-1,1,1,-1,1,-1,-1,-1,-1,1,1,1,1,-1,-1,-1,1,1,-1,-1,1,-1,-1,-1,-1,-1,1,-1,1,-1,-1,-1,-1,-1,1,-1,1,-1,1,-1,-1,1,-1,1,-1,-1,-1,-1,1,1,1,1,-1,-1,1,1,-1,-1,-1,-1,1,-1,-1,1,-1,-1,-1,1,1,1,1,1,-1,1,-1,1,1,-1,1,-1,1,-1,-1,-1,1,1,-1,-1,-1,-1,1,-1,-1,1,1,-1,-1,-1,-1,-1,1,-1,1,-1,1,-1,1,1,-1,1,-1,-1,1,1,-1,1,1,1,1,-1,1,-1,1,1,-1,-1,-1,1,-1,1,-1,-1,1,-1,-1,-1,-1,1,1,1,-1,-1,1,1,-1,1,1,-1,-1,-1,-1,-1,1,-1,-299.9577054408626,1
987,1,1,-1,-1,1,1,1,1,1,-1,-1,1,-1,1,1,-1,1,1,1,-1,1,-1,1,-1,-1,-1,-1,-1,-1,1,1,1,1,-1,-1,1,-1,-1,-1,1,1,-1,1,1,-1,1,1,-1,1,1,1,1,-1,1,1,-1,-1,-1,1,-1,1,1,-1,1,1,-1,1,1,-1,-1,1,1,1,1,1,-1,-1,-1,1,1,-1,-1,1,-1,1,-1,-1,1,1,-1,1,-1,-1,1,-1,-1,1,1,1,-1,-1,-1,-1,1,-1,1,1,-1,-1,-1,1,1,1,1,-1,-1,-1,1,-1,-1,1,-1,1,-1,-1,1,1,-1,1,1,1,-1,1,1,1,1,-1,1,1,-1,1,1,1,-1,1,1,1,1,-1,-1,-1,-1,1,-1,-1,-1,1,-1,-1,-1,-1,-1,1,-1,1,1,1,-1,1,1,-1,1,-1,-1,1,1,-1,1,1,1,1,-1,1,-1,1,1,1,-1,-1,1,-1,1,1,-1,1,1,-1,-1,-1,1,1,-1,-1,-1,-1,-1,-1,1,1,-1,-1,1,-1,1,-1,1,-299.95696000725167,1
988,-1,1,-1,1,1,-1,1,1,-1,1,-1,-1,1,1,1,1,1,-1,-1,-1,-1,-1,-1,-1,1,1,-1,1,1,1,-1,1,1,1,-1,1,1,-1,1,-1,1,1,1,1,-1,1,1,-1,-1,1,1,-1,1,1,1,-1,-1,-1,1,-1,1,1,-1,1,1,-1,-1,-1,-1,-1,-1,1,1,1,1,-1,-1,-1,1,1,-1,-1,1,-1,-1,-1,-1,-1,1,-1,1,-1,-1,-1,-1,-1,1,-1,1,-1,1,-1,-1,1,-1,1,-1,-1,1,-1,1,-1,1,1,-1,-1,1,-1,-1,-1,-1,-1,1,1,1,1,-1,-1,-1,1,1,1,-1,1,-1,-1,-1,1,1,-1,1,-1,1,-1,-1,-1,1,1,-1,-1,-1,-1,1,-1,-1,1,1,-1,-1,-1,-1,-1,1,-1,1,1,1,-1,1,1,-1,1,-1,-1,1,1,-1,1,1,1,1,-1,1,-1,1,1,-1,-1,-1,1,-1,1,-1,-1,1,1,-1,-1,-1,1,1,1,-1,-1,1,1,-1,-1,1,-1,-1,-1,-1,-1,1,1,-299.95586362109066,3
989,1,-1,1,-1,-1,1,-1,-1,1,-1,1,1,1,1,1,1,-1,-1,-1,1,1,1,1,1,1,1,-1,-1,1,-1,-1,-1,-1,1,1,1,1,1,1,-1,-1,1,-1,-1,1,-1,-1,1,-1,-1,-1,-1,-1,-1,-1,1,1,1,-1,1,-1,-1,1,-1,-1,1,-1,-1,1,1,-1,-1,-1,-1,-1,1,1,1,-1,-1,1,1,-1,1,-1,1,1,-1,-1,1,-1,1,1,-1,1,1,-1,-1,-1,1,1,1,1,-1,1,-1,-1,1,1,1,-1,-1,-1,-1,1,1,1,-1,1,1,1,1,-1,1,1,-1,1,1,-1,-1,-1,1,-1,-1,-1,-1,1,-1,-1,1,-1,1,-1,1,1,1,-1,-1,1,1,1,1,-1,1,1,1,-1,1,1,1,1,1,-1,1,-1,-1,-1,1,-1,1,1,-1,1,1,-1,-1,1,-1,-1,-1,-1,1,-1,-1,-1,-1,-1,1,1,-1,1,-1,1,1,-1,1,1,1,1,-1,-1,1,1,1,-1,1,1,-1,-1,1,1,-1,1,1,-1,1,-299.9517542891927,1
990,1,-1,1,-1,-1,-1,-1,-1,-1,-1,1,-1,1,-1,-1,1,-1,-1,-1,1,-1,1,1,1,1,1,1,-1,1,-1,-1,-1,-1,1,1,-1,1,1,1,1,-1,1,-1,-1,1,-1,-1,1,-1,-1,-1,-1,-1,-1,-1,1,1,1,-1,1,-1,-1,1,-1,-1,1,-1,1,1,1,1,-1,-1,-1,-1,1,1,1,-1,-1,1,1,-1,1,1,1,1,1,-1,1,-1,1,1,1,1,1,-1,1,-1,1,-1,1,1,-1,1,-1,1,1,1,1,-1,-1,-1,-1,1,1,-1,-1,1,1,1,1,-1,1,1,-1,1,1,1,-1,-1,-1,-1,-1,1,-1,1,-1,-1,-1,-1,1,-1,1,1,1,-1,-1,1,1,1,1,-1,1,1,-1,-1,1,1,1,1,1,-1,1,-1,-1,-1,1,-1,-1,1,-1,1,1,-1,-1,1,-1,-1,-1,-1,1,-1,1,-1,-1,-1,1,1,-1,1,-1,-1,1,-1,-1,1,1,1,-1,-1,1,1,1,1,1,1,-1,-1,1,1,-1,1,-1,1,-1,-299.9420613374154,1
991,1,-1,1,-1,-1,1,-1,-1,1,-1,1,1,1,1,1,1,-1,-1,-1,1,1,1,1,1,1,1,-1,-1,1,-1,-1,-1,-1,1,1,-1,1,1,-1,1,-1,-1,-1,-1,1,-1,-1,1,-1,-1,-1,-1,-1,-1,-1,1,1,1,-1,1,-1,-1,1,-1,-1,1,-1,1,1,1,1,-1,-1,-1,-1,1,1,1,-1,-1,1,1,-1,1,1,1,1,-1,-1,1,-1,1,1,1,1,1,-1,1,-1,1,-1,1,1,-1,1,-1,1,1,1,1,-1,-1,-1,-1,1,1,-1,-1,1,1,1,1,-1,1,1,-1,1,1,1,-1,-1,-1,-1,-1,1,-1,1,-1,-1,-1,-1,1,-1,1,1,1,-1,-1,1,1,1,1,-1,1,1,-1,-1,1,1,1,1,1,-1,1,-1,-1,-1,1,-1,-1,1,-1,1,1,-1,-1,1,-1,-1,-1,-1,1,-1,-1,-1,-1,1,1,1,-1,1,-1,1,1,-1,1,1,1,1,-1,-1,-1,1,1,-1,-1,1,-1,-1,1,1,1,1,1,-1,1,-299.9396654114206,1
992,1,-1,1,-1,-1,1,-1,-1,1,-1,1,1,1,1,1,1,-1,-1,-1,1,-1,1,1,1,1,1,1,-1,1,-1,-1,-1,-1,1,1,1,1,1,1,-1,-1,1,-1,-1,1,-1,-1,1,-1,-1,-1,-1,-1,-1,-1,1,1,1,-1,1,-1,-1,1,-1,-1,1,-1,-1,1,1,-1,-1,-1,-1,-1,1,1,1,-1,-1,1,1,-1,1,-1,1,1,-1,-1,1,-1,1,1,-1,1,1,-1,-1,-1,1,1,1,-1,-1,1,-1,-1,1,1,1,-1,-1,-1,-1,1,1,1,-1,1,1,1,1,-1,1,1,-1,1,1,-1,-1,-1,1,-1,-1,-1,-1,1,-1,-1,1,-1,1,-1,1,1,1,-1,-1,1,1,1,1,-1,1,1,1,-1,1,1,1,1,1,-1,1,-1,-1,-1,1,-1,1,1,-1,1,1,-1,-1,1,1,1,1,-1,1,-1,1,-1,-1,-1,1,1,-1,1,-1,1,1,-1,1,1,1,1,-1,-1,1,1,1,-1,1,1,1,-1,1,1,-1,1,1,-1,1,-299.9395764818064,1
993,-1,1,-1,1,1,-1,1,1,-1,1,-1,-1,-1,-1,-1,-1,1,-1,1,-1,-1,-1,-1,-1,-1,-1,1,1,-1,1,1,1,1,-1,-1,-1,-1,-1,1,-1,1,1,1,1,-1,1,1,-1,1,1,1,1,1,1,1,-1,-1,-1,1,-1,1,1,-1,1,1,-1,1,1,-1,-1,1,1,1,1,1,-1,-1,-1,1,1,-1,-1,1,-1,1,-1,-1,1,1,-1,1,-1,-1,1,-1,-1,1,1,1,-1,-1,-1,1,1,-1,1,1,-1,-1,-1,1,1,1,1,-1,-1,-1,1,-1,-1,-1,-1,1,-1,-1,1,-1,-1,1,1,1,-1,1,1,1,1,-1,1,1,1,1,-1,1,-1,-1,-1,1,1,-1,-1,-1,-1,1,-1,-1,-1,1,-1,-1,-1,-1,-1,1,-1,1,1,1,-1,1,-1,-1,1,-1,-1,1,1,-1,1,1,1,1,-1,1,1,1,1,-1,-1,-1,1,-1,1,-1,-1,1,-1,-1,-1,-1,1,1,1,-1,-1,1,1,-1,1,1,-1,-1,-1,-1,-1,1,1,-299.93769347274014,1
994,-1,1,-1,1,1,-1,1,1,-1,1,-1,-1,-1,-1,-1,-1,1,-1,1,-1,-1,-1,-1,-1,-1,-1,1,1,-1,1,1,1,1,-1,-1,1,-1,-1,1,1,1,1,1,1,-1,1,1,-1,1,1,1,1,1,1,1,-1,-1,-1,1,-1,1,1,-1,1,1,-1,1,-1,-1,-1,-1,1,1,1,1,-1,-1,-1,1,1,-1,-1,1,-1,-1,-1,-1,-1,1,-1,1,-1,-1,-1,-1,-1,1,-1,1,-1,1,-1,-1,1,-1,1,-1,-1,-1,-1,1,1,1,1,-1,-1,1,1,-1,-1,-1,-1,1,-1,-1,1,-1,-1,-1,1,1,1,1,1,-1,1,-1,1,1,-1,1,-1,1,-1,-1,-1,1,1,-1,-1,-1,-1,1,-1,-1,1,1,-1,-1,-1,-1,-1,1,-1,1,1,1,-1,1,-1,-1,1,-1,-1,1,1,-1,1,1,1,1,-1,1,1,1,1,-1,-1,-1,1,-1,1,-1,-1,1,-1,-1,-1,-1,1,1,1,-1,-1,1,1,-1,1,1,-1,-1,-1,-1,-1,1,1,-299.9376303544751,2
995,-1,1,-1,1,1,-1,1,1,-1,1,-1,-1,-1,-1,-1,-1,1,-1,1,-1,-1,-1,-1,-1,-1,-1,1,1,-1,1,1,1,1,-1,-1,1,-1,-1,1,-1,1,1,1,1,-1,1,1,-1,1,1,1,1,1,1,1,-1,-1,-1,1,-1,1,1,-1,1,1,-1,1,-1,-1,-1,-1,1,1,1,1,-1,-1,-1,1,1,-1,-1,1,-1,-1,-1,-1,-1,1,-1,1,-1,-1,-1,-1,-1,1,-1,1,-1,1,-1,-1,1,-1,1,-1,-1,-1,-1,1,1,1,1,-1,-1,1,1,-1,-1,-1,-1,1,-1,-1,1,-1,-1,-1,1,1,1,1,1,-1,1,-1,1,1,1,1,-1,1,-1,-1,-1,1,1,-1,-1,-1,-1,1,-1,-1,1,1,-1,-1,-1,-1,-1,1,-1,1,1,1,-1,1,1,-1,1,-1,-1,1,1,-1,1,1,1,1,-1,1,1,1,1,-1,-1,-1,1,-1,1,-1,-1,1,-1,-1,-1,-1,1,1,1,-1,-1,1,1,-1,1,1,-1,1,-1,-1,-1,1,-1,-299.9360433385228,1
996,1,-1,1,-1,-1,1,-1,-1,1,-1,1,1,1,1,1,1,-1,1,-1,1,1,1,1,1,1,1,-1,-1,1,-1,-1,-1,-1,1,1,-1,1,1,-1,1,-1,-1,-1,-1,1,-1,-1,1,-1,-1,-1,-1,-1,-1,-1,1,1,1,-1,1,-1,-1,1,-1,-1,1,-1,-1,1,1,-1,-1,-1,-1,-1,1,1,1,-1,-1,1,1,-1,1,-1,1,1,1,-1,1,-1,1,1,-1,1,1,-1,-1,-1,1,1,1,1,-1,1,-1,-1,1,1,1,-1,-1,1,-1,1,1,1,-1,1,1,1,1,-1,1,1,-1,1,1,-1,-1,-1,1,-1,-1,-1,-1,1,-1,-1,-1,1,1,-1,1,1,1,-1,-1,1,1,1,1,-1,1,1,1,-1,1,1,1,1,1,-1,1,-1,-1,-1,1,-1,-1,1,-1,1,1,-1,-1,1,-1,-1,-1,-1,1,-1,-1,-1,-1,1,1,1,-1,1,-1,1,1,-1,1,1,1,1,-1,-1,-1,1,1,-1,-1,1,-1,-1,1,1,1,1,1,-1,-1,-299.93098158373607,1
997,-1,1,-1,1,1,-1,1,1,-1,1,-1,-1,-1,-1,-1,-1,-1,1,1,-1,-1,-1,-1,-1,-1,-1,1,1,-1,1,1,1,-1,-1,-1,1,-1,-1,1,-1,1,1,1,1,-1,1,1,-1,1,1,1,1,1,1,1,-1,-1,-1,1,-1,1,1,-1,1,1,-1,1,-1,-1,-1,-1,1,1,1,1,-1,-1,-1,1,1,-1,-1,1,-1,-1,-1,-1,1,1,-1,1,-1,-1,-1,-1,-1,1,-1,1,-1,1,-1,-1,1,-1,1,-1,-1,-1,-1,1,1,1,1,-1,-1,1,1,-1,-1,-1,-1,1,-1,-1,1,-1,-1,-1,1,1,1,1,1,-1,1,-1,1,1,1,1,-1,1,-1,-1,-1,1,1,-1,-1,-1,-1,1,-1,-1,1,1,-1,-1,-1,-1,-1,1,-1,1,-1,1,-1,1,1,-1,1,-1,-1,1,1,-1,1,1,1,1,-1,1,-1,1,1,-1,-1,-1,1,-1,1,-1,-1,1,-1,-1,-1,-1,1,1,1,-1,-1,1,1,-1,1,1,-1,-1,-1,-1,-1,1,1,-299.9297815280413,1
998,-1,-1,1,-1,-1,1,-1,-1,1,-1,1,1,1,1,1,1,-1,1,-1,1,1,1,1,1,1,1,-1,-1,1,-1,-1,-1,-1,1,1,-1,1,1,-1,-1,-1,-1,-1,-1,1,-1,-1,1,-1,-1,-1,-1,-1,-1,-1,1,1,1,-1,1,-1,-1,1,-1,-1,1,-1,1,1,1,1,-1,-1,-1,-1,1,1,1,-1,-1,1,1,-1,1,1,1,1,1,-1,1,-1,1,1,1,1,1,-1,1,-1,1,-1,1,1,-1,1,-1,1,1,1,1,-1,-1,-1,-1,1,1,-1,-1,1,1,1,1,-1,1,1,-1,1,1,1,-1,-1,-1,-1,-1,1,-1,1,-1,-1,1,-1,1,-1,1,1,1,-1,-1,1,1,1,1,-1,1,1,-1,-1,1,1,1,1,1,-1,1,-1,-1,-1,1,-1,-1,1,-1,1,1,-1,-1,1,-1,-1,-1,-1,1,-1,-1,-1,-1,1,1,1,-1,1,-1,1,1,-1,1,1,1,1,-1,-1,-1,1,1,-1,-1,1,-1,-1,1,1,1,1,1,-1,-1,-299.9289315048529,1
999,-1,1,-1,1,1,-1,1,1,-1,1,-1,-1,-1,-1,-1,-1,1,-1,1,-1,-1,-1,-1,-1,-1,-1,1,1,-1,1,1,1,1,-1,-1,1,-1,-1,1,-1,1,1,1,1,-1,1,1,-1,1,1,1,1,1,1,1,-1,-1,-1,1,-1,1,1,-1,1,1,-1,1,-1,-1,-1,-1,1,1,1,1,-1,-1,-1,-1,1,-1,1,1,-1,-1,-1,-1,1,1,-1,1,-1,-1,-1,-1,-1,-1,-1,1,1,1,-1,-1,1,-1,-1,1,-1,-1,-1,-1,1,1,-1,-1,-1,1,1,-1,1,-1,-1,-1,-1,-1,-1,-1,-1,1,1,1,-1,1,1,-1,1,-1,1,1,1,1,-1,1,1,-1,-1,1,1,-1,-1,-1,-1,1,-1,-1,-1,1,-1,-1,-1,-1,-1,1,-1,1,1,1,-1,1,1,-1,1,-1,-1,1,1,-1,1,1,1,1,-1,1,1,1,1,-1,-1,-1,1,-1,1,-1,-1,1,-1,-1,-1,-1,1,1,1,-1,-1,1,1,-1,1,1,-1,-1,-1,-1,-1,1,-1,-299.92750896682145,1
1000,-1,1,-1,1,1,-1,1,1,-1,1,-1,-1,-1,-1,-1,-1,1,1,1,-1,1,-1,-1,-1,-1,-1,-1,1,-1,1,1,1,1,-1,-1,-1,-1,-1,-1,-1,1,-1,1,1,-1,1,1,-1,1,1,1,1,1,1,1,-1,-1,-1,1,-1,1,1,-1,1,1,-1,1,-1,-1,-1,-1,1,1,1,1,-1,-1,-1,1,1,-1,-1,1,-1,-1,-1,1,-1,1,-1,1,-1,-1,-1,-1,-1,1,-1,1,-1,1,1,-1,1,-1,1,-1,1,-1,-1,1,1,1,1,-1,-1,1,1,-1,-1,-1,-1,1,-1,-1,1,-1,-1,-1,1,1,1,1,1,-1,1,-1,1,1,1,1,-1,1,-1,-1,-1,1,1,-1,-1,-1,-1,1,-1,-1,1,1,-1,-1,-1,-1,-1,1,-1,1,1,1,-1,1,-1,-1,1,-1,-1,1,1,-1,-1,-1,-1,1,-1,1,-1,1,-1,1,-1,1,1,-1,1,-1,-1,1,-1,-1,1,-1,1,1,-1,-1,-1,1,-1,-1,1,1,-1,-1,1,-1,-1,1,1,-299.9272164897471,2
1001,1,1,-1,1,1,-1,1,1,-1,1,-1,-1,-1,-1,-1,-1,-1,1,1,-1,-1,-1,-1,-1,-1,-1,1,1,-1,1,1,1,-1,-1,-1,1,-1,-1,1,-1,1,1,1,1,-1,1,1,-1,1,1,1,1,1,1,1,-1,-1,-1,1,-1,1,1,-1,1,1,-1,1,1,-1,-1,1,1,1,1,1,-1,-1,-1,1,1,-1,-1,1,-1,1,-1,-1,1,1,-1,1,-1,-1,1,-1,-1,1,1,1,-1,-1,-1,-1,1,-1,1,1,-1,-1,-1,1,1,1,1,-1,-1,-1,1,-1,-1,-1,-1,1,-1,-1,1,-1,-1,1,1,1,-1,1,1,1,1,-1,1,1,1,-1,-1,1,-1,-1,-1,1,1,-1,-1,-1,-1,1,-1,-1,-1,1,-1,-1,-1,-1,-1,1,-1,1,-1,1,-1,1,1,-1,1,-1,-1,1,1,-1,1,1,1,1,-1,1,-1,1,1,-1,-1,-1,1,-1,1,-1,-1,1,-1,-1,-1,-1,1,1,1,-1,-1,1,1,-1,1,1,-1,-1,-1,-1,-1,1,1,-299.9258332756648,2
1002,1,1,1,-1,1,-1,-1,1,-1,-1,-1,-1,-1,1,1,-1,1,-1,1,-1,-1,1,1,1,-1,-1,-1,-1,-1,1,1,1,1,-1,1,1,-1,-1,1,1,1,-1,-1,-1,-1,-1,1,1,1,-1,1,1,-1,1,-1,1,1,1,-1,1,-1,-1,1,-1,-1,1,1,1,1,1,1,-1,-1,-1,-1,1,1,1,-1,-1,1,1,-1,1,1,1,-1,1,-1,1,-1,1,1,1,1,1,-1,1,-1,1,-1,-1,1,-1,1,-1,1,-1,-1,1,-1,1,1,-1,1,1,-1,1,1,1,1,1,-1,-1,-1,-1,1,1,1,-1,-1,-1,1,-1,1,1,1,-1,-1,1,-1,1,-1,1,1,1,-1,-1,1,1,1,1,-1,-1,1,-1,1,1,1,-1,-1,1,1,1,-1,1,-1,1,1,1,1,1,1,1,1,-1,1,1,1,1,-1,1,-1,1,-1,1,1,1,-1,1,-1,-1,-1,1,-1,1,1,-1,1,-1,-1,1,1,1,-1,-1,1,-1,-1,1,1,-1,1,-1,1,-1,-299.9215947518494,1
1003,-1,1,-1,1,1,-1,1,1,-1,1,-1,-1,-1,-1,-1,-1,1,1,1,-1,-1,-1,-1,-1,-1,-1,1,1,-1,1,1,1,1,-1,-1,-1,-1,-1,-1,-1,1,-1,1,1,-1,1,1,-1,1,1,1,1,1,1,1,-1,-1,-1,1,-1,1,1,-1,1,1,-1,1,1,-1,-1,1,1,1,1,1,-1,-1,-1,1,1,-1,-1,1,-1,1,-1,-1,1,1,-1,1,-1,-1,1,-1,-1,1,1,1,-1,-1,-1,-1,1,-1,1,1,-1,-1,-1,1,1,1,1,-1,-1,-1,1,-1,-1,-1,-1,1,-1,-1,1,-1,-1,1,1,1,-1,1,1,1,1,-1,1,1,1,1,-1,1,-1,-1,-1,1,1,-1,-1,-1,-1,1,-1,-1,-1,1,-1,-1,-1,-1,-1,1,-1,1,1,1,-1,1,-1,-1,1,-1,-1,1,1,-1,1,-1,-1,1,-1,1,1,1,1,1,-1,-1,1,-1,1,-1,-1,1,-1,-1,-1,-1,1,1,-1,-1,-1,1,-1,-1,1,1,-1,-1,1,-1,-1,1,1,-299.9145705981665,1
1004,-1,1,-1,1,1,-1,1,1,-1,1,-1,-1,-1,-1,-1,-1,-1,1,1,-1,-1,-1,-1,-1,-1,-1,1,1,-1,1,1,1,1,-1,-1,1,-1,-1,1,-1,1,1,1,1,-1,1,1,-1,1,1,1,1,1,1,1,-1,-1,-1,1,-1,1,1,-1,1,1,-1,1,1,-1,-1,1,1,1,1,1,-1,-1,-1,1,1,-1,-1,1,-1,1,-1,-1,1,1,-1,1,-1,-1,1,-1,-1,1,1,1,-1,-1,-1,-1,1,-1,1,1,-1,-1,-1,1,1,1,1,-1,-1,-1,1,-1,-1,-1,-1,1,-1,-1,1,-1,-1,1,1,1,-1,1,1,1,1,-1,1,1,1,-1,-1,1,-1,-1,-1,1,1,-1,-1,-1,-1,1,-1,-1,-1,1,-1,-1,-1,-1,-1,1,-1,1,-1,1,-1,1,1,-1,1,-1,-1,1,1,-1,1,1,1,1,-1,1,1,1,1,-1,-1,-1,1,-1,1,-1,-1,1,-1,-1,-1,-1,1,1,1,-1,-1,1,1,-1,1,1,-1,-1,-1,-1,-1,1,1,-299.90920520037884,1
1005,-1,1,-1,1,1,-1,1,1,-1,1,-1,-1,-1,-1,-1,-1,1,1,1,-1,-1,-1,-1,-1,-1,-1,-1,1,-1,1,1,1,1,-1,-1,-1,-1,-1,-1,1,1,-1,1,1,-1,1,1,-1,1,1,1,1,1,1,1,-1,-1,-1,1,-1,1,1,-1,1,1,-1,1,1,-1,-1,1,1,1,1,1,-1,-1,-1,1,1,-1,-1,1,-1,1,-1,-1,1,1,-1,1,-1,-1,1,-1,-1,1,1,1,-1,-1,-1,-1,1,-1,1,1,-1,-1,-1,1,1,1,1,-1,-1,-1,1,-1,-1,-1,-1,1,-1,-1,1,-1,-1,1,1,1,-1,1,1,1,1,-1,1,1,1,-1,-1,1,-1,-1,-1,1,1,-1,-1,-1,-1,1,-1,-1,-1,1,-1,-1,-1,-1,-1,1,-1,1,1,1,-1,1,-1,-1,1,-1,-1,1,1,-1,1,1,1,1,-1,1,-1,1,1,1,-1,-1,1,-1,1,-1,-1,1,-1,-1,-1,-1,1,1,-1,-1,-1,1,-1,-1,1,1,-1,-1,1,-1,-1,1,-1,-299.9079803584417,1
1006,-1,1,-1,1,1,-1,1,1,-1,1,-1,-1,-1,-1,-1,-1,1,1,1,-1,-1,-1,-1,-1,-1,-1,-1,1,-1,1,1,1,1,-1,-1,-1,-1,-1,-1,1,1,-1,1,1,-1,1,1,-1,1,1,1,1,1,1,1,-1,-1,-1,1,-1,1,1,-1,1,1,-1,1,-1,-1,-1,-1,1,1,1,1,-1,-1,-1,1,1,-1,-1,1,-1,-1,-1,-1,1,1,-1,1,-1,-1,-1,-1,-1,1,-1,1,-1,1,-1,-1,1,-1,1,-1,-1,-1,-1,1,1,1,1,-1,-1,1,1,-1,-1,-1,-1,1,-1,-1,1,-1,-1,-1,1,1,1,1,1,-1,1,-1,1,1,-1,1,-1,1,-1,-1,-1,1,1,-1,-1,-1,-1,1,-1,-1,1,1,-1,-1,-1,-1,-1,1,-1,1,1,1,-1,1,-1,-1,1,-1,-1,1,1,-1,1,1,1,1,-1,1,-1,1,1,1,-1,-1,1,-1,1,-1,-1,1,-1,-1,-1,-1,1,1,-1,-1,-1,1,-1,-1,1,1,-1,-1,1,-1,-1,1,1,-299.89869383903874,1
1007,-1,1,-1,1,1,-1,1,1,-1,1,-1,-1,-1,-1,-1,-1,1,1,1,-1,-1,-1,-1,-1,-1,-1,-1,1,-1,1,-1,1,1,1,-1,-1,1,1,-1,-1,1,-1,1,1,-1,1,1,-1,-1,1,1,-1,1,1,1,-1,-1,-1,1,-1,1,1,-1,1,1,-1,1,1,-1,-1,1,1,1,1,1,-1,-1,-1,1,1,-1,-1,1,-1,1,-1,-1,1,1,-1,1,-1,-1,1,-1,-1,1,1,1,-1,-1,-1,-1,1,-1,1,1,-1,1,-1,1,-1,1,1,-1,-1,-1,-1,-1,-1,-1,-1,1,-1,1,1,-1,-1,1,1,1,-1,1,1,1,1,-1,1,1,-1,1,-1,1,-1,-1,-1,1,1,-1,-1,-1,-1,1,-1,-1,-1,1,-1,-1,-1,-1,-1,1,-1,1,1,1,-1,1,-1,-1,1,-1,-1,1,1,-1,1,1,1,1,-1,1,-1,1,1,1,-1,-1,1,-1,1,-1,-1,1,-1,-1,-1,-1,1,1,-1,-1,-1,1,-1,-1,1,1,-1,-1,1,-1,-1,1,1,-299.89794463515597,2
1008,1,-1,1,-1,-1,1,-1,-1,1,-1,1,1,1,1,1,1,-1,-1,-1,1,1,1,1,1,1,1,1,-1,1,-1,1,-1,-1,-1,1,1,-1,-1,1,1,-1,1,-1,-1,1,-1,-1,1,1,-1,-1,1,-1,-1,-1,1,1,1,-1,1,-1,-1,1,-1,-1,1,-1,-1,1,1,-1,-1,-1,-1,-1,1,1,1,-1,-1,1,1,-1,1,-1,1,1,-1,-1,1,-1,1,1,-1,1,1,-1,-1,-1,1,1,1,1,-1,1,-1,-1,1,-1,1,-1,1,-1,-1,1,1,1,1,1,1,1,1,-1,1,-1,-1,1,1,-1,-1,-1,1,-1,-1,-1,-1,1,-1,-1,1,-1,1,-1,1,1,1,-1,-1,1,1,1,1,-1,1,1,1,-1,1,1,1,1,1,-1,1,-1,-1,-1,1,-1,1,1,-1,1,1,-1,-1,1,-1,-1,-1,-1,1,-1,1,-1,-1,-1,1,1,-1,1,-1,1,1,-1,1,1,1,1,-1,-1,1,1,1,-1,1,1,-1,-1,1,1,-1,1,1,-1,-1,-299.89794463515597,1
1009,-1,1,-1,1,1,-1,1,1,-1,1,-1,-1,-1,-1,-1,-1,1,-1,1,-1,-1,-1,-1,-1,-1,-1,-1,1,-1,1,1,1,1,-1,-1,1,-1,-1,1,-1,1,1,1,1,-1,1,1,-1,1,1,1,1,1,1,1,-1,-1,-1,1,-1,1,1,-1,1,1,-1,1,-1,-1,-1,-1,1,1,1,1,-1,-1,-1,1,1,-1,-1,1,-1,-1,-1,-1,-1,1,-1,1,-1,-1,-1,-1,-1,1,-1,1,-1,1,-1,-1,1,-1,1,-1,-1,-1,-1,1,1,1,1,-1,-1,1,1,-1,-1,-1,-1,1,-1,-1,1,-1,-1,-1,1,1,1,1,1,-1,1,-1,1,1,1,1,-1,1,-1,-1,-1,1,1,-1,-1,-1,-1,1,-1,-1,1,1,-1,-1,-1,-1,-1,1,-1,1,1,1,-1,1,1,-1,1,-1,-1,1,1,-1,1,1,1,1,-1,1,-1,1,1,-1,-1,-1,1,-1,1,-1,-1,1,-1,-1,-1,-1,1,1,1,-1,-1,1,1,-1,1,1,-1,-1,-1,-1,-1,1,1,-299.8965438154424,1
1010,1,-1,1,-1,-1,1,-1,-1,1,-1,1,1,1,1,1,1,-1,1,-1,1,1,1,1,1,1,1,1,-1,1,-1,-1,-1,-1,1,1,-1,1,1,-1,1,-1,-1,-1,-1,1,-1,-1,1,-1,-1,-1,-1,-1,-1,-1,1,1,1,-1,1,-1,-1,1,-1,-1,1,-1,1,1,1,1,-1,-1,-1,-1,1,1,1,-1,-1,1,1,-1,1,1,1,1,1,-1,1,-1,1,1,1,1,1,-1,1,-1,1,-1,1,1,-1,1,-1,1,1,1,1,-1,-1,-1,-1,1,1,-1,-1,1,1,1,1,-1,1,1,-1,1,1,1,-1,-1,-1,-1,-1,1,-1,1,-1,-1,-1,-1,1,-1,1,1,1,-1,-1,1,1,1,1,-1,1,1,-1,-1,1,1,1,1,1,-1,1,-1,-1,-1,1,-1,-1,1,-1,1,1,-1,-1,1,-1,-1,-1,-1,1,-1,1,-1,-1,1,1,1,-1,1,-1,1,1,-1,1,1,1,1,-1,-1,-1,1,1,-1,-1,1,-1,-1,1,1,1,1,1,-1,-1,-299.8965438154424,3
1011,1,-1,1,-1,-1,1,-1,-1,1,-1,1,1,1,1,1,1,-1,1,-1,1,1,1,1,1,1,1,-1,-1,1,-1,-1,-1,-1,1,1,-1,1,1,-1,-1,-1,-1,-1,-1,1,-1,-1,1,-1,-1,-1,-1,-1,-1,-1,1,1,1,-1,1,-1,-1,1,-1,-1,1,-1,-1,1,1,-1,-1,-1,-1,-1,1,1,1,-1,-1,1,1,-1,1,-1,1,1,-1,-1,1,-1,1,1,-1,1,1,-1,-1,-1,1,1,1,1,-1,1,-1,-1,1,1,1,-1,-1,-1,-1,1,1,1,-1,1,1,1,1,-1,1,1,-1,1,1,-1,-1,-1,1,-1,-1,-1,-1,1,-1,-1,1,-1,1,-1,1,1,1,-1,-1,1,1,1,1,-1,1,1,1,-1,1,1,1,1,1,-1,1,-1,-1,-1,1,-1,-1,1,-1,1,1,-1,-1,1,-1,-1,-1,-1,1,-1,-1,-1,1,1,1,1,-1,1,-1,1,1,-1,1,1,1,1,-1,-1,-1,1,1,-1,-1,1,-1,-1,1,1,1,1,1,-1,1,-299.89627538314454,1
1012,1,1,-1,-1,1,-1,-1,1,-1,-1,-1,-1,-1,1,1,-1,1,-1,1,-1,-1,1,1,1,-1,-1,-1,-1,-1,1,1,1,1,-1,1,-1,-1,-1,-1,1,1,-1,-1,-1,1,-1,1,1,1,-1,-1,1,-1,-1,1,1,1,-1,-1,1,-1,-1,1,-1,-1,1,1,1,1,1,1,-1,-1,-1,-1,1,1,1,1,-1,1,-1,-1,1,-1,1,1,-1,-1,1,-1,1,1,1,1,1,-1,-1,-1,1,1,1,1,-1,1,1,-1,1,-1,-1,-1,1,1,-1,1,1,-1,1,-1,-1,1,1,-1,-1,-1,-1,1,-1,-1,-1,-1,1,1,-1,1,1,-1,-1,-1,1,-1,1,-1,-1,1,1,-1,-1,1,1,1,1,-1,-1,1,1,1,1,1,-1,-1,1,1,1,-1,1,-1,1,1,1,1,1,1,1,1,-1,1,1,1,1,-1,1,-1,1,-1,-1,1,1,1,-1,1,-1,-1,1,-1,1,1,1,1,-1,-1,1,1,1,1,-1,1,-1,-1,1,-1,1,1,-1,-1,-1,-299.896101329652,1
1013,-1,1,-1,1,1,-1,1,1,-1,1,-1,-1,-1,-1,-1,-1,1,-1,1,-1,-1,-1,-1,-1,-1,-1,1,1,-1,1,1,1,1,-1,-1,1,-1,-1,1,-1,1,1,1,1,-1,1,1,-1,1,1,1,1,1,1,1,-1,-1,-1,1,-1,1,1,-1,1,1,-1,1,1,-1,-1,1,1,1,1,1,-1,-1,-1,1,1,-1,-1,1,-1,1,-1,-1,1,1,-1,1,-1,-1,1,-1,-1,1,1,1,-1,-1,-1,1,1,-1,1,1,-1,-1,-1,1,1,1,1,-1,-1,-1,1,-1,-1,-1,-1,1,-1,-1,1,-1,-1,1,1,1,-1,1,1,1,1,-1,1,1,1,-1,-1,1,-1,-1,-1,1,1,-1,-1,-1,-1,1,-1,-1,-1,1,-1,-1,-1,-1,-1,1,-1,1,1,1,-1,1,1,-1,1,-1,-1,1,1,-1,1,1,1,1,-1,1,-1,1,1,-1,-1,-1,1,-1,1,-1,-1,1,-1,-1,-1,-1,1,1,1,-1,-1,1,1,-1,1,1,-1,-1,-1,-1,-1,1,-1,-299.8916014507038,1
1014,1,1,-1,-1,1,1,1,1,1,1,-1,1,1,1,1,-1,1,1,1,-1,1,-1,1,-1,-1,-1,-1,1,-1,1,1,1,1,-1,-1,1,-1,-1,-1,1,1,-1,1,1,-1,1,1,-1,1,1,1,1,-1,1,1,-1,-1,-1,1,-1,1,1,-1,1,1,-1,1,1,-1,-1,1,1,1,1,1,-1,-1,-1,1,1,-1,-1,1,-1,1,-1,-1,1,1,-1,1,-1,-1,1,-1,-1,1,1,1,-1,-1,-1,1,1,-1,1,1,-1,-1,-1,1,1,1,1,-1,-1,-1,1,-1,-1,-1,-1,1,-1,-1,1,-1,-1,1,1,1,-1,1,1,1,1,-1,1,1,-1,1,1,1,-1,1,1,1,1,-1,-1,-1,-1,1,-1,-1,-1,1,-1,-1,-1,-1,-1,1,-1,1,1,1,-1,1,1,-1,1,-1,-1,1,1,-1,1,1,1,1,-1,1,-1,1,1,1,-1,-1,1,-1,1,1,-1,1,1,-1,-1,-1,1,1,-1,-1,-1,-1,-1,-1,1,1,-1,-1,1,-1,1,-1,1,-299.89159224709704,1
1015,-1,1,-1,1,1,-1,1,1,-1,1,-1,-1,-1,-1,-1,-1,1,-1,1,-1,-1,-1,-1,-1,-1,-1,1,1,-1,1,1,1,1,-1,-1,1,-1,-1,1,-1,1,1,1,1,-1,1,1,-1,1,1,1,1,1,1,1,-1,-1,-1,1,-1,1,1,-1,1,1,-1,1,-1,-1,-1,-1,1,1,1,1,-1,-1,-1,1,1,-1,-1,1,-1,-1,-1,-1,1,1,-1,1,-1,-1,-1,-1,-1,1,-1,1,-1,1,-1,-1,1,-1,1,-1,-1,-1,-1,1,1,1,1,-1,-1,1,1,-1,-1,-1,-1,1,-1,-1,1,-1,-1,-1,1,1,1,1,1,-1,1,-1,1,1,1,1,-1,1,-1,-1,-1,1,1,-1,-1,-1,-1,1,-1,-1,1,1,-1,-1,-1,-1,-1,1,-1,1,1,1,-1,1,-1,-1,1,-1,-1,1,1,-1,1,1,1,1,-1,1,1,1,1,-1,-1,-1,1,-1,1,-1,-1,1,-1,-1,-1,-1,1,1,1,-1,-1,1,1,-1,1,1,-1,-1,-1,-1,-1,1,1,-299.891067481694,1
1016,-1,-1,1,1,-1,1,1,-1,1,1,1,1,1,-1,-1,1,-1,1,-1,1,1,-1,-1,-1,1,1,1,1,1,-1,-1,-1,-1,1,-1,1,1,1,1,-1,-1,1,1,1,1,1,-1,-1,-1,1,1,-1,1,1,1,-1,-1,-1,1,-1,1,1,-1,1,1,-1,-1,-1,-1,-1,-1,1,1,1,1,-1,-1,-1,1,1,-1,1,1,-1,-1,-1,1,1,1,-1,1,-1,-1,1,-1,-1,-1,-1,1,1,1,1,-1,1,-1,1,-1,1,1,-1,-1,-1,1,-1,-1,-1,-1,-1,-1,-1,-1,-1,1,1,1,-1,-1,-1,-1,1,1,1,-1,1,-1,-1,-1,1,1,-1,1,-1,1,1,-1,-1,1,1,-1,-1,-1,-1,1,1,-1,1,-1,-1,-1,1,1,-1,-1,-1,1,-1,1,-1,-1,-1,-1,-1,-1,-1,-1,1,-1,-1,-1,-1,1,-1,1,-1,1,-1,-1,-1,1,1,-1,1,1,-1,1,-1,-1,1,-1,1,1,-1,-1,-1,-1,1,-1,1,1,-1,1,-1,-1,1,-1,1,-299.8900360178415,1
1017,-1,1,-1,1,1,-1,1,1,-1,1,-1,-1,-1,-1,-1,-1,1,1,1,-1,-1,-1,-1,-1,1,-1,-1,1,-1,1,-1,1,1,1,-1,-1,1,1,-1,-1,1,-1,1,1,-1,1,1,-1,-1,1,1,-1,1,1,1,-1,-1,-1,1,-1,1,1,-1,1,1,-1,-1,-1,-1,-1,-1,1,1,1,1,-1,-1,-1,1,1,-1,-1,1,-1,-1,-1,-1,-1,1,-1,1,-1,-1,-1,-1,-1,1,-1,1,-1,1,-1,-1,1,-1,1,-1,-1,1,-1,1,-1,-1,1,-1,-1,1,-1,-1,-1,-1,-1,1,1,1,1,-1,-1,-1,1,1,1,1,1,-1,1,-1,1,1,-1,1,-1,1,-1,-1,-1,1,1,-1,-1,-1,-1,1,-1,-1,1,1,-1,-1,-1,-1,-1,1,-1,1,1,1,-1,1,-1,-1,1,-1,-1,1,1,-1,1,1,1,1,-1,1,-1,1,1,1,-1,-1,1,-1,1,-1,-1,1,-1,-1,-1,-1,1,1,-1,-1,-1,1,-1,-1,1,1,-1,-1,1,-1,-1,1,-1,-299.88946568155126,1
1018,-1,1,-1,1,1,-1,1,1,-1,1,-1,-1,-1,-1,-1,-1,1,1,1,-1,-1,-1,-1,-1,1,-1,-1,1,-1,1,-1,1,1,1,-1,-1,1,1,-1,-1,1,-1,1,1,-1,1,1,-1,-1,1,1,-1,1,1,1,-1,-1,-1,1,-1,1,1,-1,1,1,-1,-1,-1,-1,-1,-1,1,1,1,1,-1,-1,-1,1,1,-1,-1,1,-1,-1,-1,-1,-1,1,-1,1,-1,-1,-1,-1,-1,1,-1,1,-1,1,-1,-1,1,-1,1,-1,-1,1,-1,1,-1,1,1,-1,-1,1,-1,-1,-1,-1,-1,1,1,1,1,-1,-1,-1,1,1,1,1,1,-1,1,-1,1,1,-1,1,-1,1,-1,-1,-1,1,1,-1,-1,-1,-1,1,-1,-1,1,1,-1,-1,-1,-1,-1,1,-1,1,1,1,-1,1,-1,-1,1,-1,-1,1,1,-1,1,1,1,1,-1,1,-1,1,1,1,-1,-1,1,-1,1,-1,-1,1,-1,-1,-1,-1,1,1,-1,-1,-1,1,-1,-1,1,1,-1,-1,1,-1,-1,1,-1,-299.88056710366624,1
1019,-1,1,-1,1,1,-1,1,1,-1,1,-1,-1,-1,-1,-1,-1,1,-1,1,-1,-1,-1,-1,-1,-1,-1,1,1,-1,1,1,1,1,-1,-1,1,-1,-1,1,-1,1,1,1,1,-1,1,1,-1,1,1,1,1,1,1,1,-1,-1,-1,1,-1,1,1,-1,1,1,-1,1,-1,-1,-1,-1,1,1,1,1,-1,-1,-1,-1,1,-1,1,1,-1,-1,-1,-1,1,1,-1,1,-1,-1,-1,-1,-1,-1,-1,1,1,1,-1,-1,1,-1,-1,1,-1,-1,-1,1,1,1,-1,-1,-1,1,1,-1,1,-1,-1,-1,-1,-1,-1,-1,-1,1,1,1,1,1,1,-1,1,-1,1,1,1,1,-1,1,1,-1,-1,1,1,-1,-1,-1,-1,1,-1,-1,-1,1,-1,-1,-1,-1,-1,1,-1,1,1,1,-1,1,1,-1,1,-1,-1,1,1,-1,1,1,1,1,-1,1,1,1,1,-1,-1,-1,1,-1,1,-1,-1,1,-1,-1,-1,-1,1,1,1,-1,-1,1,1,-1,1,1,-1,-1,-1,-1,-1,1,1,-299.8804905357673,1
1020,-1,1,-1,1,1,-1,1,1,-1,1,-1,-1,1,-1,-1,1,1,1,-1,1,1,-1,-1,-1,1,1,-1,1,1,1,-1,-1,1,1,-1,-1,1,1,-1,-1,1,-1,1,1,-1,1,1,-1,-1,1,1,-1,1,1,1,-1,-1,-1,1,-1,1,1,-1,1,1,-1,-1,-1,-1,-1,-1,1,1,1,1,-1,-1,-1,1,1,-1,-1,1,-1,-1,-1,-1,1,1,-1,-1,1,-1,-1,1,-1,-1,-1,1,1,1,-1,-1,1,-1,-1,-1,-1,1,-1,-1,-1,1,-1,-1,-1,1,-1,-1,1,-1,-1,-1,1,1,-1,-1,-1,-1,1,1,1,-1,1,-1,-1,-1,1,1,-1,1,-1,1,-1,-1,-1,1,1,-1,1,-1,-1,1,1,-1,-1,-1,-1,-1,-1,-1,1,1,-1,1,1,1,-1,1,-1,-1,1,-1,-1,1,1,-1,1,1,1,1,-1,1,-1,1,1,1,-1,-1,1,-1,1,-1,-1,1,-1,-1,-1,-1,1,1,-1,-1,-1,1,-1,-1,-1,1,-1,-1,1,-1,-1,1,1,-299.87627056510445,1
1021,1,1,1,-1,1,-1,-1,1,-1,-1,-1,-1,-1,1,1,-1,1,-1,1,-1,-1,1,1,1,-1,-1,-1,-1,-1,1,1,1,1,-1,1,1,-1,-1,1,1,1,-1,-1,-1,-1,-1,1,1,1,-1,-1,1,-1,-1,-1,1,1,1,-1,1,-1,-1,1,-1,-1,1,1,1,1,1,1,-1,-1,-1,-1,1,1,1,-1,-1,1,1,-1,1,1,1,-1,1,-1,1,-1,-1,1,1,-1,1,-1,1,-1,1,-1,-1,1,-1,1,-1,1,-1,-1,1,-1,1,1,-1,1,1,-1,1,1,-1,1,1,-1,-1,-1,-1,1,1,1,-1,-1,-1,1,-1,1,1,1,-1,-1,1,-1,1,-1,1,1,1,-1,-1,1,-1,1,1,-1,-1,1,1,1,1,1,-1,-1,-1,1,1,-1,1,-1,1,1,1,1,1,1,1,1,-1,1,1,1,1,-1,1,-1,1,-1,1,1,1,-1,1,-1,-1,-1,1,-1,1,1,-1,1,-1,-1,1,1,1,-1,-1,1,-1,-1,1,1,-1,1,-1,1,-1,-299.87315180004225,1
1022,-1,-1,1,1,-1,1,1,-1,1,1,1,1,1,-1,-1,1,-1,1,-1,1,1,-1,-1,-1,1,1,1,1,1,-1,-1,-1,-1,1,-1,-1,1,1,-1,-1,-1,1,1,1,1,1,-1,-1,-1,1,1,-1,1,1,1,-1,-1,-1,1,-1,1,1,-1,1,1,-1,-1,-1,-1,-1,-1,1,1,1,1,-1,-1,-1,-1,1,-1,1,1,-1,-1,-1,1,1,1,-1,1,-1,-1,-1,-1,-1,-1,-1,1,1,1,1,-1,1,-1,-1,-1,1,1,-1,1,-1,1,-1,-1,-1,1,-1,-1,1,-1,-1,-1,1,1,-1,-1,-1,-1,1,1,1,-1,1,-1,-1,-1,1,1,-1,1,-1,1,1,-1,-1,1,1,-1,-1,-1,-1,1,1,-1,1,-1,-1,-1,1,1,-1,-1,-1,1,-1,1,-1,-1,-1,-1,-1,-1,-1,-1,1,-1,-1,-1,-1,1,-1,1,-1,1,-1,-1,-1,1,-1,-1,1,1,-1,1,-1,-1,1,-1,1,1,-1,-1,-1,-1,1,-1,1,1,-1,1,1,-1,1,-1,1,-299.87148731066793,1
1023,1,-1,1,-1,-1,1,-1,-1,1,-1,1,1,1,1,1,1,-1,-1,-1,1,1,1,1,1,1,1,1,-1,1,-1,1,-1,-1,-1,1,1,-1,-1,1,1,-1,1,-1,-1,1,-1,-1,1,1,-1,-1,1,-1,-1,-1,1,1,1,-1,1,-1,-1,1,-1,-1,1,1,1,1,1,1,-1,-1,-1,-1,1,1,1,-1,-1,1,1,-1,1,1,1,1,1,-1,1,-1,1,1,1,1,1,-1,1,-1,1,-1,1,1,-1,1,-1,1,1,-1,1,-1,1,1,-1,1,1,-1,1,1,1,1,1,-1,1,-1,-1,1,1,1,-1,-1,-1,-1,-1,1,-1,1,-1,-1,1,-1,1,-1,1,1,1,-1,-1,1,1,1,1,-1,1,1,-1,-1,1,1,1,1,1,-1,1,-1,-1,-1,1,-1,1,1,-1,1,1,-1,-1,1,-1,-1,-1,-1,1,-1,1,-1,-1,-1,1,1,-1,1,-1,1,1,-1,1,1,1,1,-1,-1,1,1,1,-1,1,1,-1,-1,1,1,-1,1,1,-1,1,-299.8703340628897,1
1024,-1,1,-1,1,1,-1,1,1,-1,1,-1,-1,-1,-1,-1,-1,1,-1,1,-1,-1,-1,-1,-1,-1,-1,1,1,-1,1,1,1,1,-1,-1,1,-1,-1,1,-1,1,1,1,1,-1,1,1,-1,1,1,1,1,1,1,1,-1,-1,-1,1,-1,1,1,-1,1,1,-1,1,1,-1,-1,1,1,1,1,1,-1,-1,-1,1,1,-1,-1,1,-1,1,-1,1,1,1,-1,1,-1,-1,1,-1,-1,1,1,1,-1,-1,-1,-1,1,-1,1,1,-1,-1,-1,1,1,1,1,-1,-1,-1,1,-1,-1,-1,-1,1,-1,-1,1,-1,-1,1,1,1,-1,1,1,1,1,-1,1,1,1,-1,-1,1,-1,-1,-1,1,1,-1,-1,-1,-1,1,-1,-1,-1,1,-1,-1,-1,-1,-1,1,-1,1,1,1,-1,1,1,-1,1,-1,-1,1,1,-1,1,1,1,1,-1,1,1,1,1,-1,-1,-1,1,-1,1,-1,-1,1,-1,-1,-1,-1,1,1,1,-1,-1,1,1,-1,1,1,-1,-1,-1,-1,-1,1,-1,-299.87008472968034,1
1025,-1,-1,1,1,-1,1,1,-1,1,1,1,1,1,-1,-1,1,-1,1,-1,1,1,-1,-1,-1,1,1,1,1,1,-1,-1,-1,-1,1,-1,-1,1,1,-1,-1,-1,-1,1,1,1,1,-1,-1,-1,1,1,-1,1,1,1,-1,-1,-1,1,-1,1,1,-1,1,1,-1,-1,-1,-1,-1,-1,1,1,1,1,-1,-1,-1,-1,1,1,1,1,-1,-1,-1,1,1,1,-1,1,-1,-1,1,-1,-1,-1,-1,1,1,1,1,-1,1,-1,1,-1,1,1,-1,-1,-1,1,-1,-1,-1,-1,-1,-1,-1,-1,-1,1,1,1,-1,-1,-1,1,1,1,1,-1,1,-1,-1,-1,1,1,-1,1,-1,1,1,-1,-1,1,1,-1,-1,-1,-1,1,1,-1,1,-1,-1,-1,1,1,1,-1,-1,1,-1,1,-1,-1,-1,-1,-1,-1,-1,-1,1,-1,-1,-1,-1,1,-1,1,-1,1,-1,-1,-1,1,-1,1,1,1,-1,1,-1,-1,1,-1,1,1,-1,-1,-1,-1,-1,-1,1,1,-1,1,1,1,1,-1,1,-299.86631673414297,1
1026,-1,1,-1,1,1,-1,1,1,-1,1,-1,-1,-1,-1,-1,-1,1,1,1,-1,-1,-1,-1,-1,-1,-1,-1,1,-1,1,-1,1,1,1,-1,-1,1,1,-1,-1,1,-1,1,1,-1,1,1,-1,-1,1,1,-1,1,1,1,-1,-1,-1,1,-1,1,1,-1,1,1,-1,-1,-1,-1,-1,-1,1,1,1,1,-1,-1,-1,1,1,-1,-1,1,-1,-1,-1,-1,-1,1,-1,1,-1,-1,-1,-1,-1,1,-1,1,-1,1,-1,-1,1,-1,1,-1,-1,1,-1,1,-1,1,1,-1,-1,1,-1,-1,-1,-1,-1,1,-1,1,1,-1,-1,-1,1,1,1,1,1,-1,1,-1,1,1,-1,1,-1,1,-1,-1,-1,1,1,-1,-1,-1,-1,1,-1,-1,1,1,-1,-1,-1,-1,-1,1,-1,1,1,1,-1,1,-1,-1,1,-1,-1,1,1,-1,1,1,1,1,-1,1,-1,1,1,1,-1,-1,1,-1,1,-1,-1,1,-1,-1,-1,-1,1,1,-1,-1,-1,1,-1,-1,1,1,-1,-1,1,-1,-1,1,-1,-299.8614354850047,1
1027,-1,1,-1,1,1,-1,1,1,-1,1,-1,-1,-1,-1,-1,-1,1,1,1,-1,-1,-1,-1,-1,-1,-1,-1,1,-1,1,1,1,1,-1,-1,-1,-1,-1,-1,1,1,-1,1,1,-1,1,1,-1,1,1,1,1,1,1,1,-1,-1,-1,1,-1,1,1,-1,1,1,-1,1,1,-1,-1,1,1,1,1,1,-1,-1,-1,1,1,-1,-1,1,-1,1,-1,-1,1,1,-1,1,-1,-1,1,-1,-1,1,1,1,-1,-1,-1,1,1,-1,1,1,-1,-1,-1,1,1,1,1,-1,-1,-1,1,-1,-1,-1,-1,1,-1,-1,1,-1,-1,1,1,1,-1,1,1,1,1,-1,1,1,1,-1,-1,1,-1,-1,-1,1,1,-1,-1,-1,-1,1,-1,-1,-1,1,-1,-1,-1,-1,-1,1,-1,1,1,1,-1,1,-1,-1,1,-1,-1,1,1,-1,1,1,1,1,-1,1,-1,1,1,1,-1,-1,1,-1,1,-1,-1,1,-1,-1,-1,-1,1,1,-1,-1,-1,1,-1,-1,1,1,-1,-1,1,-1,-1,1,1,-299.86139507867813,1
1028,1,1,-1,1,1,-1,1,1,-1,1,-1,-1,-1,-1,-1,-1,1,1,1,-1,-1,-1,-1,-1,-1,-1,-1,1,-1,1,1,1,1,-1,-1,-1,-1,-1,-1,-1,1,-1,1,1,-1,1,1,-1,1,1,1,1,1,1,1,-1,-1,-1,1,-1,1,1,-1,1,1,-1,1,-1,-1,-1,-1,1,1,1,1,-1,-1,-1,1,1,-1,-1,1,-1,-1,-1,-1,-1,1,-1,1,-1,-1,-1,-1,-1,1,-1,1,-1,1,-1,-1,1,-1,1,-1,-1,-1,-1,1,1,1,1,-1,-1,1,1,-1,-1,-1,-1,1,-1,-1,1,-1,-1,-1,1,1,1,1,1,-1,1,-1,1,1,1,1,-1,1,-1,-1,-1,1,1,-1,-1,-1,-1,1,-1,-1,1,1,-1,-1,-1,-1,-1,1,-1,1,1,1,-1,1,-1,-1,1,-1,-1,1,1,-1,1,1,1,1,-1,1,-1,1,1,1,-1,-1,1,-1,1,-1,-1,1,-1,-1,-1,-1,1,1,-1,-1,-1,1,-1,-1,1,1,-1,-1,1,-1,-1,1,1,-299.8572345400929,1
1029,-1,1,-1,1,1,-1,1,1,-1,1,-1,-1,-1,-1,-1,-1,1,-1,1,-1,-1,-1,-1,-1,-1,-1,1,1,-1,1,1,1,1,-1,-1,1,-1,-1,1,1,1,1,1,1,-1,1,1,-1,1,1,1,1,1,1,1,-1,-1,-1,1,-1,1,1,-1,1,1,-1,1,-1,-1,-1,-1,1,1,1,1,-1,-1,-1,-1,1,-1,1,1,-1,-1,-1,-1,1,1,-1,1,-1,-1,-1,-1,-1,-1,-1,1,1,1,-1,-1,1,-1,-1,1,-1,-1,-1,-1,1,1,-1,-1,-1,1,1,-1,1,-1,-1,-1,-1,-1,-1,-1,-1,1,1,1,-1,1,1,-1,1,-1,1,1,-1,1,-1,1,1,-1,-1,1,1,-1,-1,-1,-1,1,-1,-1,-1,1,-1,-1,-1,-1,-1,1,-1,1,1,1,-1,1,1,-1,1,-1,-1,1,1,-1,1,1,1,1,-1,1,1,1,1,-1,-1,-1,1,-1,1,-1,-1,1,-1,-1,-1,-1,1,1,1,-1,-1,1,1,-1,1,1,-1,-1,-1,-1,-1,1,1,-299.85609233655,1
1030,1,1,-1,-1,1,1,1,1,1,1,-1,1,-1,1,1,-1,1,-1,1,-1,1,-1,1,-1,-1,-1,-1,1,-1,1,1,1,1,-1,-1,1,-1,-1,-1,1,1,-1,1,1,-1,1,1,-1,1,1,1,1,-1,1,1,-1,-1,-1,1,-1,1,1,-1,1,1,-1,1,1,-1,-1,1,1,1,1,1,-1,-1,-1,1,1,-1,-1,1,-1,1,-1,-1,1,1,-1,1,-1,-1,1,-1,-1,1,1,1,-1,-1,-1,-1,1,-1,1,1,-1,-1,-1,1,1,1,1,-1,-1,-1,1,-1,-1,-1,-1,1,-1,-1,1,-1,-1,1,1,1,-1,1,1,1,1,-1,1,1,-1,1,1,1,-1,1,1,1,1,-1,-1,-1,-1,1,-1,-1,-1,1,-1,-1,-1,-1,-1,1,-1,1,1,1,-1,1,1,-1,1,-1,-1,1,1,-1,1,1,1,1,-1,1,-1,1,1,1,-1,-1,1,-1,1,1,-1,1,1,-1,-1,-1,1,1,-1,-1,-1,-1,-1,-1,1,1,-1,-1,1,-1,1,-1,1,-299.8531268437792,1
1031,-1,-1,1,1,-1,-1,1,-1,1,1,1,-1,1,-1,1,1,-1,-1,-1,1,-1,-1,-1,1,1,1,1,1,1,-1,-1,-1,-1,1,-1,1,1,1,1,-1,-1,1,1,-1,-1,1,1,1,-1,1,1,-1,1,1,1,1,1,-1,-1,1,1,1,-1,1,-1,1,1,1,1,-1,1,-1,1,-1,1,-1,1,-1,1,-1,-1,1,-1,-1,-1,1,1,1,-1,-1,-1,1,-1,-1,1,-1,-1,-1,-1,1,1,1,1,-1,1,-1,-1,1,1,-1,-1,-1,1,-1,-1,-1,1,-1,-1,1,-1,-1,-1,1,1,-1,-1,-1,-1,1,1,1,-1,1,-1,-1,-1,1,1,-1,1,-1,1,-1,-1,-1,-1,1,1,1,-1,1,-1,1,1,1,-1,1,1,1,1,1,-1,1,-1,-1,-1,1,-1,-1,1,-1,1,1,-1,-1,1,1,1,1,-1,1,-1,1,-1,-1,-1,-1,1,1,-1,1,1,-1,1,1,1,1,1,-1,1,1,1,-1,1,-1,-1,-1,-1,-1,1,-1,-1,-1,1,1,-299.85223059104294,4
1032,-1,1,-1,1,1,-1,1,1,-1,1,-1,-1,-1,-1,-1,-1,1,-1,1,-1,-1,-1,-1,-1,-1,-1,1,1,-1,1,1,1,1,-1,-1,1,-1,-1,1,-1,1,1,1,1,-1,1,1,-1,1,1,1,1,1,1,1,-1,-1,-1,1,-1,1,1,-1,1,1,-1,1,1,-1,-1,1,1,1,1,1,-1,-1,-1,1,1,-1,-1,1,-1,1,-1,-1,1,1,-1,1,-1,-1,1,-1,-1,1,1,1,-1,-1,-1,-1,1,-1,-1,1,-1,-1,-1,1,1,1,-1,-1,-1,1,1,-1,1,-1,-1,1,-1,-1,1,-1,-1,1,1,1,-1,1,1,1,1,-1,1,1,1,1,-1,1,-1,-1,-1,1,1,-1,-1,-1,-1,1,-1,-1,-1,1,-1,-1,-1,-1,-1,1,-1,1,1,1,-1,1,1,-1,1,-1,-1,1,1,-1,1,1,1,1,-1,1,1,1,1,-1,-1,-1,1,-1,1,-1,-1,1,-1,-1,-1,-1,1,1,1,-1,-1,1,1,-1,1,1,-1,-1,-1,-1,-1,1,1,-299.8482365875034,4
1033,1,-1,1,-1,-1,1,-1,-1,1,-1,1,1,1,1,1,1,-1,1,-1,1,1,1,1,1,1,1,-1,-1,1,-1,-1,-1,-1,1,1,-1,1,1,-1,1,-1,-1,-1,-1,1,-1,-1,1,-1,-1,-1,-1,-1,-1,-1,1,1,1,-1,1,-1,-1,1,-1,-1,1,-1,-1,1,1,-1,-1,-1,-1,-1,1,1,1,-1,-1,1,1,-1,1,-1,1,1,-1,-1,1,-1,1,1,-1,1,1,-1,-1,-1,1,1,1,1,-1,1,1,-1,1,1,1,-1,-1,-1,1,1,1,-1,-1,1,-1,1,1,-1,1,1,-1,1,1,-1,-1,-1,1,-1,-1,-1,-1,1,-1,-1,-1,-1,1,-1,1,1,1,-1,-1,1,1,1,1,-1,1,1,1,-1,1,1,1,1,1,-1,1,-1,-1,-1,1,-1,-1,1,-1,1,1,-1,-1,1,-1,-1,-1,-1,1,-1,-1,-1,-1,1,1,1,-1,1,-1,1,1,-1,1,1,1,1,-1,-1,-1,1,1,-1,-1,1,-1,-1,1,1,1,1,1,-1,-1,-299.8482365875034,1
1034,-1,1,-1,1,1,-1,1,1,-1,1,-1,-1,-1,-1,-1,-1,1,-1,1,-1,-1,-1,-1,-1,-1,-1,1,1,-1,1,1,1,1,-1,-1,1,-1,-1,1,-1,1,1,1,1,-1,1,1,-1,1,1,1,1,1,1,1,-1,-1,-1,1,-1,1,1,-1,1,1,-1,1,1,-1,-1,1,1,1,1,1,-1,-1,-1,1,1,-1,-1,1,-1,1,-1,-1,1,1,-1,1,-1,-1,1,-1,-1,1,1,1,-1,-1,-1,-1,1,-1,1,1,-1,-1,-1,1,1,1,1,-1,-1,1,1,-1,-1,-1,-1,1,-1,-1,1,-1,-1,1,1,1,-1,1,1,1,1,-1,1,1,1,-1,-1,1,-1,-1,-1,1,1,-1,-1,-1,-1,1,-1,-1,-1,1,-1,-1,-1,-1,-1,1,-1,1,1,1,-1,1,1,-1,1,-1,-1,1,1,-1,1,1,1,1,-1,1,1,1,1,-1,-1,-1,1,-1,1,-1,-1,1,-1,-1,-1,-1,1,1,1,-1,-1,1,1,-1,-1,1,-1,-1,-1,-1,-1,1,-1,-299.8470778375662,1
1035,1,1,-1,1,1,-1,1,1,-1,1,-1,-1,-1,-1,-1,-1,1,-1,1,-1,-1,-1,-1,-1,-1,-1,1,1,-1,1,1,1,1,-1,-1,1,-1,-1,1,-1,1,1,1,1,-1,1,1,-1,1,1,1,1,1,1,1,-1,-1,-1,1,-1,1,1,-1,1,1,-1,1,1,-1,-1,1,1,1,1,1,-1,-1,-1,1,1,-1,-1,1,-1,1,-1,-1,1,1,-1,1,-1,-1,1,-1,-1,1,1,1,-1,-1,-1,-1,1,-1,1,1,-1,-1,-1,1,1,1,1,-1,-1,-1,1,-1,-1,-1,-1,1,-1,-1,1,-1,-1,1,1,1,-1,1,1,1,1,-1,1,1,1,-1,-1,1,-1,-1,-1,1,1,-1,-1,-1,-1,1,-1,-1,-1,1,-1,-1,-1,-1,-1,1,-1,1,1,1,-1,1,1,-1,1,-1,-1,1,1,-1,1,1,1,1,-1,1,1,1,1,-1,-1,-1,1,-1,1,-1,-1,1,-1,-1,-1,-1,1,1,1,-1,-1,1,1,-1,-1,1,-1,-1,-1,-1,-1,1,1,-299.8413766361736,1
1036,-1,1,-1,1,1,-1,1,1,-1,1,-1,-1,-1,-1,-1,-1,-1,1,1,-1,-1,-1,-1,-1,-1,-1,1,1,-1,1,1,-1,-1,-1,-1,1,-1,-1,1,1,1,1,1,1,-1,1,1,-1,1,1,1,1,1,1,1,-1,-1,-1,1,-1,1,1,-1,1,1,-1,1,-1,-1,-1,-1,1,1,1,1,-1,-1,-1,1,1,-1,-1,1,-1,-1,-1,-1,1,1,-1,1,-1,-1,-1,-1,-1,1,-1,1,-1,1,-1,-1,1,-1,1,-1,-1,-1,-1,1,1,1,1,-1,-1,1,1,-1,-1,-1,-1,1,-1,-1,1,-1,-1,-1,1,1,1,1,1,-1,1,-1,1,1,-1,1,-1,1,-1,-1,-1,1,1,-1,-1,-1,-1,1,-1,-1,1,1,-1,-1,-1,-1,-1,1,-1,1,-1,1,-1,1,1,-1,1,-1,-1,1,1,-1,1,1,1,1,-1,1,-1,1,1,-1,-1,-1,1,-1,1,-1,-1,1,-1,-1,-1,-1,1,1,1,-1,-1,1,1,-1,1,1,-1,-1,-1,-1,-1,1,1,-299.83972593781,1
1037,1,1,-1,1,1,-1,1,1,-1,1,-1,-1,1,-1,-1,1,-1,1,-1,1,-1,-1,-1,-1,1,1,-1,1,1,1,-1,1,1,1,-1,-1,1,1,-1,-1,1,-1,1,1,-1,1,1,-1,-1,1,1,-1,1,1,1,-1,-1,-1,1,-1,1,1,-1,1,1,-1,-1,-1,-1,-1,-1,1,1,1,1,-1,-1,-1,1,1,-1,-1,1,-1,-1,-1,-1,-1,1,-1,1,-1,-1,-1,-1,-1,1,-1,1,-1,1,-1,-1,1,-1,1,-1,-1,1,-1,1,-1,-1,1,-1,-1,1,-1,-1,-1,-1,-1,1,1,1,1,-1,-1,-1,1,1,1,-1,1,-1,-1,-1,1,1,-1,1,-1,1,-1,-1,-1,1,1,-1,-1,-1,-1,1,1,-1,1,1,-1,-1,-1,-1,-1,1,-1,1,1,1,-1,1,-1,-1,1,-1,-1,1,1,-1,1,1,1,1,-1,1,-1,1,1,1,-1,-1,1,-1,1,-1,-1,1,-1,-1,-1,-1,1,1,-1,-1,-1,1,-1,-1,1,1,-1,-1,1,-1,-1,1,-1,-299.8330607351487,1
1038,1,1,-1,-1,1,-1,-1,1,-1,-1,-1,-1,-1,1,1,-1,1,-1,1,-1,-1,1,1,1,-1,-1,-1,-1,-1,1,1,1,1,-1,1,1,-1,-1,1,1,1,1,-1,-1,1,-1,1,1,1,-1,-1,1,-1,-1,-1,1,1,1,-1,1,-1,-1,1,-1,-1,1,1,1,1,1,1,-1,-1,-1,-1,1,1,1,-1,-1,1,1,-1,1,1,1,1,1,-1,1,-1,1,1,1,1,1,-1,1,-1,1,-1,1,1,-1,1,-1,1,1,-1,1,-1,1,-1,-1,1,1,-1,1,1,1,1,1,-1,-1,-1,-1,1,1,1,-1,-1,-1,1,-1,1,1,1,-1,-1,1,-1,1,-1,1,1,1,-1,-1,1,1,1,1,-1,-1,1,-1,1,1,1,-1,-1,1,1,1,-1,1,-1,1,1,1,1,1,1,1,1,-1,1,1,1,1,-1,1,-1,1,-1,-1,-1,1,1,-1,1,-1,-1,1,-1,1,1,1,1,-1,-1,1,1,1,1,1,1,-1,-1,1,1,-1,1,-1,-1,-1,-299.82591876185825,1
1039,-1,1,-1,1,1,-1,1,1,-1,1,-1,-1,-1,-1,-1,-1,1,-1,1,-1,-1,-1,-1,-1,-1,-1,1,1,-1,1,1,1,1,-1,-1,1,-1,-1,1,-1,1,1,1,1,-1,1,1,-1,1,1,1,1,1,1,1,-1,-1,-1,1,-1,1,1,-1,1,1,-1,1,-1,-1,-1,-1,1,1,1,1,-1,-1,-1,1,1,-1,-1,1,-1,-1,-1,-1,1,1,-1,1,-1,-1,-1,-1,-1,1,-1,1,-1,1,-1,-1,1,-1,1,-1,-1,-1,-1,1,1,1,1,-1,-1,1,1,-1,-1,-1,-1,1,-1,-1,1,-1,-1,-1,1,1,1,1,1,-1,1,-1,1,1,1,1,-1,1,-1,-1,-1,1,1,-1,-1,-1,-1,1,-1,-1,1,1,-1,-1,-1,-1,-1,1,-1,1,1,1,-1,1,1,-1,1,-1,-1,1,1,-1,1,1,1,1,-1,1,1,1,1,-1,-1,-1,1,-1,1,-1,-1,1,-1,-1,-1,-1,1,1,1,-1,-1,1,1,-1,1,1,-1,1,-1,-1,-1,1,1,-299.8180638354702,1
1040,-1,1,-1,1,1,-1,1,1,-1,1,-1,-1,-1,-1,-1,-1,1,-1,1,-1,-1,-1,-1,-1,-1,-1,-1,1,-1,1,1,1,-1,-1,-1,1,-1,-1,1,-1,1,1,1,1,-1,1,1,-1,1,1,1,1,1,1,1,-1,-1,-1,1,-1,1,1,-1,1,1,-1,1,1,-1,-1,1,1,1,1,1,-1,-1,-1,1,1,-1,-1,1,-1,1,-1,-1,1,1,-1,1,-1,-1,1,-1,-1,1,1,1,-1,-1,-1,-1,1,-1,1,1,-1,-1,-1,1,1,1,1,-1,-1,-1,1,-1,-1,-1,-1,1,-1,-1,1,-1,-1,1,1,1,-1,1,1,1,1,-1,1,1,1,1,-1,1,-1,-1,-1,1,1,-1,-1,-1,-1,1,-1,-1,-1,1,-1,-1,-1,-1,-1,1,-1,1,1,1,-1,1,1,-1,1,-1,-1,1,1,-1,1,1,1,1,-1,1,-1,1,1,-1,-1,-1,1,-1,1,-1,-1,1,-1,-1,-1,-1,1,1,1,-1,-1,1,1,-1,1,1,-1,-1,-1,-1,-1,1,1,-299.81749359226234,1
1041,-1,1,-1,1,1,-1,1,1,-1,1,-1,-1,-1,-1,-1,-1,1,1,1,-1,-1,-1,-1,-1,-1,-1,-1,1,-1,1,1,1,1,-1,-1,-1,-1,-1,-1,-1,1,-1,1,1,-1,1,1,-1,1,1,1,1,1,1,1,-1,-1,-1,1,-1,1,1,-1,1,1,-1,1,-1,-1,-1,-1,1,1,1,1,-1,-1,-1,1,1,-1,-1,1,-1,-1,-1,-1,-1,1,-1,1,-1,-1,-1,-1,-1,1,-1,1,-1,1,-1,-1,1,-1,1,-1,-1,-1,-1,1,1,1,1,-1,-1,1,1,-1,-1,-1,-1,1,-1,-1,1,-1,-1,-1,1,1,1,1,1,-1,1,-1,1,1,1,1,-1,1,-1,-1,-1,1,1,-1,-1,-1,-1,1,-1,-1,1,1,-1,-1,-1,-1,-1,1,-1,1,1,1,-1,1,1,-1,1,-1,-1,1,1,-1,1,1,1,1,-1,1,-1,1,1,1,-1,-1,1,-1,1,-1,-1,1,-1,-1,-1,-1,1,1,-1,-1,-1,1,-1,-1,1,1,-1,-1,1,-1,-1,1,-1,-299.81641311777526,1
1042,1,1,-1,-1,1,-1,-1,1,-1,-1,-1,-1,-1,1,1,-1,1,-1,1,-1,-1,1,1,1,-1,-1,-1,-1,-1,1,1,1,1,-1,1,1,-1,-1,1,1,1,1,-1,-1,-1,-1,1,1,1,-1,1,1,-1,1,-1,1,1,1,-1,1,-1,-1,1,-1,-1,1,1,1,1,1,1,-1,-1,-1,-1,1,1,1,-1,-1,1,1,-1,1,1,1,-1,-1,-1,1,-1,1,1,1,1,1,-1,1,-1,1,-1,-1,1,-1,1,-1,1,-1,-1,1,-1,1,-1,-1,1,1,-1,1,1,1,1,1,-1,-1,-1,-1,1,1,1,-1,-1,-1,1,-1,1,1,1,-1,-1,1,-1,1,-1,1,1,1,-1,-1,1,1,1,1,-1,-1,1,-1,1,1,1,-1,-1,-1,1,1,-1,1,-1,1,1,1,1,1,1,1,1,-1,1,1,1,1,-1,1,-1,1,-1,1,-1,1,-1,1,-1,-1,-1,-1,-1,1,1,-1,1,-1,-1,1,1,1,1,-1,1,-1,-1,1,-1,-1,1,-1,1,-1,-299.80845392112184,1
1043,-1,1,-1,1,1,-1,1,1,-1,1,-1,-1,-1,-1,-1,-1,1,-1,1,-1,-1,-1,-1,-1,-1,-1,1,1,-1,1,1,1,1,-1,-1,1,-1,-1,1,-1,1,1,1,1,-1,1,1,-1,1,1,1,1,1,1,1,-1,-1,-1,1,-1,1,1,-1,1,1,-1,1,1,-1,-1,1,1,1,1,1,-1,-1,-1,1,1,-1,-1,1,-1,1,-1,-1,1,1,-1,1,-1,-1,1,-1,-1,1,1,1,-1,-1,-1,-1,1,-1,-1,1,-1,-1,-1,1,1,1,-1,-1,-1,1,1,-1,1,-1,-1,1,-1,-1,1,-1,-1,1,1,1,-1,1,1,1,1,-1,1,1,1,-1,-1,1,-1,-1,-1,1,1,-1,-1,-1,-1,1,-1,-1,-1,1,-1,-1,-1,-1,-1,1,-1,1,1,1,-1,1,1,-1,1,-1,-1,1,1,-1,1,1,1,1,-1,1,1,1,1,-1,-1,-1,1,-1,1,-1,-1,1,-1,-1,-1,-1,1,1,1,-1,-1,1,1,-1,1,1,-1,-1,-1,-1,-1,1,1,-299.7980533816868,2
1044,-1,1,-1,1,1,-1,1,1,-1,1,-1,-1,-1,-1,-1,-1,1,1,1,-1,1,-1,-1,-1,-1,-1,-1,1,-1,1,1,1,1,-1,-1,-1,-1,-1,-1,-1,1,-1,1,1,-1,1,1,-1,1,1,1,1,1,1,1,-1,-1,-1,1,-1,1,1,-1,1,1,-1,1,-1,-1,-1,-1,1,1,1,1,-1,-1,-1,1,1,-1,-1,1,-1,-1,-1,-1,-1,1,-1,1,-1,-1,-1,-1,-1,1,-1,1,-1,1,-1,-1,1,-1,1,-1,-1,-1,-1,1,1,1,1,-1,-1,1,1,-1,-1,-1,-1,1,-1,-1,1,-1,-1,-1,1,1,1,1,1,-1,1,-1,1,1,1,1,-1,1,-1,-1,-1,1,1,-1,-1,-1,-1,1,-1,-1,1,1,-1,-1,-1,-1,-1,1,-1,1,1,1,-1,1,1,-1,1,-1,-1,1,1,-1,-1,-1,-1,1,-1,1,-1,1,1,1,-1,-1,1,-1,1,-1,-1,1,-1,-1,-1,-1,1,1,-1,-1,-1,1,-1,-1,1,1,-1,-1,1,-1,-1,1,-1,-299.7979810888241,1
1045,1,1,-1,-1,1,1,-1,1,-1,-1,-1,1,-1,1,-1,-1,1,1,1,-1,1,1,1,-1,-1,-1,-1,-1,-1,1,1,1,1,-1,1,-1,-1,-1,-1,1,1,-1,-1,1,1,-1,-1,-1,1,-1,-1,1,-1,-1,-1,-1,-1,1,1,-1,-1,-1,1,-1,1,-1,-1,-1,-1,1,-1,1,-1,1,-1,1,-1,1,-1,1,1,-1,1,1,1,-1,-1,-1,1,1,1,-1,1,1,-1,1,1,1,1,-1,-1,-1,-1,1,-1,1,1,-1,-1,1,1,1,-1,1,1,1,-1,1,1,-1,1,1,1,-1,-1,1,1,1,1,-1,-1,-1,1,-1,1,1,1,-1,-1,1,-1,1,-1,1,1,1,1,-1,-1,-1,1,-1,1,-1,-1,-1,1,-1,-1,-1,-1,-1,1,-1,1,1,1,-1,1,1,-1,1,-1,-1,1,1,-1,-1,-1,-1,1,-1,1,-1,1,1,1,1,-1,-1,1,-1,-1,1,-1,-1,-1,-1,-1,1,1,-1,-1,1,-1,1,1,1,1,1,-1,1,1,1,-1,-1,-299.7974083220759,1
1046,-1,1,-1,1,1,-1,1,1,-1,1,-1,-1,-1,-1,-1,-1,1,-1,1,-1,-1,-1,-1,-1,-1,-1,1,1,-1,1,1,1,1,-1,-1,1,-1,-1,1,-1,1,1,1,1,-1,1,1,-1,1,1,1,1,1,1,1,-1,-1,-1,1,-1,1,1,-1,1,1,-1,1,1,-1,-1,-1,1,1,1,1,-1,-1,-1,1,1,-1,-1,1,-1,-1,-1,-1,1,1,-1,1,-1,-1,-1,-1,-1,1,-1,1,-1,1,-1,-1,1,-1,1,-1,-1,-1,-1,1,1,1,1,-1,-1,1,1,-1,-1,-1,-1,1,-1,-1,1,-1,-1,-1,1,1,1,1,1,-1,1,-1,1,1,1,1,-1,1,-1,-1,-1,1,1,-1,-1,-1,-1,1,-1,-1,1,1,-1,-1,-1,-1,-1,1,-1,1,1,1,-1,1,1,-1,1,-1,-1,1,1,-1,1,1,1,1,-1,1,1,1,1,-1,-1,-1,1,-1,1,-1,-1,1,-1,-1,-1,-1,1,1,1,-1,-1,1,1,-1,1,1,-1,-1,-1,-1,-1,1,1,-299.7972132828178,2
1047,1,-1,1,-1,-1,-1,-1,-1,1,-1,1,-1,1,1,1,1,-1,-1,-1,1,-1,1,1,1,1,1,1,-1,1,-1,-1,-1,-1,1,1,1,1,1,1,-1,-1,1,-1,-1,1,-1,-1,1,-1,-1,-1,-1,-1,-1,-1,1,1,1,-1,1,-1,-1,1,-1,-1,1,-1,1,1,1,1,-1,-1,-1,-1,1,1,1,-1,-1,1,1,-1,1,1,1,1,1,-1,1,-1,1,1,1,1,1,-1,1,-1,1,-1,1,1,-1,1,-1,1,1,1,1,-1,-1,-1,-1,1,1,-1,-1,1,1,1,1,-1,1,1,-1,1,1,1,-1,-1,-1,-1,-1,1,-1,1,-1,-1,1,-1,1,-1,1,1,1,-1,-1,1,1,1,1,-1,1,1,-1,-1,1,1,1,1,1,-1,1,-1,-1,-1,1,-1,1,1,-1,1,1,-1,-1,1,1,1,1,-1,1,-1,1,-1,-1,-1,1,1,-1,1,-1,1,1,-1,1,1,1,1,-1,-1,1,1,1,1,1,1,-1,-1,1,1,-1,1,-1,1,1,-299.7900008019192,1
1048,-1,1,-1,1,1,-1,1,1,-1,1,-1,-1,-1,-1,-1,-1,1,1,1,-1,-1,-1,-1,-1,-1,-1,-1,1,-1,1,1,1,1,-1,-1,-1,-1,-1,-1,-1,1,-1,1,1,-1,1,1,-1,1,1,1,1,1,1,1,-1,-1,-1,1,-1,1,1,-1,1,1,-1,1,-1,-1,-1,-1,1,1,1,1,-1,-1,-1,-1,1,-1,1,1,-1,-1,-1,-1,1,1,-1,1,-1,-1,-1,-1,-1,-1,-1,1,1,1,-1,-1,1,-1,-1,1,-1,-1,-1,-1,1,1,-1,-1,-1,1,1,-1,1,-1,-1,-1,-1,-1,-1,-1,-1,1,1,1,-1,1,1,-1,1,-1,1,1,1,1,-1,1,1,-1,-1,1,1,-1,-1,-1,-1,1,-1,-1,-1,1,-1,-1,-1,-1,-1,1,-1,1,1,1,-1,1,-1,-1,1,-1,-1,1,1,-1,1,1,1,1,-1,1,-1,1,1,1,-1,-1,1,-1,1,-1,-1,1,-1,-1,-1,-1,1,1,-1,-1,-1,1,-1,-1,1,1,-1,-1,1,-1,-1,1,1,-299.78439537178986,1
1049,1,1,-1,1,1,-1,1,1,-1,1,-1,-1,-1,-1,-1,-1,1,-1,1,-1,-1,-1,-1,-1,-1,-1,1,1,-1,1,1,1,1,-1,-1,1,-1,-1,1,-1,1,1,1,1,-1,1,1,-1,1,1,1,1,1,1,1,-1,-1,-1,1,-1,1,1,-1,1,1,-1,1,1,-1,-1,-1,1,1,1,1,-1,-1,-1,1,1,-1,-1,1,-1,1,-1,-1,1,1,-1,1,-1,-1,1,-1,-1,1,1,1,-1,-1,-1,-1,1,-1,1,1,-1,-1,-1,1,1,1,1,-1,-1,-1,1,-1,-1,-1,-1,1,-1,-1,1,-1,-1,1,1,1,-1,1,1,1,1,-1,1,1,1,-1,-1,1,-1,-1,-1,1,1,-1,-1,-1,-1,1,-1,-1,-1,1,-1,-1,-1,-1,-1,1,-1,1,1,1,-1,1,1,-1,1,-1,-1,1,1,-1,1,1,1,1,-1,1,1,1,1,-1,-1,-1,1,-1,1,-1,-1,1,-1,-1,-1,-1,1,1,1,-1,-1,1,1,-1,1,1,-1,-1,-1,-1,-1,1,-1,-299.7839669990138,1
1050,-1,1,-1,1,1,-1,1,1,-1,1,-1,-1,-1,-1,-1,-1,-1,1,1,-1,-1,-1,-1,-1,-1,-1,1,1,-1,1,1,1,-1,-1,-1,1,-1,-1,1,-1,1,1,1,1,-1,1,1,-1,1,1,1,1,1,1,1,-1,-1,-1,1,-1,1,1,-1,1,1,-1,1,1,-1,-1,1,1,1,1,1,-1,-1,-1,1,1,-1,-1,1,-1,1,-1,-1,1,1,-1,1,-1,-1,1,-1,-1,1,1,1,-1,-1,-1,1,1,-1,1,1,-1,-1,-1,1,1,1,1,-1,-1,-1,1,-1,-1,-1,-1,1,-1,-1,1,-1,-1,1,1,1,-1,1,1,1,1,-1,1,1,1,1,-1,1,-1,-1,-1,1,1,-1,-1,-1,-1,1,-1,-1,-1,1,-1,-1,-1,-1,-1,1,-1,1,-1,1,-1,1,1,-1,1,-1,-1,1,-1,-1,1,1,1,1,-1,1,-1,1,1,-1,-1,-1,1,-1,1,-1,-1,1,-1,-1,-1,-1,1,1,1,-1,-1,1,1,-1,1,1,-1,-1,-1,-1,-1,1,1,-299.7797585506368,1
1051,-1,1,-1,1,1,-1,1,1,-1,1,-1,-1,1,1,1,1,1,-1,-1,-1,-1,-1,-1,-1,1,1,-1,1,1,1,-1,1,1,1,-1,1,1,-1,1,-1,1,1,1,1,-1,1,1,-1,-1,1,1,-1,1,1,1,-1,-1,-1,1,-1,1,1,-1,1,1,-1,1,1,-1,-1,1,1,1,1,1,-1,-1,-1,1,1,-1,-1,1,-1,1,-1,-1,1,1,-1,1,-1,-1,1,-1,-1,1,1,1,-1,-1,-1,-1,1,-1,1,1,-1,1,-1,1,-1,1,1,-1,-1,-1,-1,-1,-1,-1,-1,1,1,1,1,-1,-1,1,1,1,-1,-1,1,1,-1,-1,1,1,-1,1,-1,1,-1,-1,-1,1,1,-1,-1,-1,-1,1,-1,-1,-1,1,-1,-1,-1,-1,-1,1,-1,1,1,1,-1,1,1,-1,1,-1,-1,1,1,-1,1,1,1,1,-1,1,-1,1,1,-1,-1,-1,1,-1,1,-1,-1,1,1,-1,-1,-1,1,1,1,-1,-1,1,1,-1,-1,1,-1,-1,-1,-1,-1,1,1,-299.7793256344253,1
1052,1,1,-1,-1,1,-1,-1,1,-1,-1,-1,-1,-1,1,1,-1,1,-1,1,-1,-1,1,1,1,-1,-1,-1,-1,-1,1,1,1,1,-1,1,1,-1,-1,1,1,1,1,-1,-1,-1,-1,1,1,1,-1,-1,1,-1,-1,-1,1,1,1,-1,1,-1,-1,1,-1,-1,1,1,1,1,1,1,-1,-1,-1,-1,1,1,1,1,-1,1,-1,-1,1,1,1,1,-1,-1,1,-1,1,1,1,-1,1,1,1,-1,-1,-1,1,1,-1,1,1,-1,1,-1,1,1,1,-1,1,1,1,-1,1,1,-1,1,1,1,-1,-1,1,1,1,-1,-1,-1,-1,1,-1,1,1,1,-1,-1,1,-1,1,-1,-1,1,1,-1,-1,1,-1,1,1,-1,-1,1,1,1,1,1,-1,-1,-1,1,1,-1,1,-1,1,1,1,1,1,1,1,1,-1,1,1,1,1,-1,1,-1,1,-1,-1,1,1,1,1,1,-1,-1,1,-1,1,1,1,1,-1,-1,1,1,1,1,1,1,-1,-1,1,-1,-1,1,-1,1,1,-299.77443227280577,1
1053,1,1,-1,-1,1,-1,-1,1,-1,-1,-1,-1,-1,1,1,-1,1,-1,1,-1,-1,1,1,1,-1,-1,-1,-1,-1,1,1,1,1,-1,1,-1,-1,-1,-1,1,1,-1,-1,-1,-1,-1,1,1,1,-1,-1,1,-1,-1,1,1,1,-1,-1,1,-1,-1,1,-1,-1,1,1,1,1,1,1,-1,-1,-1,-1,1,1,1,1,-1,1,-1,-1,1,-1,1,1,-1,-1,1,-1,1,1,1,1,1,-1,-1,-1,1,1,1,1,-1,1,1,-1,1,-1,-1,-1,1,1,-1,1,1,-1,1,-1,-1,1,1,-1,-1,-1,-1,1,-1,-1,-1,-1,1,1,-1,1,1,-1,-1,-1,1,-1,1,-1,-1,1,1,-1,-1,1,1,1,1,-1,-1,1,1,1,1,1,-1,-1,1,1,1,-1,1,-1,1,1,1,1,1,1,1,1,-1,1,1,1,1,-1,1,-1,1,-1,-1,1,1,1,-1,1,-1,-1,1,-1,1,1,1,1,-1,-1,1,1,1,1,-1,1,-1,-1,1,-1,1,1,-1,1,-1,-299.7713222163872,1
1054,-1,1,-1,1,1,-1,1,1,-1,1,-1,-1,-1,-1,-1,-1,1,-1,1,-1,-1,-1,-1,-1,-1,-1,1,1,-1,1,1,1,1,-1,-1,1,-1,-1,1,-1,1,1,1,1,-1,1,1,-1,1,1,1,1,1,1,1,-1,-1,-1,1,-1,1,1,-1,1,1,-1,1,-1,-1,-1,-1,1,1,1,1,-1,-1,-1,-1,1,-1,1,1,-1,-1,-1,-1,1,1,-1,1,-1,-1,-1,-1,-1,-1,-1,1,1,1,-1,-1,1,-1,-1,1,-1,-1,-1,-1,1,1,-1,-1,-1,1,1,-1,1,-1,-1,-1,-1,-1,-1,-1,-1,1,1,1,1,1,1,-1,1,-1,1,1,1,1,-1,1,1,-1,-1,1,1,-1,-1,-1,-1,1,-1,-1,-1,1,-1,-1,-1,-1,-1,1,-1,1,1,1,-1,1,1,-1,1,-1,-1,1,1,-1,1,1,1,1,-1,1,1,1,1,-1,-1,-1,1,-1,1,-1,-1,1,-1,-1,-1,-1,1,1,1,-1,-1,1,1,-1,1,1,-1,-1,-1,-1,-1,1,-1,-299.7708204394534,1
1055,-1,1,-1,1,1,-1,1,1,-1,1,-1,-1,-1,-1,-1,-1,1,-1,1,-1,-1,-1,-1,-1,-1,-1,1,1,-1,1,1,1,1,-1,-1,1,-1,-1,1,-1,1,1,1,1,-1,1,1,-1,1,1,1,1,1,1,1,-1,-1,-1,1,-1,1,1,-1,1,1,-1,1,1,-1,-1,1,1,1,1,1,-1,-1,-1,1,1,-1,-1,1,-1,1,-1,-1,-1,1,-1,1,-1,-1,1,-1,-1,1,1,1,-1,-1,-1,-1,1,-1,1,1,-1,-1,-1,1,1,-1,1,-1,-1,-1,1,-1,-1,-1,-1,1,-1,-1,1,-1,-1,1,1,1,-1,1,1,1,1,-1,1,1,1,1,-1,1,-1,-1,-1,1,1,-1,-1,-1,-1,1,-1,-1,-1,1,-1,-1,-1,-1,-1,1,-1,1,1,1,-1,1,1,-1,1,-1,-1,1,1,-1,1,1,1,1,-1,1,1,1,1,-1,-1,-1,1,-1,1,-1,-1,1,-1,-1,-1,-1,1,1,1,-1,-1,1,1,-1,1,1,-1,-1,-1,-1,-1,1,-1,-299.76811765273607,1
1056,-1,1,-1,1,1,-1,1,1,-1,1,-1,-1,1,-1,-1,1,1,1,-1,1,1,-1,-1,-1,1,1,-1,1,1,1,-1,-1,1,1,-1,-1,1,1,-1,-1,1,-1,1,1,-1,1,1,-1,-1,1,1,-1,1,1,-1,-1,-1,1,1,-1,1,1,-1,1,1,-1,-1,-1,-1,-1,-1,1,1,1,1,-1,-1,-1,1,1,-1,-1,1,-1,1,-1,-1,1,1,-1,1,-1,-1,-1,-1,-1,1,1,1,-1,-1,-1,-1,1,-1,-1,1,-1,1,1,1,-1,-1,1,-1,-1,1,-1,1,1,-1,-1,1,1,1,1,-1,1,1,1,1,-1,-1,1,-1,-1,1,1,1,-1,1,-1,1,-1,-1,-1,1,1,-1,-1,-1,-1,1,1,-1,-1,-1,-1,-1,-1,-1,-1,1,-1,1,1,1,-1,1,-1,-1,1,-1,-1,1,1,-1,1,1,1,1,-1,1,-1,1,1,1,-1,-1,1,-1,1,-1,-1,1,-1,-1,-1,-1,1,1,-1,-1,-1,1,-1,-1,1,1,-1,-1,1,-1,-1,1,-1,-299.7681076029112,1
1057,-1,1,-1,1,1,-1,1,1,-1,1,-1,-1,-1,-1,-1,-1,-1,1,1,-1,-1,-1,-1,-1,-1,-1,1,1,-1,1,1,1,-1,-1,-1,1,-1,-1,1,1,1,1,1,1,-1,1,1,-1,1,1,1,1,1,1,1,-1,-1,-1,1,-1,1,1,-1,1,1,-1,1,-1,-1,-1,-1,1,1,1,1,-1,-1,-1,1,1,-1,-1,1,-1,-1,-1,-1,-1,1,-1,1,-1,-1,-1,-1,-1,1,-1,1,-1,1,-1,-1,1,-1,1,-1,-1,-1,-1,1,1,1,1,-1,-1,1,1,-1,-1,-1,-1,1,-1,-1,1,-1,-1,-1,1,1,1,1,1,-1,1,-1,1,1,-1,1,-1,1,-1,-1,-1,1,1,-1,-1,-1,-1,1,-1,-1,1,1,-1,-1,-1,-1,-1,1,-1,1,-1,1,-1,1,1,-1,1,-1,-1,1,1,-1,1,1,1,1,-1,1,-1,1,1,-1,-1,-1,1,-1,1,-1,-1,1,-1,-1,-1,-1,1,1,1,-1,-1,1,1,-1,1,1,-1,-1,-1,-1,-1,1,-1,-299.76329726400576,1
1058,-1,1,-1,1,1,-1,1,1,-1,1,-1,-1,-1,-1,-1,-1,1,1,1,-1,-1,-1,-1,-1,1,-1,-1,1,-1,1,-1,1,1,1,-1,-1,1,1,-1,-1,1,-1,1,1,-1,1,1,-1,-1,1,1,-1,1,1,1,-1,-1,-1,1,-1,1,1,-1,1,1,-1,-1,-1,-1,-1,-1,1,1,1,1,-1,-1,-1,1,1,-1,-1,1,-1,-1,-1,-1,1,1,-1,1,-1,-1,-1,-1,-1,1,-1,1,-1,1,-1,-1,1,-1,1,-1,-1,1,-1,1,-1,1,1,-1,-1,1,-1,-1,-1,-1,-1,1,1,1,1,-1,-1,-1,1,1,1,1,1,-1,1,-1,1,1,-1,1,-1,1,-1,-1,-1,1,1,-1,-1,-1,-1,1,-1,-1,1,1,-1,-1,-1,-1,-1,1,-1,1,1,1,-1,1,-1,-1,1,-1,-1,1,1,-1,1,1,1,1,-1,1,-1,1,1,1,-1,-1,1,-1,1,-1,-1,1,-1,-1,-1,-1,1,1,-1,-1,-1,1,-1,-1,1,1,-1,-1,1,-1,-1,1,1,-299.76258760061364,1
1059,1,-1,1,-1,-1,1,-1,-1,1,-1,1,1,1,1,1,1,-1,-1,-1,1,1,1,1,1,1,1,-1,-1,1,-1,-1,-1,-1,1,1,-1,1,1,-1,1,-1,-1,-1,-1,1,-1,-1,1,-1,-1,-1,-1,-1,-1,-1,1,1,1,-1,1,-1,-1,1,-1,-1,1,-1,1,1,1,1,-1,-1,-1,-1,1,1,1,-1,-1,1,1,-1,1,1,1,1,1,-1,1,-1,1,1,1,1,1,-1,1,-1,1,-1,1,1,-1,1,-1,1,1,1,1,-1,-1,-1,-1,1,1,-1,-1,1,1,1,1,-1,1,1,-1,1,1,1,-1,-1,-1,-1,-1,1,-1,1,-1,-1,-1,-1,1,-1,1,1,1,-1,-1,1,1,1,1,-1,1,1,-1,-1,1,1,1,1,1,-1,1,-1,-1,-1,1,-1,-1,1,-1,1,1,-1,-1,1,-1,-1,-1,-1,1,-1,-1,-1,-1,1,1,1,-1,1,-1,1,1,-1,1,1,1,1,-1,-1,-1,1,1,-1,-1,1,-1,-1,1,-1,1,1,1,-1,-1,-299.7624846856017,1
1060,-1,1,-1,1,1,-1,1,1,-1,1,-1,-1,-1,-1,-1,-1,1,-1,1,-1,-1,-1,-1,-1,-1,-1,1,1,-1,1,1,1,1,-1,-1,1,-1,-1,1,1,1,1,1,1,-1,1,1,-1,1,1,1,1,1,1,1,-1,-1,-1,1,-1,1,1,-1,1,1,-1,1,-1,-1,-1,-1,1,1,1,1,-1,-1,-1,1,1,-1,-1,1,-1,-1,-1,-1,-1,1,-1,1,-1,-1,-1,-1,-1,1,-1,1,-1,1,-1,-1,1,-1,1,-1,-1,-1,-1,1,1,1,1,-1,-1,1,1,-1,-1,-1,-1,1,-1,-1,1,-1,-1,-1,1,1,1,1,1,-1,1,-1,1,1,-1,1,-1,1,-1,-1,-1,1,1,-1,-1,-1,-1,1,-1,-1,1,1,-1,-1,-1,-1,-1,1,-1,1,1,1,-1,1,1,-1,1,-1,-1,1,1,-1,1,1,1,1,-1,1,-1,1,1,-1,-1,-1,1,-1,1,-1,-1,1,-1,-1,-1,-1,1,1,1,-1,-1,1,1,-1,1,1,-1,-1,-1,-1,-1,1,1,-299.757842423355,1
1061,-1,1,-1,1,1,-1,1,1,-1,1,-1,-1,-1,-1,-1,-1,1,-1,1,-1,-1,-1,-1,-1,-1,-1,1,1,-1,1,1,1,1,-1,-1,1,-1,-1,1,1,1,1,1,1,-1,1,1,-1,1,1,1,1,-1,1,1,-1,-1,-1,1,-1,1,1,-1,1,1,-1,1,1,-1,-1,1,1,1,1,1,-1,-1,-1,1,1,-1,-1,1,-1,1,-1,-1,1,1,-1,1,-1,-1,1,-1,-1,1,1,1,-1,-1,-1,1,1,-1,1,1,-1,-1,-1,1,1,1,1,-1,-1,-1,1,-1,-1,-1,-1,1,-1,-1,1,-1,-1,1,1,1,-1,1,1,1,1,-1,1,1,-1,1,-1,1,-1,1,1,1,1,-1,-1,-1,-1,1,-1,-1,-1,1,-1,-1,-1,-1,-1,1,-1,1,1,1,-1,1,1,-1,1,-1,-1,1,1,-1,1,1,1,1,-1,1,1,1,1,-1,-1,-1,1,-1,1,-1,-1,1,-1,-1,-1,-1,1,1,1,-1,-1,1,1,-1,1,1,-1,-1,-1,-1,-1,1,1,-299.7569928312996,1
1062,1,-1,1,-1,-1,1,-1,-1,1,-1,1,1,1,1,1,1,-1,-1,-1,1,-1,1,1,1,1,1,1,-1,1,-1,-1,-1,-1,1,1,1,1,1,1,1,-1,1,-1,-1,1,-1,-1,1,-1,-1,-1,-1,-1,-1,-1,1,1,1,-1,1,-1,-1,1,-1,-1,1,-1,1,1,1,1,-1,-1,-1,-1,1,1,1,-1,-1,1,1,-1,1,1,1,-1,1,-1,1,-1,1,1,1,1,1,-1,1,-1,1,-1,-1,1,-1,1,-1,1,-1,1,1,-1,-1,-1,-1,1,1,-1,-1,1,1,1,1,-1,1,1,-1,1,1,1,-1,-1,-1,-1,-1,1,-1,1,-1,-1,-1,-1,1,-1,1,1,1,-1,-1,1,1,1,1,-1,1,1,-1,-1,1,1,1,1,1,-1,1,-1,-1,-1,1,-1,1,1,-1,1,1,-1,-1,1,1,1,1,-1,1,-1,1,-1,1,-1,1,-1,-1,1,-1,1,1,-1,1,1,-1,1,-1,-1,1,1,1,-1,1,1,1,-1,1,1,-1,1,1,-1,-1,-299.7560260555195,1
1063,1,-1,1,-1,-1,1,-1,-1,1,-1,1,1,1,1,1,1,-1,1,-1,1,1,1,1,1,1,1,-1,-1,1,-1,-1,-1,-1,1,1,-1,1,1,-1,-1,-1,-1,-1,-1,1,-1,-1,1,-1,-1,-1,-1,-1,-1,-1,1,1,1,-1,1,-1,-1,1,-1,-1,1,-1,1,1,1,1,-1,-1,-1,-1,1,1,1,1,-1,1,-1,-1,1,1,1,1,-1,-1,1,-1,1,1,1,1,1,1,1,-1,-1,-1,1,1,-1,1,1,-1,1,1,1,-1,-1,-1,1,1,1,-1,-1,1,-1,1,1,1,1,1,1,1,1,-1,-1,-1,1,-1,-1,1,-1,1,-1,-1,1,-1,1,-1,-1,1,1,-1,-1,1,1,1,1,-1,1,1,1,-1,1,1,1,1,1,-1,1,-1,-1,-1,1,-1,-1,1,-1,1,1,-1,-1,1,-1,-1,-1,-1,1,-1,-1,-1,-1,1,1,1,-1,1,-1,1,1,-1,1,1,1,1,-1,-1,-1,1,1,-1,-1,1,-1,-1,1,1,1,1,1,-1,-1,-299.7527152960472,1
1064,-1,1,-1,1,1,-1,1,1,-1,1,-1,-1,-1,-1,-1,-1,1,-1,1,-1,-1,-1,-1,-1,-1,-1,1,1,-1,1,1,1,1,-1,-1,1,-1,-1,1,1,1,1,1,1,-1,1,1,-1,1,1,1,1,1,1,1,-1,-1,-1,1,-1,1,1,-1,1,1,-1,1,-1,-1,-1,-1,1,1,1,1,-1,-1,-1,-1,1,-1,1,1,-1,-1,-1,-1,1,1,-1,1,-1,-1,-1,-1,-1,-1,-1,1,1,1,-1,-1,1,-1,-1,1,-1,-1,-1,1,1,1,-1,-1,-1,1,1,-1,1,-1,-1,-1,-1,-1,-1,-1,-1,1,1,1,-1,1,1,-1,1,-1,1,1,-1,1,-1,1,1,-1,-1,1,1,-1,-1,-1,-1,1,-1,-1,-1,1,-1,-1,-1,-1,-1,1,-1,1,1,1,-1,1,1,-1,1,-1,-1,1,1,-1,1,1,1,1,-1,1,1,1,1,-1,-1,-1,1,-1,1,-1,-1,1,-1,-1,-1,-1,1,1,1,-1,-1,1,1,-1,1,1,-1,-1,-1,-1,-1,1,1,-299.7527152960472,2
1065,-1,1,-1,1,1,-1,1,1,-1,1,-1,-1,1,-1,-1,1,1,1,-1,1,1,-1,-1,-1,1,1,-1,1,1,1,-1,-1,1,1,-1,-1,1,1,-1,-1,1,-1,1,1,-1,1,1,-1,-1,1,1,-1,1,1,1,-1,-1,-1,1,-1,1,1,-1,1,1,-1,-1,-1,-1,-1,-1,1,1,1,1,-1,-1,-1,1,1,-1,-1,1,-1,-1,-1,-1,-1,1,-1,1,1,-1,-1,1,-1,1,-1,1,-1,1,-1,-1,1,-1,1,-1,-1,1,-1,1,-1,1,1,-1,-1,1,-1,-1,-1,-1,-1,1,1,1,1,-1,-1,-1,1,1,1,-1,1,-1,-1,-1,1,1,-1,1,-1,1,-1,-1,-1,1,1,-1,1,-1,-1,1,1,-1,-1,-1,-1,-1,-1,-1,1,1,-1,1,1,1,-1,1,-1,-1,1,-1,-1,1,1,-1,1,1,1,1,-1,1,-1,1,1,1,-1,-1,1,-1,1,-1,-1,1,-1,-1,-1,-1,1,1,-1,-1,-1,1,-1,-1,-1,1,-1,-1,1,-1,-1,1,1,-299.7516479264432,1
1066,-1,1,-1,1,1,-1,1,1,-1,1,-1,-1,-1,-1,-1,-1,1,1,1,-1,-1,-1,-1,-1,-1,-1,1,1,-1,1,1,1,1,-1,-1,-1,-1,-1,-1,-1,1,-1,1,1,-1,1,1,-1,1,1,1,1,1,1,1,-1,-1,-1,1,-1,1,1,-1,1,1,-1,1,1,-1,-1,1,1,1,1,1,-1,-1,-1,1,1,-1,-1,1,-1,1,-1,-1,1,1,-1,1,-1,-1,1,-1,-1,1,1,1,-1,-1,-1,-1,1,-1,1,1,-1,-1,-1,1,1,1,1,-1,-1,-1,1,-1,-1,-1,-1,1,-1,-1,1,-1,-1,1,1,1,-1,1,1,1,1,-1,1,1,1,1,-1,1,-1,-1,-1,1,1,-1,-1,-1,-1,1,-1,-1,-1,1,-1,-1,-1,-1,-1,1,-1,1,1,1,-1,1,1,-1,1,-1,-1,1,1,-1,1,1,1,1,-1,1,1,1,1,1,-1,-1,1,-1,1,-1,-1,1,-1,-1,-1,-1,1,1,-1,-1,-1,1,-1,-1,1,1,-1,-1,1,-1,-1,1,-1,-299.75149406487657,1
1067,-1,1,-1,1,1,-1,1,1,-1,1,-1,-1,-1,-1,-1,-1,1,1,1,-1,-1,-1,-1,-1,-1,-1,-1,1,-1,1,-1,1,1,1,-1,-1,1,1,-1,-1,1,-1,1,1,-1,1,1,-1,-1,1,1,-1,1,1,1,-1,-1,-1,1,-1,1,1,-1,1,1,-1,-1,-1,-1,-1,-1,1,1,1,1,-1,-1,-1,1,1,-1,-1,1,-1,-1,-1,-1,1,1,-1,1,-1,-1,-1,-1,-1,1,-1,1,-1,1,-1,-1,1,-1,1,-1,-1,1,-1,1,-1,1,1,-1,-1,1,-1,-1,-1,-1,-1,1,-1,1,1,-1,-1,-1,1,1,1,1,1,-1,1,-1,1,1,-1,1,-1,1,-1,-1,-1,1,1,-1,-1,-1,-1,1,-1,-1,1,1,-1,-1,-1,-1,-1,1,-1,1,1,1,-1,1,-1,-1,1,-1,-1,1,1,-1,1,1,1,1,-1,1,-1,1,1,1,-1,-1,1,-1,1,-1,-1,1,-1,-1,-1,-1,1,1,-1,-1,-1,1,-1,-1,1,1,-1,-1,1,-1,-1,1,1,-299.743455981952,2
1068,1,-1,1,-1,-1,1,-1,-1,1,-1,1,1,1,1,1,1,-1,1,-1,1,1,1,1,1,1,1,-1,-1,1,-1,-1,-1,-1,1,1,-1,1,1,-1,-1,-1,-1,-1,-1,1,-1,-1,1,-1,-1,-1,-1,-1,-1,-1,1,1,1,-1,1,-1,-1,1,-1,-1,1,-1,1,1,1,1,-1,-1,-1,-1,1,1,1,-1,-1,1,1,-1,1,1,1,1,1,-1,1,-1,1,1,1,1,1,-1,1,-1,1,-1,1,1,-1,1,-1,1,1,1,1,-1,-1,-1,-1,1,1,-1,-1,1,1,1,1,-1,1,1,-1,1,1,1,-1,-1,-1,-1,-1,1,-1,1,-1,-1,1,-1,1,-1,1,1,1,-1,-1,1,1,1,1,-1,1,1,-1,-1,1,1,1,1,1,-1,1,-1,-1,-1,1,-1,-1,1,-1,1,1,-1,-1,1,-1,-1,-1,-1,1,-1,-1,-1,1,1,1,1,-1,1,-1,1,1,-1,1,1,1,1,-1,-1,-1,1,1,-1,-1,1,-1,-1,1,1,1,1,1,-1,-1,-299.73716450048704,1
1069,-1,1,-1,1,1,-1,1,1,-1,1,-1,-1,-1,-1,-1,-1,1,1,1,-1,-1,-1,-1,-1,-1,-1,-1,1,-1,1,1,1,1,-1,-1,-1,1,1,-1,-1,1,-1,1,1,-1,1,1,-1,1,1,1,1,1,1,1,-1,-1,-1,1,-1,1,1,-1,1,1,-1,1,-1,-1,-1,-1,1,1,1,1,-1,-1,-1,-1,1,-1,1,1,-1,-1,-1,-1,1,1,-1,1,-1,-1,-1,-1,-1,-1,-1,1,1,1,-1,-1,1,-1,-1,1,-1,-1,-1,-1,1,1,-1,-1,-1,1,1,-1,1,-1,-1,-1,-1,-1,-1,-1,-1,1,1,1,1,1,1,-1,1,-1,1,1,-1,1,-1,1,1,-1,-1,1,1,-1,-1,-1,-1,1,-1,-1,-1,1,-1,-1,-1,-1,-1,1,-1,1,1,1,-1,1,-1,-1,1,-1,-1,1,1,-1,1,1,1,1,-1,1,-1,1,1,1,-1,-1,1,-1,1,-1,-1,1,-1,-1,-1,-1,1,1,-1,-1,-1,1,-1,-1,1,1,-1,-1,1,-1,-1,1,1,-299.73113042699697,1
1070,-1,1,-1,1,1,-1,1,1,-1,1,-1,-1,-1,-1,-1,-1,-1,1,1,-1,-1,-1,-1,-1,-1,-1,1,1,-1,1,1,1,-1,-1,-1,1,-1,-1,1,-1,1,1,1,1,-1,1,1,-1,1,1,1,1,1,1,1,-1,-1,-1,1,-1,1,1,-1,1,1,-1,1,1,-1,-1,1,1,1,1,1,-1,-1,-1,1,1,-1,-1,1,-1,1,-1,-1,1,1,-1,1,-1,-1,1,-1,-1,1,1,1,-1,-1,-1,1,1,-1,1,1,-1,-1,-1,1,1,1,1,-1,-1,-1,1,-1,-1,-1,-1,1,-1,-1,1,-1,-1,1,1,1,-1,1,1,1,1,-1,1,1,1,-1,-1,1,-1,-1,-1,1,1,-1,-1,-1,-1,1,-1,-1,-1,1,-1,-1,-1,-1,-1,1,-1,1,-1,1,-1,1,1,-1,1,-1,-1,1,-1,-1,1,1,1,1,-1,1,-1,1,1,-1,-1,-1,1,-1,1,-1,-1,1,-1,-1,-1,-1,1,1,1,-1,-1,1,1,-1,1,1,-1,-1,-1,-1,-1,1,1,-299.72957534482015,1
1071,-1,1,-1,1,1,-1,1,1,-1,1,-1,-1,-1,-1,-1,-1,1,1,1,-1,-1,-1,-1,-1,-1,-1,-1,1,-1,1,1,1,1,-1,-1,-1,1,1,-1,-1,1,-1,1,1,-1,1,1,-1,1,1,1,1,1,1,1,-1,-1,-1,1,-1,1,1,-1,1,1,-1,1,1,-1,-1,1,1,1,1,1,-1,-1,-1,1,1,-1,-1,1,-1,1,-1,-1,-1,1,-1,1,-1,-1,1,-1,-1,1,1,1,-1,-1,-1,-1,1,-1,1,1,-1,-1,-1,1,1,-1,1,-1,-1,-1,1,-1,-1,-1,-1,1,-1,-1,1,-1,-1,1,1,1,-1,1,1,1,1,-1,1,1,-1,1,-1,1,-1,-1,-1,1,1,-1,-1,-1,-1,1,-1,-1,-1,1,-1,-1,-1,-1,-1,1,-1,1,1,1,-1,1,-1,-1,1,-1,-1,1,1,-1,1,1,1,1,-1,1,-1,1,1,1,-1,-1,1,-1,1,-1,-1,1,-1,-1,-1,-1,1,1,-1,-1,-1,1,-1,-1,1,1,-1,-1,1,-1,-1,1,1,-299.7284276402796,1
1072,-1,1,-1,1,1,-1,1,1,-1,1,-1,-1,-1,-1,-1,-1,1,-1,1,-1,-1,-1,-1,-1,-1,-1,1,1,-1,1,1,1,1,-1,-1,1,-1,-1,1,1,1,1,1,1,-1,1,1,-1,1,1,1,1,1,1,1,-1,-1,-1,1,-1,1,1,-1,1,1,-1,1,-1,-1,-1,-1,1,1,1,1,-1,-1,-1,1,1,-1,-1,1,-1,-1,-1,-1,-1,1,-1,1,-1,-1,-1,-1,-1,1,-1,1,-1,1,-1,-1,1,-1,1,-1,-1,-1,-1,1,1,1,1,-1,-1,1,1,-1,-1,-1,-1,1,-1,-1,1,-1,-1,-1,1,1,1,1,1,-1,1,-1,1,1,-1,1,-1,1,-1,-1,-1,1,1,-1,-1,-1,-1,1,-1,-1,1,1,-1,-1,-1,-1,-1,1,-1,1,1,1,-1,1,-1,-1,1,-1,-1,1,1,-1,1,1,1,1,-1,1,1,1,1,-1,-1,-1,1,-1,1,-1,-1,1,-1,-1,-1,-1,1,1,1,-1,-1,1,1,-1,1,1,-1,-1,-1,-1,-1,1,-1,-299.72458321765856,1
1073,-1,1,-1,1,1,-1,1,1,-1,1,-1,-1,-1,-1,-1,-1,1,-1,1,-1,-1,-1,-1,-1,-1,-1,1,1,-1,1,1,1,1,-1,-1,1,-1,-1,1,-1,1,1,1,1,-1,1,1,-1,1,1,1,1,1,1,1,-1,-1,-1,1,-1,1,1,-1,1,1,-1,1,1,-1,-1,1,1,1,1,1,-1,-1,-1,1,1,-1,-1,1,-1,1,-1,-1,-1,1,-1,1,-1,-1,1,-1,-1,1,1,1,-1,-1,-1,-1,1,-1,1,1,-1,-1,-1,1,1,-1,1,-1,-1,-1,1,-1,-1,-1,-1,1,-1,-1,1,-1,-1,1,1,1,-1,1,1,1,1,-1,1,1,1,-1,-1,1,-1,-1,-1,1,1,-1,-1,-1,-1,1,-1,-1,-1,1,-1,-1,-1,-1,-1,1,-1,1,1,1,-1,1,1,-1,1,-1,-1,1,1,-1,1,1,1,1,-1,1,1,1,1,-1,-1,-1,1,-1,1,-1,-1,1,-1,-1,-1,-1,1,1,1,-1,-1,1,1,-1,1,1,-1,-1,-1,-1,-1,1,-1,-299.7179344469194,1
1074,1,-1,1,-1,-1,1,-1,-1,1,-1,1,1,1,1,1,1,-1,1,-1,1,1,1,1,1,1,1,-1,-1,1,-1,-1,-1,-1,1,1,-1,1,1,-1,1,-1,-1,-1,-1,1,-1,-1,1,-1,-1,-1,-1,-1,-1,-1,1,1,1,-1,1,-1,-1,1,-1,-1,1,-1,-1,1,1,-1,-1,-1,-1,-1,1,1,1,-1,-1,1,1,-1,1,-1,1,1,1,-1,1,-1,1,1,-1,1,1,-1,-1,-1,1,1,1,1,-1,1,-1,-1,1,1,1,-1,-1,1,-1,1,1,1,-1,1,1,1,1,-1,1,1,-1,1,1,-1,-1,-1,1,-1,-1,-1,-1,1,-1,-1,-1,1,1,-1,1,1,1,-1,-1,1,1,1,1,-1,1,1,1,-1,1,1,1,1,1,-1,1,-1,-1,-1,1,-1,-1,1,-1,1,1,-1,-1,1,-1,-1,-1,-1,1,-1,-1,-1,-1,1,1,1,-1,1,-1,1,1,-1,1,1,1,1,-1,-1,-1,1,1,-1,-1,1,-1,-1,1,1,1,1,1,-1,1,-299.7179344469194,1
1075,-1,1,-1,1,1,-1,1,1,-1,1,-1,-1,-1,-1,-1,-1,-1,1,1,-1,-1,-1,-1,-1,-1,-1,1,1,-1,1,1,1,-1,-1,-1,1,-1,-1,1,-1,1,1,1,1,-1,1,1,-1,1,1,1,1,1,1,1,-1,-1,-1,1,-1,1,1,-1,1,1,-1,1,-1,-1,-1,-1,1,1,1,1,-1,-1,-1,1,1,-1,-1,1,-1,-1,-1,-1,1,1,-1,1,-1,-1,-1,-1,-1,1,-1,1,-1,1,-1,-1,1,-1,1,-1,-1,-1,-1,1,1,1,1,-1,-1,1,1,-1,-1,-1,-1,1,-1,-1,1,-1,-1,-1,1,1,1,1,1,-1,1,-1,1,1,1,1,-1,1,-1,-1,-1,1,1,-1,-1,-1,-1,1,-1,-1,1,1,-1,-1,-1,-1,-1,1,-1,1,-1,1,-1,1,1,-1,1,-1,-1,1,1,-1,1,1,1,1,-1,1,-1,1,1,-1,-1,-1,1,-1,1,-1,-1,1,-1,-1,-1,-1,1,1,1,-1,-1,1,1,-1,1,1,-1,-1,-1,-1,-1,1,-1,-299.7167343912247,1
1076,1,-1,1,-1,-1,1,-1,-1,1,-1,1,1,1,1,1,1,-1,-1,-1,1,-1,1,1,1,1,1,1,-1,1,-1,-1,-1,-1,1,1,1,1,1,1,1,-1,1,-1,-1,1,-1,-1,1,-1,-1,-1,-1,-1,-1,-1,1,1,1,-1,1,-1,-1,1,-1,-1,1,-1,1,1,1,1,-1,-1,-1,-1,1,1,1,-1,-1,1,1,-1,1,1,1,-1,1,-1,1,-1,1,1,1,1,1,-1,1,-1,1,-1,-1,1,-1,1,-1,1,-1,1,1,-1,-1,-1,-1,1,1,-1,-1,1,1,1,1,-1,1,1,-1,1,1,1,-1,-1,-1,-1,-1,1,-1,1,-1,-1,-1,-1,1,-1,1,1,1,-1,-1,1,1,1,1,-1,1,1,-1,-1,1,1,1,1,1,-1,1,-1,-1,-1,1,-1,1,1,-1,1,1,-1,-1,1,1,1,1,-1,1,-1,1,-1,1,-1,1,-1,-1,1,-1,1,1,-1,1,1,-1,1,-1,-1,1,1,1,-1,1,1,-1,-1,1,1,-1,1,1,-1,1,-299.71416935293047,1
1077,1,1,-1,-1,1,-1,1,1,-1,-1,-1,-1,-1,1,1,-1,1,-1,1,-1,-1,-1,1,-1,-1,-1,-1,-1,-1,1,1,1,1,-1,-1,1,-1,-1,1,1,1,1,1,1,-1,1,1,-1,1,1,1,1,-1,1,1,-1,-1,-1,1,-1,1,1,-1,1,1,-1,1,1,-1,-1,1,1,1,1,1,-1,-1,-1,1,1,-1,-1,1,-1,1,-1,-1,1,1,-1,1,-1,-1,1,-1,-1,1,1,1,-1,-1,-1,-1,1,-1,1,1,-1,-1,-1,1,1,1,1,-1,-1,-1,1,-1,-1,1,-1,1,-1,-1,1,1,-1,1,1,1,-1,1,1,1,1,-1,1,1,-1,1,1,1,-1,1,1,1,1,-1,-1,-1,-1,1,-1,-1,-1,1,-1,-1,-1,-1,-1,1,-1,1,1,1,-1,1,1,-1,1,-1,-1,1,1,-1,1,1,1,1,-1,1,-1,1,1,-1,-1,-1,1,-1,1,-1,-1,1,1,-1,-1,-1,1,1,1,-1,-1,1,1,-1,-1,1,-1,-1,-1,-1,-1,1,1,-299.71293451755605,1
1078,-1,-1,1,1,-1,1,1,-1,1,1,1,1,1,-1,-1,1,-1,1,-1,1,1,-1,-1,-1,1,1,1,1,1,-1,-1,-1,-1,1,-1,-1,1,1,-1,-1,-1,1,1,1,1,1,-1,-1,-1,1,1,-1,1,1,1,-1,-1,-1,1,-1,1,1,-1,1,1,-1,-1,-1,-1,-1,-1,1,1,1,1,-1,-1,-1,1,1,-1,-1,1,-1,-1,-1,-1,1,1,-1,1,1,-1,-1,1,-1,1,-1,1,-1,1,-1,-1,1,-1,-1,1,-1,1,-1,1,-1,1,-1,-1,-1,1,-1,-1,1,-1,-1,1,1,1,1,-1,-1,1,1,1,1,-1,1,-1,-1,-1,1,1,-1,1,-1,1,-1,-1,-1,-1,1,-1,1,-1,-1,1,1,-1,-1,-1,-1,-1,1,1,1,-1,-1,1,-1,1,-1,-1,-1,-1,-1,-1,-1,-1,1,-1,-1,-1,-1,1,-1,1,-1,1,1,-1,-1,-1,-1,-1,1,1,-1,1,-1,-1,-1,-1,1,1,-1,-1,-1,-1,1,-1,1,1,-1,1,1,-1,1,-1,1,-299.70494653690207,1
1079,-1,1,-1,1,1,-1,1,1,-1,1,-1,-1,-1,-1,-1,-1,1,1,1,-1,-1,-1,-1,-1,1,-1,-1,1,-1,1,-1,1,1,1,-1,-1,1,1,-1,-1,1,-1,1,1,-1,1,1,-1,-1,1,1,-1,1,1,1,-1,-1,-1,1,-1,1,1,-1,1,1,-1,1,1,-1,-1,1,1,1,1,1,-1,-1,-1,1,1,-1,-1,1,-1,1,-1,-1,1,1,-1,1,-1,-1,1,-1,-1,1,1,1,-1,-1,-1,-1,1,-1,1,1,-1,1,-1,1,-1,1,1,-1,-1,-1,-1,-1,-1,-1,-1,1,1,1,1,-1,-1,1,1,1,-1,1,1,1,1,-1,1,1,-1,1,-1,1,-1,-1,-1,1,1,-1,-1,-1,-1,1,-1,-1,-1,1,-1,-1,-1,-1,-1,1,-1,1,1,1,-1,1,-1,-1,1,-1,-1,1,1,-1,1,1,1,1,-1,1,-1,1,1,1,-1,-1,1,-1,1,-1,-1,1,-1,-1,-1,-1,1,1,-1,-1,-1,1,-1,-1,1,1,-1,-1,1,-1,-1,1,-1,-299.7040291170008,1
1080,-1,1,-1,1,1,-1,1,1,-1,1,-1,-1,-1,-1,-1,-1,1,1,1,-1,-1,-1,-1,-1,-1,-1,-1,1,-1,1,1,1,1,-1,-1,-1,-1,-1,-1,-1,1,-1,1,1,-1,1,1,-1,1,1,1,1,1,1,1,-1,-1,-1,1,-1,1,1,-1,1,1,-1,1,-1,-1,-1,-1,1,1,1,1,-1,-1,-1,1,1,-1,-1,1,-1,-1,-1,-1,1,1,-1,1,-1,-1,-1,-1,-1,1,-1,1,-1,1,-1,-1,1,-1,1,-1,-1,-1,-1,1,1,1,1,-1,-1,1,1,-1,-1,-1,-1,1,-1,-1,1,-1,-1,-1,1,1,1,1,1,-1,1,-1,1,1,1,1,-1,1,-1,-1,-1,1,1,-1,-1,-1,-1,1,-1,-1,1,1,-1,-1,-1,-1,-1,1,-1,1,1,1,-1,1,1,-1,1,-1,-1,1,1,-1,1,1,1,1,-1,1,-1,1,1,1,-1,-1,1,-1,1,-1,-1,1,-1,-1,-1,-1,1,1,-1,-1,-1,1,-1,-1,1,1,-1,-1,1,-1,-1,1,1,-299.69843361472266,1
1081,1,-1,1,-1,-1,1,-1,-1,1,-1,1,1,1,-1,-1,1,-1,1,-1,1,1,1,1,1,1,1,1,-1,1,-1,-1,-1,-1,1,1,-1,1,1,-1,1,-1,-1,-1,-1,1,-1,-1,1,-1,-1,-1,-1,-1,-1,-1,1,1,1,-1,1,-1,-1,1,-1,-1,1,-1,1,1,1,1,-1,-1,-1,-1,1,1,1,-1,-1,1,1,-1,1,1,1,1,1,-1,1,-1,1,1,1,1,1,-1,1,-1,1,-1,1,1,-1,1,-1,1,1,1,1,-1,-1,-1,-1,1,1,-1,-1,1,1,1,1,-1,1,1,-1,1,1,1,-1,-1,-1,-1,-1,1,-1,1,-1,-1,-1,-1,1,-1,1,1,1,-1,-1,1,1,1,1,-1,1,1,-1,-1,1,1,1,1,1,-1,1,-1,-1,-1,1,-1,-1,1,-1,1,1,-1,-1,1,-1,-1,-1,-1,1,-1,1,-1,-1,1,1,1,-1,1,-1,1,1,-1,-1,1,1,1,-1,-1,-1,1,1,-1,-1,1,1,-1,1,1,1,1,1,-1,-1,-299.6980358477198,1
1082,1,-1,1,-1,-1,1,-1,-1,1,-1,1,1,1,1,1,1,-1,1,-1,1,1,1,1,1,1,1,-1,-1,1,-1,-1,-1,-1,1,1,-1,1,1,-1,-1,-1,-1,-1,-1,1,-1,-1,1,-1,-1,-1,-1,-1,-1,-1,1,1,1,-1,1,-1,-1,1,-1,-1,1,-1,-1,1,1,-1,-1,-1,-1,-1,1,1,1,-1,-1,1,1,-1,1,-1,1,1,1,-1,1,-1,1,1,-1,1,1,-1,-1,-1,1,1,1,1,-1,1,-1,-1,1,1,1,-1,-1,1,-1,1,1,1,-1,1,1,1,1,-1,1,1,-1,1,1,-1,-1,-1,1,-1,-1,-1,-1,1,-1,-1,1,-1,1,-1,1,1,1,-1,-1,1,1,1,1,-1,1,1,1,-1,1,1,1,1,1,-1,1,-1,-1,-1,1,-1,-1,1,-1,1,1,-1,-1,1,-1,-1,-1,-1,1,-1,-1,-1,-1,1,1,1,-1,1,-1,1,1,-1,1,1,1,1,-1,-1,-1,1,1,-1,-1,1,-1,-1,1,1,1,1,1,-1,-1,-299.6967010224645,1
1083,1,-1,1,-1,-1,1,-1,-1,1,-1,1,1,-1,1,1,-1,-1,-1,1,-1,-1,1,1,1,-1,-1,1,-1,-1,-1,1,1,-1,-1,1,1,-1,-1,1,1,-1,1,-1,-1,1,-1,1,1,1,-1,-1,1,-1,-1,-1,1,1,1,-1,1,-1,-1,1,-1,-1,1,-1,-1,1,1,-1,-1,-1,-1,-1,1,1,1,-1,-1,1,1,-1,1,-1,1,1,-1,-1,1,-1,1,1,-1,1,1,-1,-1,-1,1,1,1,1,-1,1,-1,-1,1,-1,1,-1,1,-1,-1,1,1,1,1,1,1,1,1,-1,-1,-1,-1,1,1,-1,-1,-1,1,1,-1,-1,1,1,-1,-1,1,-1,1,-1,1,1,1,-1,-1,1,1,1,1,-1,-1,1,1,1,1,1,1,1,1,-1,1,-1,-1,-1,1,-1,1,1,-1,1,1,-1,-1,1,1,1,1,-1,1,-1,1,-1,-1,-1,1,1,-1,1,-1,1,1,-1,1,1,1,1,-1,-1,1,1,1,-1,1,1,1,-1,1,1,-1,1,1,-1,-1,-299.69608370336,1
1084,1,1,1,-1,1,-1,-1,1,-1,-1,-1,-1,-1,1,1,-1,1,-1,1,-1,-1,1,1,1,-1,-1,-1,-1,-1,1,1,1,1,-1,1,-1,-1,-1,-1,1,1,-1,-1,-1,-1,-1,1,1,1,-1,-1,1,-1,-1,-1,1,1,1,-1,1,-1,-1,1,-1,-1,1,1,1,1,1,1,-1,-1,-1,-1,1,1,1,-1,-1,1,1,-1,1,1,1,1,1,-1,1,-1,1,1,1,1,1,-1,1,-1,1,-1,1,1,-1,1,-1,1,1,-1,1,-1,1,1,-1,1,1,-1,1,1,1,1,1,-1,-1,-1,-1,1,1,1,-1,-1,-1,1,-1,1,1,1,-1,-1,1,-1,1,-1,1,1,1,-1,-1,1,1,1,1,-1,-1,1,-1,1,1,1,-1,-1,1,1,1,-1,1,-1,1,1,1,1,1,1,1,1,-1,1,1,1,-1,-1,1,-1,1,-1,-1,1,1,1,-1,1,-1,-1,1,-1,1,1,1,1,-1,-1,1,1,1,-1,-1,1,-1,-1,1,1,1,1,-1,1,1,-299.6891245667832,1
1085,-1,1,-1,1,1,-1,1,1,-1,1,-1,-1,-1,-1,-1,-1,1,-1,1,-1,-1,-1,-1,-1,-1,-1,1,1,-1,1,1,1,-1,-1,-1,1,-1,-1,1,1,1,1,1,1,-1,1,1,-1,1,1,1,1,1,1,1,-1,-1,-1,1,-1,1,1,-1,1,1,-1,1,1,-1,-1,1,1,1,1,1,-1,-1,-1,1,1,-1,-1,1,-1,1,-1,-1,1,1,-1,1,-1,-1,1,-1,-1,1,1,1,-1,-1,-1,-1,1,-1,1,1,-1,-1,-1,1,1,1,1,-1,-1,-1,1,-1,-1,-1,-1,1,-1,-1,1,-1,-1,1,1,1,-1,1,1,1,1,-1,1,1,-1,1,-1,1,-1,-1,-1,1,1,-1,-1,-1,-1,1,-1,-1,-1,1,-1,-1,-1,-1,-1,1,-1,1,1,1,-1,1,1,-1,1,-1,-1,1,1,-1,1,1,1,1,-1,1,-1,1,1,-1,-1,-1,1,-1,1,-1,-1,1,-1,-1,-1,-1,1,1,1,-1,-1,1,1,-1,1,1,-1,-1,-1,-1,-1,1,1,-299.678792200175,2
1086,-1,-1,1,1,-1,1,1,-1,1,1,1,1,1,-1,-1,1,-1,1,-1,1,1,-1,-1,-1,1,1,1,1,1,-1,-1,-1,-1,1,-1,-1,1,1,-1,-1,-1,-1,1,1,1,1,-1,-1,-1,1,1,-1,1,1,1,-1,-1,-1,1,-1,1,1,-1,1,1,-1,-1,-1,-1,-1,-1,1,1,1,1,-1,-1,-1,1,1,1,-1,1,-1,-1,-1,1,-1,1,-1,1,-1,-1,-1,-1,-1,1,-1,1,-1,1,1,-1,1,-1,1,-1,1,1,-1,1,-1,-1,1,-1,-1,1,-1,-1,-1,-1,-1,1,1,1,1,-1,-1,-1,1,1,1,-1,1,-1,-1,-1,1,1,-1,1,-1,1,-1,-1,-1,1,1,-1,-1,-1,-1,1,1,-1,1,-1,-1,-1,1,1,1,-1,-1,1,-1,1,-1,-1,-1,-1,-1,-1,-1,-1,1,-1,-1,-1,-1,1,-1,-1,-1,1,-1,-1,-1,1,-1,1,1,1,-1,1,-1,-1,1,1,-1,-1,-1,-1,-1,-1,1,-1,1,1,-1,-1,1,-1,1,-1,1,-299.6783315041308,1
1087,-1,1,-1,1,1,-1,1,1,-1,1,-1,-1,-1,-1,-1,-1,1,1,1,-1,-1,-1,-1,-1,-1,-1,-1,1,-1,1,1,1,1,-1,-1,-1,1,1,-1,-1,1,-1,1,1,-1,1,1,-1,1,1,1,1,1,1,1,-1,-1,-1,1,-1,1,1,-1,1,1,-1,1,-1,-1,-1,-1,1,1,1,1,-1,-1,-1,-1,1,-1,1,1,-1,-1,-1,-1,1,1,-1,1,-1,-1,-1,-1,-1,-1,-1,1,1,1,-1,-1,1,-1,-1,1,-1,-1,-1,-1,1,1,-1,-1,-1,1,1,-1,1,-1,-1,-1,-1,-1,-1,-1,-1,1,1,1,-1,1,1,-1,1,-1,1,1,-1,1,-1,1,1,-1,-1,1,1,-1,-1,-1,-1,1,-1,-1,-1,1,-1,-1,-1,-1,-1,1,-1,1,1,1,-1,1,-1,-1,1,-1,-1,1,1,-1,1,1,1,1,-1,1,-1,1,1,1,-1,-1,1,-1,1,-1,-1,1,-1,-1,-1,-1,1,1,-1,-1,-1,1,-1,-1,1,1,-1,-1,1,-1,-1,1,-1,-299.6747718175484,1
1088,-1,-1,1,1,-1,1,1,-1,1,1,1,1,1,-1,-1,1,-1,1,-1,1,1,-1,-1,-1,1,1,1,1,1,-1,-1,-1,-1,1,-1,-1,1,1,-1,-1,-1,1,1,1,1,1,-1,-1,-1,1,1,-1,1,1,1,-1,-1,-1,1,-1,1,1,-1,1,1,-1,-1,-1,-1,-1,-1,1,1,1,1,-1,-1,-1,1,1,1,-1,1,-1,-1,-1,1,1,1,-1,1,-1,-1,-1,-1,-1,1,-1,1,-1,1,1,-1,1,1,1,-1,1,1,-1,1,-1,1,1,-1,-1,1,-1,-1,-1,-1,-1,1,1,1,1,-1,-1,-1,1,1,1,-1,1,-1,-1,-1,1,1,-1,1,-1,1,-1,-1,-1,1,1,-1,-1,-1,-1,1,1,-1,1,-1,-1,-1,1,1,1,-1,-1,1,-1,1,-1,-1,-1,-1,-1,-1,-1,-1,1,-1,-1,-1,-1,1,-1,-1,-1,1,-1,-1,-1,1,-1,1,1,1,-1,1,-1,-1,1,-1,1,1,-1,-1,-1,-1,1,-1,1,1,-1,1,1,-1,1,-1,1,-299.6707452660134,1
1089,1,1,-1,1,1,-1,1,1,-1,1,-1,-1,-1,-1,-1,-1,1,1,1,-1,1,-1,-1,-1,-1,-1,-1,1,-1,1,1,1,1,-1,-1,-1,-1,-1,-1,-1,1,-1,1,1,-1,1,1,-1,1,1,1,1,1,1,1,-1,-1,-1,1,-1,1,1,-1,1,1,-1,1,-1,-1,-1,-1,1,1,1,1,-1,-1,-1,1,1,-1,-1,1,-1,-1,-1,-1,-1,1,-1,1,-1,-1,-1,-1,-1,1,-1,1,-1,1,-1,-1,1,-1,1,-1,-1,-1,-1,1,1,1,1,-1,-1,1,1,-1,-1,-1,-1,1,-1,-1,1,-1,-1,-1,1,1,1,1,1,-1,1,-1,1,1,1,1,-1,1,-1,-1,-1,1,1,-1,-1,-1,-1,1,-1,-1,1,1,-1,-1,-1,-1,-1,1,-1,1,1,1,-1,1,-1,-1,1,-1,-1,1,1,-1,-1,-1,-1,1,-1,1,-1,1,1,1,-1,-1,1,-1,1,-1,-1,1,-1,-1,-1,-1,1,1,-1,-1,-1,1,-1,-1,-1,1,-1,-1,1,-1,-1,1,1,-299.6676120769141,1
1090,-1,1,-1,1,1,-1,1,1,-1,1,-1,-1,-1,-1,-1,-1,1,-1,1,-1,-1,-1,-1,-1,-1,-1,1,1,-1,1,1,1,1,-1,-1,-1,-1,-1,1,-1,1,1,1,1,-1,1,1,-1,1,1,1,1,1,1,1,-1,-1,-1,1,-1,1,1,-1,1,1,-1,1,1,-1,-1,1,1,1,1,1,-1,-1,-1,1,1,-1,-1,1,-1,1,-1,-1,1,1,-1,1,-1,-1,1,-1,-1,1,1,1,-1,-1,-1,-1,1,-1,1,1,-1,-1,-1,1,1,1,1,-1,-1,-1,1,-1,-1,-1,-1,1,-1,-1,1,-1,-1,1,1,1,-1,1,1,1,1,-1,1,1,1,1,-1,1,-1,-1,-1,1,1,-1,-1,-1,-1,1,-1,-1,-1,1,-1,-1,-1,-1,-1,1,-1,1,1,1,-1,1,-1,-1,1,-1,-1,1,1,-1,1,-1,-1,1,-1,1,1,1,1,-1,-1,-1,1,-1,1,-1,-1,1,-1,-1,-1,-1,1,1,1,-1,-1,1,1,-1,1,1,-1,-1,-1,-1,-1,1,1,-299.6626312943894,1
1091,-1,1,-1,1,1,-1,1,1,-1,1,-1,-1,-1,-1,-1,-1,1,1,1,-1,-1,-1,-1,-1,-1,-1,1,1,-1,1,1,1,1,-1,-1,1,-1,-1,1,-1,1,1,1,1,-1,1,1,-1,1,1,1,1,1,1,1,-1,-1,-1,1,-1,1,1,-1,1,1,-1,1,1,-1,-1,1,1,1,1,1,-1,-1,-1,1,1,-1,-1,1,-1,1,-1,-1,1,1,-1,1,-1,-1,1,-1,-1,1,1,1,-1,-1,-1,1,1,-1,1,1,-1,-1,-1,1,1,1,1,-1,-1,-1,1,-1,-1,-1,-1,1,-1,-1,1,-1,-1,1,1,1,-1,1,1,1,1,-1,1,1,1,1,-1,1,-1,-1,-1,1,1,-1,-1,-1,-1,1,-1,-1,-1,1,-1,-1,-1,-1,-1,1,-1,1,1,1,-1,1,1,-1,1,-1,-1,1,1,-1,1,1,1,1,-1,1,1,1,1,-1,-1,-1,1,-1,1,-1,-1,1,-1,-1,-1,-1,1,1,1,-1,-1,1,1,-1,1,1,-1,1,-1,-1,-1,1,-1,-299.66196315167895,1
1092,-1,-1,1,1,1,-1,1,-1,1,1,1,-1,1,-1,1,1,-1,-1,-1,1,-1,-1,-1,1,1,1,1,1,1,-1,-1,-1,-1,1,-1,1,1,1,1,-1,-1,1,1,-1,-1,1,1,1,-1,1,1,-1,1,1,1,1,1,-1,-1,1,1,1,-1,1,-1,1,1,1,1,-1,1,-1,1,-1,1,-1,1,-1,1,-1,-1,1,-1,-1,-1,1,1,1,-1,-1,-1,1,-1,-1,1,-1,-1,-1,-1,1,1,1,1,-1,1,-1,-1,1,1,-1,-1,-1,1,-1,-1,-1,1,-1,-1,1,-1,-1,-1,1,1,-1,-1,-1,-1,1,1,1,-1,1,-1,-1,-1,1,1,-1,1,-1,1,-1,-1,-1,-1,1,1,1,-1,1,-1,1,1,1,-1,1,1,1,1,1,-1,1,-1,-1,-1,1,-1,-1,1,-1,1,1,-1,-1,1,1,1,1,-1,1,-1,1,-1,-1,-1,-1,1,1,-1,1,1,-1,1,1,1,1,1,-1,1,1,1,-1,1,-1,-1,-1,-1,-1,1,-1,-1,-1,1,1,-299.65502328153605,1
1093,1,1,-1,-1,-1,1,-1,1,-1,-1,-1,1,-1,1,-1,-1,1,1,1,-1,1,1,1,-1,-1,-1,-1,-1,-1,1,1,1,1,-1,1,-1,-1,-1,-1,1,1,-1,-1,1,1,-1,-1,-1,1,-1,-1,1,-1,-1,-1,-1,-1,1,1,-1,-1,-1,1,-1,1,-1,-1,-1,-1,1,-1,1,-1,1,-1,1,-1,1,-1,1,1,-1,1,1,1,-1,-1,-1,1,1,1,-1,1,1,-1,1,1,1,1,-1,-1,-1,-1,1,-1,1,1,-1,-1,1,1,1,-1,1,1,1,-1,1,1,-1,1,1,1,-1,-1,1,1,1,1,-1,-1,-1,1,-1,1,1,1,-1,-1,1,-1,1,-1,1,1,1,1,-1,-1,-1,1,-1,1,-1,-1,-1,1,-1,-1,-1,-1,-1,1,-1,1,1,1,-1,1,1,-1,1,-1,-1,1,1,-1,-1,-1,-1,1,-1,1,-1,1,1,1,1,-1,-1,1,-1,-1,1,-1,-1,-1,-1,-1,1,-1,-1,-1,1,-1,1,1,1,1,1,-1,1,1,1,-1,-1,-299.65502328153605,2
1094,-1,1,-1,1,1,-1,1,1,-1,1,-1,-1,-1,-1,-1,-1,1,-1,1,-1,-1,-1,-1,-1,-1,-1,1,1,-1,1,1,1,-1,-1,-1,1,-1,-1,1,-1,1,1,1,1,-1,1,1,-1,1,1,1,1,1,1,1,-1,-1,-1,1,-1,1,1,-1,1,1,-1,1,1,-1,-1,1,1,1,1,1,-1,-1,-1,1,1,-1,-1,1,-1,1,-1,-1,1,1,-1,1,-1,-1,1,-1,-1,1,1,1,-1,-1,-1,-1,1,-1,1,1,-1,-1,-1,1,1,1,1,-1,-1,-1,1,-1,-1,-1,-1,1,-1,-1,1,-1,-1,1,1,1,-1,1,1,1,1,-1,1,1,1,-1,-1,1,-1,-1,-1,1,1,-1,-1,-1,-1,1,-1,-1,-1,1,-1,-1,-1,-1,-1,1,-1,1,-1,1,-1,1,1,-1,1,-1,-1,1,1,-1,1,1,1,1,-1,1,-1,1,1,-1,-1,-1,1,-1,1,-1,-1,1,-1,-1,-1,-1,1,1,1,-1,-1,1,1,-1,1,1,-1,-1,-1,-1,-1,1,1,-299.65425308677675,1
1095,1,1,-1,1,1,-1,1,1,-1,1,-1,-1,-1,-1,-1,-1,1,-1,1,-1,-1,-1,-1,-1,-1,-1,1,1,-1,1,1,1,1,-1,-1,1,-1,-1,1,-1,1,1,1,1,-1,1,1,-1,1,1,1,1,1,1,1,-1,-1,-1,1,-1,1,1,-1,1,1,-1,1,1,-1,-1,1,1,1,1,1,-1,-1,-1,1,1,-1,-1,1,-1,1,-1,-1,1,1,-1,1,-1,-1,1,-1,-1,1,1,1,-1,-1,-1,-1,1,-1,1,1,-1,-1,-1,1,1,1,1,-1,-1,-1,1,-1,-1,-1,-1,1,-1,-1,1,-1,-1,1,1,1,-1,1,1,1,1,-1,1,1,1,1,-1,1,-1,-1,-1,1,1,-1,-1,-1,-1,1,-1,-1,-1,1,-1,-1,-1,-1,-1,1,-1,1,1,1,-1,1,1,-1,1,-1,-1,1,1,-1,1,1,1,1,-1,1,1,1,1,-1,-1,-1,1,-1,1,-1,-1,1,-1,-1,-1,-1,1,1,1,-1,-1,1,1,-1,1,1,-1,1,-1,-1,-1,1,-1,-299.65125165209366,1
1096,1,1,-1,-1,1,-1,1,1,-1,1,-1,-1,1,1,1,-1,1,-1,1,-1,-1,-1,1,-1,-1,-1,-1,1,-1,1,1,1,1,-1,-1,1,-1,-1,1,1,1,1,1,1,-1,1,1,-1,1,1,1,1,-1,1,1,-1,-1,-1,1,-1,1,1,-1,1,1,-1,1,1,-1,-1,1,1,1,1,1,-1,-1,-1,1,1,-1,-1,1,-1,1,-1,-1,1,1,-1,1,-1,-1,1,-1,-1,1,1,1,-1,-1,-1,1,1,-1,1,1,-1,-1,-1,1,1,1,1,-1,-1,-1,1,-1,-1,-1,-1,1,-1,-1,1,-1,-1,1,1,1,-1,1,1,1,1,-1,1,1,-1,1,1,1,-1,1,1,1,1,-1,-1,-1,-1,1,-1,-1,-1,1,-1,-1,-1,-1,-1,1,-1,1,1,1,-1,1,1,-1,1,-1,-1,1,1,-1,1,1,1,1,-1,1,-1,1,1,-1,-1,-1,1,-1,1,-1,-1,1,1,-1,-1,-1,1,1,1,-1,-1,1,1,-1,-1,1,-1,-1,-1,-1,-1,1,1,-299.6475667574014,1
1097,1,1,1,-1,1,-1,1,1,-1,-1,-1,-1,-1,1,1,-1,1,-1,1,-1,-1,1,1,1,-1,-1,-1,-1,-1,1,1,1,1,-1,1,1,-1,-1,1,1,1,-1,-1,-1,-1,-1,1,1,1,-1,-1,1,-1,-1,-1,1,1,1,-1,1,-1,-1,1,-1,-1,1,1,1,1,1,1,-1,-1,-1,-1,1,1,1,-1,-1,1,1,-1,1,1,1,-1,1,-1,1,-1,1,1,1,1,1,-1,1,-1,1,-1,-1,1,-1,1,-1,1,-1,-1,1,-1,1,-1,-1,1,1,-1,1,1,1,1,1,-1,-1,-1,-1,1,1,1,-1,-1,-1,1,-1,1,1,1,-1,1,1,-1,1,-1,1,1,1,-1,-1,1,1,1,1,-1,-1,1,-1,1,1,1,-1,-1,-1,1,1,-1,1,-1,1,1,1,1,1,1,1,1,-1,1,1,1,1,-1,1,-1,1,-1,1,1,1,-1,1,1,-1,-1,1,-1,1,1,-1,1,-1,-1,1,1,1,-1,-1,1,-1,-1,1,1,-1,1,-1,1,-1,-299.64227671797016,1
1098,-1,-1,1,1,-1,1,1,-1,1,1,1,1,1,-1,-1,1,-1,1,-1,1,1,-1,-1,-1,1,1,1,1,1,-1,-1,-1,-1,1,-1,-1,1,1,-1,-1,-1,-1,1,1,1,1,-1,-1,-1,1,1,-1,1,1,-1,-1,-1,1,1,-1,1,1,-1,1,1,-1,-1,-1,-1,1,-1,1,1,1,1,-1,-1,-1,-1,1,-1,1,1,-1,1,-1,-1,1,1,-1,1,-1,-1,-1,-1,-1,-1,-1,1,1,1,-1,-1,1,-1,-1,1,-1,1,1,-1,-1,1,-1,-1,-1,1,-1,1,1,-1,-1,-1,1,1,-1,-1,1,1,1,1,-1,-1,1,-1,-1,1,1,1,-1,1,-1,1,1,-1,-1,1,1,-1,-1,-1,-1,1,1,-1,-1,-1,-1,-1,1,1,-1,-1,-1,1,-1,1,-1,-1,-1,-1,-1,-1,-1,-1,1,-1,-1,-1,-1,1,-1,1,-1,1,1,-1,-1,-1,-1,-1,1,1,-1,1,-1,-1,-1,-1,1,1,-1,-1,-1,-1,-1,-1,1,1,-1,1,1,-1,1,-1,1,-299.6390957794984,1
1099,1,1,-1,1,1,-1,1,1,-1,1,-1,-1,-1,-1,-1,-1,1,1,1,-1,-1,-1,-1,-1,-1,-1,-1,1,-1,1,1,1,1,-1,-1,-1,1,1,-1,-1,1,-1,1,1,-1,1,1,-1,1,1,1,1,1,1,1,-1,-1,-1,1,-1,1,1,-1,1,1,-1,1,-1,-1,-1,-1,1,1,1,1,-1,-1,-1,1,1,-1,-1,1,-1,-1,-1,-1,1,1,-1,1,-1,-1,-1,-1,-1,1,-1,1,-1,1,-1,-1,1,-1,1,-1,-1,-1,-1,1,1,1,1,-1,-1,1,1,-1,-1,-1,-1,1,-1,-1,1,-1,-1,-1,1,1,1,1,1,-1,1,-1,1,1,-1,1,-1,1,-1,-1,-1,1,1,-1,-1,-1,-1,1,-1,-1,1,1,-1,-1,-1,-1,-1,1,-1,1,1,1,-1,1,-1,-1,1,-1,-1,1,1,-1,1,1,1,1,-1,1,-1,1,1,1,-1,-1,1,-1,1,-1,-1,1,-1,-1,-1,-1,1,1,-1,-1,-1,1,-1,-1,1,1,-1,-1,1,-1,-1,1,1,-299.62963148279874,1
1100,1,-1,1,-1,-1,1,-1,-1,1,-1,1,1,1,1,1,1,1,-1,-1,1,1,1,1,1,1,1,-1,-1,1,-1,-1,1,1,1,1,-1,1,1,-1,-1,-1,-1,-1,-1,1,-1,-1,1,-1,-1,-1,-1,-1,-1,-1,1,1,1,-1,1,-1,-1,1,-1,-1,1,-1,1,1,1,1,-1,-1,-1,-1,1,1,1,-1,-1,1,1,-1,1,1,1,1,-1,-1,1,-1,1,1,1,1,1,-1,1,-1,1,-1,1,1,-1,1,-1,1,1,1,1,-1,-1,-1,-1,1,1,-1,-1,1,1,1,1,-1,1,1,-1,1,1,1,-1,-1,-1,-1,-1,1,-1,1,-1,-1,1,-1,1,-1,1,1,1,-1,-1,1,1,1,1,-1,1,1,-1,-1,1,1,1,1,1,-1,1,-1,1,-1,1,-1,-1,1,-1,1,1,-1,-1,1,-1,-1,-1,-1,1,-1,1,-1,-1,1,1,1,-1,1,-1,1,1,-1,1,1,1,1,-1,-1,-1,1,1,-1,-1,1,-1,-1,1,1,1,1,1,-1,1,-299.6266788009934,1
1101,1,1,-1,-1,1,1,-1,1,1,-1,-1,1,-1,1,1,-1,1,1,1,-1,1,1,1,-1,-1,-1,-1,-1,-1,1,1,1,1,-1,-1,1,-1,-1,-1,1,1,-1,-1,1,-1,-1,1,-1,1,1,1,1,-1,1,1,-1,-1,-1,1,-1,1,1,-1,1,1,-1,1,1,-1,-1,1,1,-1,1,1,1,-1,-1,1,1,-1,-1,1,-1,1,-1,-1,-1,1,-1,1,-1,-1,1,-1,-1,1,1,1,-1,-1,-1,-1,1,-1,1,1,-1,-1,-1,1,1,-1,1,1,-1,-1,1,-1,-1,1,1,1,-1,-1,1,1,-1,1,-1,-1,-1,1,1,1,1,-1,-1,-1,1,-1,1,1,-1,1,1,1,1,-1,-1,-1,-1,1,-1,-1,-1,1,-1,-1,-1,-1,-1,1,-1,1,1,1,-1,1,1,-1,1,-1,-1,1,1,-1,1,1,1,1,-1,1,-1,1,1,1,-1,-1,1,-1,1,1,-1,1,1,-1,-1,-1,1,1,-1,-1,-1,-1,-1,-1,1,1,-1,-1,1,-1,1,-1,1,-299.6259371135051,1
1102,1,1,-1,-1,1,-1,1,1,-1,1,-1,-1,-1,1,1,-1,1,-1,1,-1,-1,-1,-1,-1,-1,-1,-1,1,-1,1,1,1,1,-1,-1,1,-1,-1,1,-1,1,1,1,1,-1,1,1,-1,1,1,1,1,1,1,1,-1,-1,-1,1,-1,1,1,-1,1,1,-1,1,1,-1,-1,1,1,1,1,1,-1,-1,-1,1,1,-1,-1,1,-1,1,-1,-1,1,1,-1,1,-1,-1,1,-1,-1,1,1,1,-1,-1,-1,-1,1,-1,1,1,-1,-1,-1,1,1,1,1,-1,-1,-1,1,-1,-1,-1,-1,1,-1,-1,1,-1,-1,1,1,1,-1,1,1,1,1,-1,1,1,1,-1,1,1,-1,-1,-1,1,1,-1,-1,-1,-1,1,-1,-1,-1,1,-1,-1,-1,-1,-1,1,-1,1,1,1,-1,1,1,-1,1,-1,-1,1,1,-1,1,1,1,1,-1,1,-1,1,1,-1,-1,-1,1,-1,1,-1,-1,1,1,-1,-1,-1,1,1,1,-1,-1,1,1,-1,-1,1,-1,-1,-1,-1,-1,1,1,-299.62582351927813,1
1103,-1,1,-1,1,1,-1,1,1,-1,1,-1,-1,-1,-1,-1,-1,1,1,1,-1,-1,-1,-1,-1,-1,-1,-1,1,-1,1,1,1,1,-1,-1,-1,-1,-1,-1,-1,1,-1,1,1,-1,1,1,-1,1,1,1,1,1,1,1,-1,-1,-1,1,-1,1,1,-1,1,1,-1,1,1,-1,-1,1,1,1,1,1,-1,-1,-1,1,1,-1,-1,1,-1,1,-1,-1,-1,1,-1,1,-1,-1,1,-1,-1,1,1,1,-1,-1,-1,-1,1,-1,1,1,-1,-1,-1,1,1,-1,1,-1,-1,-1,1,-1,-1,-1,-1,1,-1,-1,1,-1,-1,1,1,1,-1,1,1,1,1,-1,1,1,1,1,-1,1,-1,-1,-1,1,1,-1,-1,-1,-1,1,-1,-1,-1,1,-1,-1,-1,-1,-1,1,-1,1,1,1,-1,1,-1,-1,1,-1,-1,1,1,-1,1,1,1,1,-1,1,-1,1,1,1,-1,-1,1,-1,1,-1,-1,1,-1,-1,-1,-1,1,1,-1,-1,-1,1,-1,-1,1,1,-1,-1,1,-1,-1,1,1,-299.6250040577045,1
1104,1,-1,1,-1,-1,1,-1,-1,1,-1,1,1,-1,1,1,-1,-1,-1,1,-1,1,1,1,1,-1,-1,1,-1,-1,-1,1,1,-1,-1,1,1,-1,-1,1,1,-1,1,-1,-1,1,-1,1,1,1,-1,-1,1,-1,-1,-1,1,1,1,-1,1,-1,-1,1,-1,-1,1,-1,-1,1,1,-1,-1,-1,-1,-1,1,1,1,-1,-1,1,1,-1,1,-1,1,1,1,-1,1,-1,1,1,-1,1,1,-1,-1,-1,1,1,1,1,-1,1,-1,-1,1,-1,1,-1,1,1,-1,1,1,1,1,1,1,1,1,-1,-1,-1,-1,1,1,-1,-1,-1,1,1,-1,-1,1,1,-1,-1,1,-1,1,-1,1,1,1,-1,-1,1,1,1,1,-1,-1,1,1,1,1,1,1,1,1,-1,1,-1,-1,-1,1,-1,1,1,-1,1,1,-1,-1,1,-1,-1,-1,-1,1,-1,1,-1,-1,-1,1,1,-1,1,-1,1,1,-1,1,1,1,1,-1,-1,1,1,1,-1,1,1,-1,-1,1,1,-1,1,1,-1,-1,-299.6196651541161,1
1105,1,1,-1,-1,1,-1,-1,1,-1,-1,-1,-1,-1,1,1,-1,1,-1,1,-1,-1,1,1,1,-1,-1,-1,-1,-1,1,1,1,1,-1,1,-1,-1,-1,-1,1,1,-1,-1,-1,-1,-1,1,1,1,-1,-1,1,-1,-1,-1,1,1,1,-1,1,-1,-1,1,-1,-1,1,1,1,1,1,1,-1,-1,-1,-1,1,1,1,1,-1,1,-1,-1,1,-1,1,1,-1,-1,1,-1,1,1,1,1,1,-1,-1,-1,1,1,1,1,-1,1,1,-1,1,-1,1,-1,1,1,-1,1,1,-1,1,-1,-1,1,1,-1,-1,-1,-1,1,1,-1,-1,-1,1,1,-1,1,1,1,-1,-1,1,-1,1,-1,-1,1,1,-1,-1,1,1,1,1,1,-1,1,1,1,1,1,-1,-1,1,1,1,-1,1,-1,1,1,1,1,1,1,1,1,-1,1,1,1,1,-1,1,-1,1,-1,-1,1,1,1,-1,1,-1,-1,1,-1,1,1,1,1,-1,-1,1,1,1,1,-1,1,-1,-1,1,-1,1,1,-1,1,1,-299.61563297971105,1
1106,1,1,-1,-1,1,-1,1,1,-1,-1,-1,-1,-1,1,1,-1,1,-1,1,-1,1,-1,1,-1,-1,-1,-1,-1,-1,1,1,1,1,-1,-1,1,-1,-1,-1,1,1,-1,1,1,-1,1,1,-1,1,1,1,1,-1,1,1,-1,-1,-1,1,-1,1,1,-1,1,1,-1,1,1,-1,-1,1,1,1,1,1,-1,-1,-1,1,1,-1,-1,1,-1,1,-1,-1,1,1,-1,1,-1,-1,1,-1,-1,1,1,1,-1,-1,-1,-1,1,-1,1,1,-1,-1,-1,1,1,1,1,-1,-1,1,1,-1,-1,1,-1,1,-1,-1,1,-1,-1,1,1,1,-1,1,1,1,1,-1,1,1,-1,1,1,1,-1,1,1,1,1,-1,-1,-1,-1,1,-1,-1,-1,1,-1,-1,-1,-1,-1,1,-1,1,1,1,-1,1,1,-1,1,-1,-1,1,1,-1,1,1,1,1,-1,1,-1,1,1,1,-1,-1,1,-1,1,-1,-1,1,1,-1,-1,-1,1,1,-1,-1,-1,1,-1,-1,-1,1,-1,-1,1,-1,-1,1,1,-299.61050994854327,1
1107,-1,1,-1,1,1,-1,1,1,-1,1,-1,-1,-1,-1,-1,-1,1,1,1,-1,1,-1,-1,-1,-1,-1,-1,1,-1,1,1,1,1,-1,-1,-1,-1,-1,-1,-1,1,-1,1,1,-1,1,1,-1,1,1,1,1,1,1,1,-1,-1,-1,1,-1,1,1,-1,1,1,-1,1,-1,-1,-1,-1,1,1,1,1,-1,-1,-1,1,1,-1,-1,1,-1,-1,-1,-1,1,1,-1,1,-1,-1,-1,-1,-1,1,-1,1,-1,1,-1,-1,1,-1,1,-1,-1,-1,-1,1,1,1,1,-1,-1,1,1,-1,-1,-1,-1,1,-1,-1,1,-1,-1,-1,1,1,1,1,1,-1,1,-1,1,1,1,1,-1,1,-1,-1,-1,1,1,-1,-1,-1,-1,1,-1,-1,1,1,-1,-1,-1,-1,-1,1,-1,1,1,1,-1,1,-1,-1,1,-1,-1,1,1,-1,1,1,1,1,-1,1,-1,1,1,1,-1,-1,1,-1,1,-1,-1,1,-1,-1,-1,-1,1,1,-1,-1,-1,1,-1,-1,1,1,-1,-1,1,-1,-1,1,1,-299.60624174705623,1
1108,-1,1,-1,1,1,-1,1,1,-1,1,-1,-1,-1,-1,-1,-1,1,-1,1,-1,-1,-1,-1,-1,-1,-1,1,1,-1,1,1,1,1,-1,-1,1,-1,-1,1,-1,1,1,1,1,-1,1,1,-1,1,1,1,1,1,1,1,-1,-1,-1,1,-1,1,1,-1,1,1,-1,1,-1,-1,-1,-1,1,1,1,1,-1,-1,-1,1,1,-1,-1,1,-1,-1,-1,-1,1,1,-1,1,-1,-1,-1,-1,-1,1,-1,1,-1,1,-1,-1,1,-1,1,-1,-1,-1,-1,1,1,1,1,-1,-1,1,1,-1,-1,-1,-1,1,-1,-1,1,-1,-1,-1,1,1,1,1,1,-1,1,-1,1,1,1,1,-1,1,-1,-1,-1,1,1,-1,-1,-1,-1,1,-1,-1,1,1,-1,-1,-1,-1,-1,1,-1,1,1,1,-1,1,1,-1,1,-1,-1,1,1,-1,1,1,1,1,-1,1,1,1,1,-1,-1,-1,1,-1,1,-1,-1,1,-1,-1,-1,-1,1,1,1,-1,-1,1,1,-1,1,1,-1,1,-1,-1,-1,1,-1,-299.6050166986535,1
1109,1,-1,1,-1,-1,1,-1,-1,1,1,1,1,1,1,1,1,-1,1,-1,1,1,1,1,1,1,1,-1,1,1,-1,-1,-1,-1,1,1,-1,1,1,-1,-1,-1,-1,-1,-1,1,-1,-1,1,-1,-1,-1,-1,-1,-1,-1,1,1,1,-1,1,-1,-1,1,-1,-1,1,-1,-1,1,1,-1,-1,-1,-1,-1,1,1,1,-1,-1,1,1,-1,1,-1,1,1,-1,-1,1,-1,1,1,-1,1,1,-1,-1,-1,1,1,1,1,-1,1,-1,-1,1,1,1,-1,-1,-1,-1,1,1,1,-1,1,1,-1,1,-1,1,1,-1,1,1,-1,-1,-1,1,-1,-1,-1,-1,1,-1,-1,1,-1,1,-1,1,1,1,-1,-1,1,1,1,1,-1,1,1,1,-1,1,1,1,1,1,-1,1,-1,-1,-1,1,-1,-1,1,-1,1,1,-1,-1,1,-1,-1,-1,-1,1,-1,-1,-1,-1,1,1,1,-1,1,-1,1,1,-1,1,1,1,1,-1,-1,-1,1,1,-1,-1,1,-1,-1,1,1,1,1,1,-1,1,-299.6008328350494,1
1110,1,-1,1,1,-1,-1,-1,-1,-1,-1,1,-1,1,-1,-1,1,-1,-1,-1,1,-1,1,1,1,1,1,1,-1,1,-1,-1,-1,-1,1,1,-1,1,1,1,1,-1,1,-1,-1,1,-1,-1,1,-1,-1,-1,-1,-1,-1,-1,1,1,1,-1,1,-1,-1,1,-1,-1,1,-1,-1,1,1,-1,-1,-1,-1,-1,1,1,1,-1,-1,1,1,-1,1,-1,1,1,-1,-1,1,-1,1,1,-1,1,1,-1,-1,-1,1,1,1,1,-1,1,-1,-1,1,1,1,-1,-1,-1,-1,1,1,1,-1,1,1,1,1,-1,1,1,-1,1,1,-1,-1,-1,1,-1,-1,-1,-1,1,-1,-1,-1,-1,-1,-1,1,1,1,-1,-1,1,1,1,1,-1,1,1,1,-1,1,1,1,1,1,-1,1,-1,-1,-1,1,-1,-1,1,-1,1,1,-1,-1,1,-1,-1,-1,-1,1,-1,1,-1,-1,-1,1,1,-1,1,-1,-1,1,-1,-1,1,1,1,-1,-1,1,1,1,1,1,1,-1,-1,1,1,-1,1,-1,1,-1,-299.5975484594616,1
1111,1,-1,1,-1,-1,1,-1,-1,1,-1,1,1,1,1,1,1,-1,-1,-1,1,-1,1,1,1,1,1,1,-1,1,-1,-1,-1,-1,1,1,1,1,1,1,-1,-1,1,-1,-1,1,-1,-1,1,-1,-1,-1,-1,-1,-1,-1,1,1,1,-1,1,-1,-1,1,-1,-1,1,-1,-1,1,1,-1,-1,-1,-1,-1,1,1,1,-1,-1,1,1,-1,1,-1,1,1,-1,-1,1,-1,1,1,-1,1,1,-1,-1,-1,1,1,1,-1,-1,1,-1,-1,1,1,1,-1,-1,-1,-1,1,1,1,-1,1,1,1,1,-1,1,1,-1,1,1,-1,-1,-1,1,-1,-1,-1,-1,1,-1,-1,1,-1,1,-1,1,1,1,-1,-1,1,1,1,1,-1,1,1,1,-1,1,1,1,1,1,-1,1,-1,-1,-1,1,-1,1,1,-1,1,1,-1,-1,1,-1,-1,-1,-1,1,-1,1,-1,-1,-1,1,1,-1,1,-1,1,1,-1,1,1,1,1,-1,-1,1,1,1,-1,1,1,1,-1,1,1,-1,1,1,-1,-1,-299.5941397885036,1
1112,-1,1,-1,1,1,-1,1,1,-1,1,-1,-1,-1,-1,-1,-1,1,1,1,-1,-1,-1,-1,-1,-1,-1,1,1,-1,1,1,1,1,-1,-1,-1,-1,-1,-1,1,1,-1,1,1,-1,1,1,-1,1,1,1,1,1,1,1,-1,-1,-1,1,-1,1,1,-1,1,1,-1,1,1,-1,-1,1,1,1,1,1,-1,-1,-1,1,1,-1,-1,1,-1,1,-1,-1,1,1,-1,1,-1,-1,1,-1,-1,1,1,1,-1,-1,-1,1,1,-1,1,1,-1,-1,-1,1,1,1,1,-1,-1,-1,1,-1,-1,-1,-1,1,-1,-1,1,-1,-1,1,1,1,-1,1,1,1,1,-1,1,1,-1,1,-1,1,-1,-1,-1,1,1,-1,-1,-1,-1,1,-1,-1,-1,1,-1,-1,-1,-1,-1,1,-1,1,1,1,-1,1,-1,-1,1,-1,-1,1,1,-1,1,1,1,1,-1,1,-1,1,1,1,-1,-1,1,-1,1,-1,-1,1,-1,-1,-1,-1,1,1,-1,-1,-1,1,-1,-1,1,1,-1,-1,1,-1,-1,1,1,-299.5938337329442,1
1113,-1,-1,1,1,-1,-1,1,-1,1,1,1,-1,1,-1,1,1,-1,-1,-1,1,-1,-1,-1,1,1,1,1,1,1,-1,-1,-1,-1,1,-1,1,1,1,1,-1,-1,1,1,-1,-1,1,1,1,-1,1,1,-1,1,1,1,1,1,-1,-1,1,1,1,-1,1,-1,1,1,1,1,-1,1,-1,1,-1,1,-1,1,-1,1,-1,-1,1,-1,-1,-1,1,1,1,-1,-1,-1,1,-1,-1,1,-1,-1,-1,-1,1,1,1,-1,-1,1,-1,-1,1,1,-1,-1,-1,1,-1,-1,-1,1,-1,-1,1,-1,-1,-1,1,1,-1,-1,-1,-1,1,1,1,-1,1,-1,-1,-1,1,1,-1,1,-1,1,-1,-1,-1,-1,1,1,1,-1,1,-1,1,1,1,-1,1,1,1,1,1,-1,1,-1,-1,-1,1,-1,-1,1,-1,1,1,-1,-1,1,1,1,1,-1,1,-1,1,-1,-1,-1,-1,1,1,-1,1,1,-1,1,1,1,1,1,-1,1,1,1,-1,1,-1,-1,-1,-1,-1,1,-1,-1,-1,1,1,-299.5925981744627,1
1114,1,1,-1,-1,1,1,-1,1,-1,-1,-1,1,-1,1,-1,-1,1,1,1,-1,1,1,1,-1,-1,-1,-1,-1,-1,1,1,1,1,-1,1,-1,-1,-1,-1,1,1,-1,-1,1,1,-1,-1,-1,1,-1,-1,1,-1,-1,-1,-1,-1,1,1,-1,-1,-1,1,-1,1,-1,-1,-1,-1,1,-1,1,-1,1,-1,1,-1,1,-1,1,1,-1,1,1,1,-1,-1,-1,1,1,1,-1,1,1,-1,1,1,1,1,-1,-1,-1,-1,1,-1,1,1,-1,-1,1,1,1,-1,1,1,1,-1,1,1,-1,1,1,1,-1,-1,1,1,1,1,-1,-1,-1,1,-1,1,1,1,-1,-1,1,-1,1,-1,1,1,1,1,-1,-1,-1,1,-1,1,-1,-1,-1,1,-1,-1,-1,-1,-1,1,-1,1,1,1,-1,1,1,-1,1,-1,-1,1,1,-1,-1,-1,-1,1,-1,1,-1,1,1,1,1,-1,-1,1,-1,-1,1,-1,-1,-1,-1,-1,1,1,-1,-1,1,-1,1,1,1,1,1,-1,1,1,1,-1,1,-299.58436118525935,1
1115,-1,1,-1,1,1,-1,1,1,-1,1,-1,-1,-1,-1,-1,-1,1,-1,1,-1,-1,-1,-1,-1,-1,-1,1,1,-1,1,1,1,1,-1,-1,1,-1,-1,1,-1,1,1,1,1,-1,1,1,-1,1,1,1,1,1,1,1,-1,-1,-1,1,-1,1,1,-1,1,1,-1,1,-1,-1,-1,-1,1,1,1,1,-1,-1,-1,1,1,-1,-1,1,-1,-1,-1,-1,-1,1,-1,1,-1,-1,-1,-1,-1,1,-1,1,-1,1,-1,-1,1,-1,1,-1,-1,-1,-1,1,1,1,1,-1,-1,1,1,-1,-1,-1,-1,1,-1,-1,1,-1,-1,-1,1,1,1,1,1,-1,1,-1,1,1,-1,1,-1,1,-1,-1,-1,1,1,-1,-1,-1,-1,1,-1,-1,1,1,-1,-1,-1,-1,-1,1,-1,1,1,1,-1,1,1,-1,1,-1,-1,1,1,-1,1,1,1,1,-1,1,1,1,1,-1,-1,-1,1,-1,1,-1,-1,1,-1,-1,-1,-1,1,1,1,-1,-1,1,1,-1,1,1,-1,-1,-1,-1,-1,1,1,-299.5792940629161,1
1116,1,1,-1,-1,1,-1,-1,1,-1,-1,-1,-1,-1,1,1,-1,1,-1,1,-1,-1,1,1,1,-1,-1,-1,-1,-1,1,1,1,1,-1,1,1,-1,-1,1,1,1,1,-1,-1,-1,-1,1,1,1,-1,-1,1,-1,-1,-1,1,1,1,-1,1,-1,-1,1,-1,-1,1,1,1,1,1,1,-1,-1,-1,-1,1,1,1,-1,-1,1,1,-1,1,1,1,-1,1,-1,1,-1,1,1,1,1,1,-1,1,-1,1,-1,-1,1,-1,1,-1,1,-1,-1,1,-1,1,-1,-1,1,1,-1,1,1,1,1,1,-1,-1,-1,-1,1,1,1,-1,-1,-1,1,-1,1,1,1,-1,-1,1,-1,1,-1,1,1,1,-1,-1,1,1,1,1,-1,-1,1,-1,1,1,1,-1,-1,-1,1,1,-1,1,-1,1,1,1,1,1,1,1,1,-1,1,1,1,1,-1,1,-1,1,-1,1,1,1,-1,1,1,-1,-1,1,-1,1,1,-1,-1,1,1,1,1,1,1,1,1,-1,-1,1,1,-1,1,-1,1,1,-299.57923050900195,1
1117,1,-1,1,-1,-1,-1,-1,-1,-1,-1,1,-1,1,-1,-1,1,-1,-1,-1,1,-1,1,1,1,1,1,1,-1,1,-1,-1,-1,-1,1,1,-1,1,1,1,-1,-1,1,-1,-1,1,-1,-1,1,-1,-1,-1,-1,-1,-1,-1,1,1,1,-1,1,-1,-1,1,-1,-1,1,-1,1,1,1,1,-1,-1,-1,-1,1,1,1,-1,-1,1,1,-1,1,1,1,1,1,-1,1,-1,1,1,1,1,1,-1,1,-1,1,-1,1,1,-1,1,-1,1,1,1,1,-1,-1,-1,-1,1,1,-1,-1,1,1,1,1,-1,1,1,-1,1,1,1,-1,-1,-1,-1,-1,1,-1,1,-1,-1,1,-1,1,-1,1,1,1,-1,-1,1,1,1,1,-1,1,1,-1,-1,1,1,1,1,1,-1,1,-1,-1,-1,1,-1,-1,1,-1,1,1,-1,-1,1,-1,-1,-1,-1,1,-1,1,-1,-1,-1,1,1,-1,1,-1,-1,1,-1,-1,1,1,1,-1,-1,1,1,1,1,1,1,-1,-1,1,1,-1,1,-1,1,1,-299.5775520112275,1
1118,-1,1,-1,1,1,-1,1,1,-1,1,-1,-1,-1,-1,-1,-1,1,1,1,-1,-1,-1,-1,-1,-1,-1,-1,1,-1,1,1,1,1,-1,-1,-1,-1,-1,-1,-1,1,-1,1,1,-1,1,1,-1,1,1,1,1,1,1,1,-1,-1,-1,1,-1,1,1,-1,1,1,-1,1,-1,-1,-1,-1,1,1,1,1,-1,-1,-1,-1,1,-1,1,1,-1,-1,-1,-1,1,1,-1,1,-1,-1,-1,-1,-1,-1,-1,1,1,1,-1,-1,1,-1,-1,1,-1,-1,-1,-1,1,1,-1,-1,-1,1,1,-1,1,-1,-1,-1,-1,-1,-1,-1,-1,1,1,1,-1,1,1,-1,1,-1,1,1,1,1,-1,1,1,-1,-1,1,1,-1,-1,-1,-1,1,-1,-1,-1,1,-1,-1,-1,-1,-1,1,-1,1,1,1,-1,1,-1,-1,1,-1,-1,1,1,-1,1,1,1,1,-1,1,-1,1,1,1,-1,-1,1,-1,1,-1,-1,1,-1,-1,-1,-1,1,1,-1,-1,-1,1,-1,-1,1,1,-1,-1,1,-1,-1,1,-1,-299.5713482349732,1
1119,1,-1,1,-1,-1,1,-1,-1,1,-1,1,1,1,1,1,1,-1,1,-1,1,1,1,1,1,1,1,-1,-1,1,-1,-1,-1,-1,1,1,-1,1,1,-1,1,-1,-1,-1,-1,1,-1,-1,1,-1,-1,-1,-1,-1,-1,-1,1,1,1,-1,1,-1,-1,1,-1,-1,1,-1,-1,1,1,-1,-1,-1,-1,-1,1,1,1,-1,-1,1,1,-1,1,-1,1,1,-1,-1,1,-1,1,1,-1,1,1,-1,-1,-1,1,1,1,-1,-1,1,-1,-1,1,1,1,-1,-1,-1,-1,1,1,1,-1,1,1,1,1,-1,1,1,-1,1,1,-1,-1,-1,1,-1,-1,-1,-1,1,-1,-1,-1,1,1,-1,1,1,1,-1,-1,1,1,1,1,-1,1,1,1,-1,1,1,1,1,1,-1,1,-1,-1,-1,1,-1,1,1,-1,1,1,-1,-1,1,-1,-1,-1,-1,1,-1,-1,-1,-1,1,1,1,-1,1,-1,1,1,-1,1,1,1,1,-1,-1,-1,1,1,-1,-1,1,-1,-1,1,-1,1,1,1,-1,-1,-299.56318201613567,1
1120,-1,1,-1,1,1,-1,1,1,-1,1,-1,-1,-1,-1,-1,-1,1,-1,1,-1,-1,-1,-1,-1,-1,-1,1,1,-1,1,1,1,1,-1,-1,1,-1,-1,1,-1,1,1,1,1,-1,1,1,-1,1,1,1,1,1,1,1,-1,-1,-1,1,-1,1,1,-1,1,1,-1,1,-1,-1,-1,-1,1,1,1,1,-1,-1,-1,1,1,-1,-1,1,-1,-1,-1,-1,1,1,-1,1,-1,-1,1,-1,-1,-1,-1,1,1,1,-1,-1,1,-1,1,-1,-1,-1,-1,-1,1,1,-1,-1,-1,-1,1,-1,-1,-1,-1,1,-1,-1,-1,-1,-1,-1,1,1,1,1,1,-1,1,-1,1,1,1,1,-1,1,-1,-1,-1,1,1,-1,-1,-1,-1,1,-1,-1,1,1,-1,-1,-1,-1,-1,1,-1,1,1,1,-1,1,1,-1,1,-1,-1,1,1,-1,1,1,1,1,-1,1,1,1,1,-1,-1,-1,1,-1,1,-1,-1,1,-1,-1,-1,-1,1,1,1,-1,-1,1,1,-1,1,1,-1,-1,-1,-1,-1,1,1,-299.547728893205,3
1121,1,-1,1,-1,-1,1,-1,-1,1,-1,1,1,1,1,1,1,-1,1,-1,1,1,1,1,1,1,1,-1,-1,1,-1,-1,-1,-1,1,1,-1,1,1,-1,1,-1,-1,-1,-1,1,-1,-1,1,-1,-1,-1,-1,-1,-1,-1,1,1,1,-1,1,-1,-1,1,-1,-1,1,-1,1,1,1,1,-1,-1,-1,-1,1,1,1,-1,-1,1,1,-1,1,1,1,1,-1,-1,1,-1,1,1,-1,1,1,1,1,-1,-1,-1,1,1,-1,1,-1,1,1,1,1,1,-1,-1,1,1,1,1,-1,1,1,1,1,-1,1,1,1,1,1,1,-1,-1,-1,-1,-1,1,-1,1,-1,-1,-1,-1,1,-1,1,1,1,-1,-1,1,1,1,1,-1,1,1,-1,-1,1,1,1,1,1,-1,1,-1,-1,-1,1,-1,-1,1,-1,1,1,-1,-1,1,-1,-1,-1,-1,1,-1,-1,-1,-1,1,1,1,-1,1,-1,1,1,-1,1,1,1,1,-1,-1,-1,1,1,-1,-1,1,-1,-1,1,1,1,1,1,-1,-1,-299.547728893205,1
1122,-1,1,-1,1,1,-1,1,1,-1,1,-1,-1,1,1,1,1,1,-1,-1,-1,1,-1,-1,-1,1,1,-1,1,1,1,-1,1,1,1,-1,1,1,1,-1,-1,1,-1,1,1,-1,1,1,-1,-1,1,1,-1,1,1,1,-1,-1,-1,1,-1,1,1,-1,1,1,-1,-1,-1,-1,-1,-1,1,1,1,1,-1,-1,-1,1,1,-1,-1,1,-1,-1,-1,-1,1,1,-1,1,-1,-1,1,-1,-1,-1,-1,1,1,1,-1,-1,1,-1,1,-1,-1,1,-1,-1,-1,1,-1,-1,-1,-1,-1,-1,-1,-1,-1,1,1,1,-1,-1,-1,-1,1,1,1,-1,1,-1,-1,-1,1,1,-1,1,-1,1,-1,-1,-1,1,1,-1,-1,-1,-1,1,-1,-1,1,1,-1,-1,-1,-1,-1,1,-1,1,1,1,-1,1,-1,-1,1,-1,-1,1,1,-1,1,1,1,1,-1,1,-1,1,1,1,-1,-1,1,-1,1,-1,-1,1,1,-1,-1,-1,1,1,-1,-1,-1,1,-1,-1,-1,1,-1,-1,1,-1,-1,1,1,-299.54548100168074,1
1123,1,-1,1,-1,-1,1,-1,-1,1,-1,1,1,1,1,1,1,-1,-1,-1,1,1,1,1,1,-1,1,1,-1,1,-1,1,-1,-1,-1,1,1,-1,-1,1,1,-1,1,-1,-1,1,-1,-1,1,1,-1,-1,1,-1,-1,-1,1,1,1,-1,1,-1,-1,1,-1,-1,1,-1,1,1,1,1,-1,-1,-1,-1,1,1,1,-1,-1,1,1,-1,1,1,1,1,1,-1,1,-1,1,1,1,1,1,-1,1,-1,1,-1,1,1,-1,1,-1,1,1,-1,1,-1,1,-1,-1,1,1,-1,1,1,1,1,1,-1,-1,-1,-1,1,1,1,-1,-1,-1,-1,-1,1,-1,1,-1,-1,1,-1,1,-1,1,1,1,-1,-1,1,1,1,1,-1,1,1,-1,-1,1,1,1,1,1,-1,1,-1,-1,-1,1,-1,1,1,-1,1,1,-1,-1,1,-1,-1,-1,-1,1,-1,1,-1,-1,-1,1,1,-1,1,-1,1,1,-1,1,1,1,1,-1,-1,1,1,1,-1,1,1,-1,-1,1,1,-1,1,1,-1,-1,-299.54491823434336,1
1124,-1,1,-1,1,1,-1,1,1,-1,1,-1,-1,-1,-1,-1,-1,1,-1,1,-1,-1,-1,-1,-1,-1,-1,1,1,-1,1,1,1,1,-1,-1,1,-1,-1,1,1,1,1,1,1,-1,1,1,-1,1,1,1,1,1,1,1,-1,-1,-1,1,-1,1,1,-1,1,1,-1,1,-1,-1,-1,-1,1,1,1,1,-1,-1,-1,1,1,-1,-1,1,-1,-1,-1,-1,-1,1,-1,1,-1,-1,-1,-1,-1,1,-1,1,-1,1,-1,-1,1,-1,1,-1,-1,-1,-1,1,1,1,1,-1,-1,1,1,-1,-1,-1,-1,1,-1,-1,1,-1,-1,-1,1,1,1,1,1,-1,1,-1,1,1,-1,1,-1,1,-1,-1,-1,1,1,-1,-1,-1,-1,1,-1,-1,1,1,-1,-1,-1,-1,-1,1,-1,1,1,1,-1,1,1,-1,1,-1,-1,1,1,-1,1,1,1,1,-1,1,-1,1,1,-1,-1,-1,1,-1,1,-1,-1,1,-1,-1,-1,-1,1,1,1,-1,-1,1,1,-1,1,1,-1,-1,-1,-1,-1,1,-1,-299.5447952865383,1
1125,-1,1,-1,1,1,-1,1,1,-1,1,-1,-1,-1,-1,-1,-1,1,-1,1,-1,-1,-1,-1,-1,-1,-1,1,1,-1,1,1,1,1,-1,-1,1,-1,-1,1,-1,1,1,1,1,-1,1,1,-1,1,1,1,1,1,1,1,-1,-1,-1,1,-1,1,1,-1,1,1,-1,1,1,-1,-1,1,1,1,1,1,-1,-1,-1,1,1,-1,-1,1,-1,1,-1,-1,1,1,-1,1,-1,-1,1,-1,-1,1,1,1,-1,-1,-1,-1,1,-1,-1,1,-1,-1,-1,1,1,1,1,-1,-1,1,1,-1,1,-1,-1,1,-1,-1,1,-1,-1,1,1,1,-1,1,1,1,1,-1,1,1,1,1,-1,1,-1,-1,-1,1,1,-1,-1,-1,-1,1,-1,-1,-1,1,-1,-1,-1,-1,-1,1,-1,1,1,1,-1,1,1,-1,1,-1,-1,1,1,-1,1,1,1,1,-1,1,1,1,1,-1,-1,-1,1,-1,1,-1,-1,1,-1,-1,-1,-1,1,1,1,-1,-1,1,1,-1,1,1,-1,-1,-1,-1,-1,1,1,-299.54379739549006,1
1126,1,1,-1,1,1,-1,1,1,-1,1,-1,-1,-1,-1,-1,-1,1,1,1,-1,-1,-1,-1,-1,-1,-1,1,1,-1,1,1,1,1,-1,-1,1,-1,-1,1,1,1,1,1,1,-1,1,1,-1,1,1,1,1,1,1,1,-1,-1,-1,1,-1,1,1,-1,1,1,-1,1,-1,-1,-1,-1,1,1,1,1,-1,-1,-1,1,1,-1,-1,1,-1,-1,-1,-1,-1,1,-1,1,-1,-1,-1,-1,-1,1,-1,1,-1,1,-1,-1,1,-1,1,-1,-1,-1,-1,1,1,1,1,-1,-1,1,1,-1,-1,-1,-1,1,-1,-1,1,-1,-1,-1,1,1,1,1,1,-1,1,-1,1,1,-1,1,-1,1,-1,-1,-1,1,1,-1,-1,-1,-1,1,-1,-1,1,1,-1,-1,-1,-1,-1,1,-1,1,1,1,-1,1,1,-1,1,-1,-1,1,1,-1,1,1,1,1,-1,1,1,1,1,-1,-1,-1,1,-1,1,-1,-1,1,-1,-1,-1,-1,1,1,1,-1,-1,1,1,-1,1,1,-1,-1,-1,-1,-1,1,1,-299.54232571511517,1
1127,-1,1,-1,1,1,-1,1,1,-1,1,-1,-1,-1,-1,-1,-1,1,-1,1,-1,-1,-1,-1,-1,-1,-1,1,1,-1,1,1,1,1,-1,-1,1,-1,-1,1,1,1,1,1,1,-1,1,1,-1,1,1,1,1,1,1,1,-1,-1,-1,1,-1,1,1,-1,1,1,-1,1,-1,-1,-1,-1,1,1,1,1,-1,-1,-1,1,1,-1,-1,1,-1,-1,-1,-1,1,1,-1,1,-1,-1,-1,-1,-1,1,-1,1,-1,1,-1,-1,1,-1,1,-1,-1,-1,-1,1,1,1,1,-1,-1,1,1,-1,-1,-1,-1,1,-1,-1,1,-1,-1,-1,1,1,1,1,1,-1,1,-1,1,1,-1,1,-1,1,-1,-1,-1,1,1,-1,-1,-1,-1,1,-1,-1,1,1,-1,-1,-1,-1,-1,1,-1,1,1,1,-1,1,1,-1,1,-1,-1,1,1,-1,1,1,1,1,-1,1,1,1,1,-1,-1,-1,1,-1,1,-1,-1,1,-1,-1,-1,-1,1,1,1,-1,-1,1,1,-1,1,1,-1,1,-1,-1,-1,1,1,-299.53360006838193,1
1128,-1,1,-1,1,1,-1,1,1,-1,1,-1,-1,-1,-1,-1,-1,-1,1,1,-1,-1,-1,-1,-1,-1,-1,1,1,-1,1,1,1,-1,-1,-1,1,-1,-1,1,-1,1,1,1,1,-1,1,1,-1,1,1,1,1,1,1,1,-1,-1,-1,1,-1,1,1,-1,1,1,-1,1,-1,-1,-1,-1,1,1,1,1,-1,-1,-1,-1,1,-1,1,1,-1,-1,-1,-1,1,1,-1,1,-1,-1,-1,-1,-1,-1,-1,1,1,1,-1,-1,1,-1,-1,1,-1,-1,-1,-1,1,1,-1,-1,-1,1,1,-1,1,-1,-1,-1,-1,-1,-1,-1,-1,1,1,1,-1,1,1,-1,1,-1,1,1,1,1,-1,1,1,-1,-1,1,1,-1,-1,-1,-1,1,-1,-1,-1,1,-1,-1,-1,-1,-1,1,-1,1,-1,1,-1,1,1,-1,1,-1,-1,1,1,-1,1,1,1,1,-1,1,-1,1,1,-1,-1,-1,1,-1,1,-1,-1,1,-1,-1,-1,-1,1,1,1,-1,-1,1,1,-1,1,1,-1,-1,-1,-1,-1,1,1,-299.53101929370433,1
1129,1,-1,1,-1,-1,1,-1,-1,1,-1,1,1,1,1,1,1,-1,-1,-1,1,1,1,1,1,-1,1,1,-1,1,-1,1,-1,-1,-1,1,1,-1,-1,1,1,-1,1,-1,-1,1,-1,-1,1,1,-1,-1,1,-1,-1,-1,1,1,1,-1,1,-1,-1,1,-1,-1,1,-1,1,1,-1,1,-1,-1,-1,-1,1,1,1,-1,-1,1,1,-1,1,1,1,1,1,-1,1,-1,1,1,1,1,1,-1,1,-1,1,-1,1,1,-1,1,-1,1,1,-1,1,-1,1,-1,-1,1,-1,-1,1,1,1,1,1,-1,-1,-1,-1,1,1,1,-1,-1,-1,-1,-1,1,-1,1,-1,-1,1,-1,1,-1,1,1,1,-1,-1,1,1,1,1,-1,1,1,-1,-1,1,1,1,1,1,-1,1,-1,-1,-1,1,-1,1,1,-1,1,1,-1,-1,1,-1,-1,-1,-1,1,-1,1,-1,-1,-1,1,1,-1,1,-1,1,1,-1,1,1,1,1,-1,-1,1,1,1,-1,1,1,-1,-1,1,1,-1,1,1,-1,-1,-299.53043307521796,1
1130,-1,1,-1,1,1,-1,1,1,-1,1,-1,-1,-1,-1,-1,-1,1,1,1,-1,-1,-1,-1,-1,-1,-1,-1,1,-1,1,-1,1,1,1,-1,-1,1,1,-1,-1,1,-1,1,1,-1,1,1,-1,-1,1,1,-1,1,1,1,-1,-1,-1,1,-1,1,1,-1,1,1,-1,-1,-1,-1,-1,-1,1,1,1,1,-1,-1,-1,1,1,-1,-1,1,-1,-1,-1,-1,1,1,-1,1,-1,-1,-1,-1,-1,1,-1,1,-1,1,-1,-1,1,-1,1,-1,-1,1,-1,1,-1,1,1,-1,-1,1,-1,-1,-1,-1,-1,1,-1,1,1,-1,-1,-1,1,1,1,1,1,-1,1,-1,1,1,-1,1,-1,1,-1,-1,-1,1,1,-1,-1,-1,-1,1,-1,-1,1,1,-1,-1,-1,-1,-1,1,-1,1,1,1,-1,1,-1,-1,1,-1,-1,1,1,-1,1,1,1,1,-1,1,-1,1,1,1,-1,-1,1,-1,1,-1,-1,1,-1,-1,-1,-1,1,1,-1,-1,-1,1,-1,-1,1,1,-1,-1,1,-1,-1,1,-1,-299.5304088451354,1
1131,-1,-1,1,-1,-1,-1,-1,-1,1,-1,1,-1,1,1,1,1,-1,-1,-1,1,-1,1,1,1,1,1,1,-1,1,-1,-1,-1,-1,1,1,1,1,1,1,1,-1,1,-1,-1,1,-1,-1,1,-1,-1,-1,-1,-1,-1,-1,1,1,1,-1,1,-1,-1,1,-1,-1,1,-1,-1,1,1,-1,-1,-1,-1,-1,1,1,1,-1,-1,1,1,-1,1,-1,1,1,-1,-1,1,-1,1,1,-1,1,1,-1,-1,-1,1,1,1,-1,-1,1,-1,-1,1,1,1,-1,-1,-1,-1,1,1,1,-1,1,1,1,1,-1,1,1,-1,1,1,-1,-1,-1,1,-1,-1,-1,-1,1,-1,-1,-1,-1,1,-1,1,1,1,-1,-1,1,1,1,1,-1,1,1,1,-1,1,1,1,1,1,-1,1,-1,-1,-1,1,-1,1,1,-1,1,1,-1,-1,1,1,1,1,-1,1,-1,1,-1,-1,-1,1,1,-1,1,-1,1,1,-1,1,1,1,1,-1,-1,1,1,1,1,1,1,-1,-1,1,1,-1,1,-1,1,1,-299.53004046599796,1
1132,1,1,-1,-1,1,-1,-1,1,-1,-1,-1,-1,-1,1,1,-1,1,-1,1,-1,-1,1,1,1,-1,-1,-1,-1,-1,1,1,1,1,-1,1,-1,-1,-1,1,1,1,-1,-1,-1,1,-1,1,1,1,-1,-1,1,-1,-1,-1,1,1,1,-1,1,-1,-1,1,-1,-1,1,1,1,1,1,1,-1,-1,-1,-1,1,1,1,-1,-1,1,1,-1,1,1,1,1,1,-1,1,-1,1,1,1,1,1,-1,1,-1,1,-1,1,1,-1,1,-1,1,1,-1,1,-1,1,1,-1,1,1,-1,1,1,1,1,1,-1,-1,-1,-1,1,1,1,-1,-1,-1,1,-1,1,1,1,-1,-1,1,-1,1,-1,1,1,1,-1,-1,1,1,1,1,-1,-1,1,-1,1,1,1,-1,-1,-1,1,1,-1,1,-1,1,1,1,1,1,1,1,1,-1,1,1,1,1,-1,1,-1,1,-1,-1,1,1,1,-1,1,-1,-1,1,-1,1,1,1,1,-1,-1,1,1,1,1,-1,1,-1,-1,1,-1,1,1,-1,-1,-1,-299.5299951703968,1
1133,1,-1,1,-1,-1,1,-1,-1,1,-1,1,1,1,1,1,1,1,-1,-1,1,1,1,1,1,1,1,-1,-1,1,-1,-1,-1,1,1,1,-1,1,1,-1,1,-1,-1,-1,-1,1,-1,-1,1,-1,-1,-1,-1,-1,-1,-1,1,1,1,-1,1,-1,-1,1,-1,-1,1,-1,-1,1,1,-1,-1,-1,-1,-1,1,1,1,-1,-1,1,1,-1,1,-1,1,1,-1,-1,1,-1,1,1,-1,1,1,-1,-1,-1,1,1,1,-1,-1,1,-1,-1,1,1,1,-1,-1,-1,-1,1,1,1,-1,1,1,1,1,-1,1,1,-1,1,1,-1,-1,-1,1,-1,-1,-1,-1,1,-1,-1,-1,1,1,-1,1,1,1,-1,-1,1,1,1,1,-1,1,1,1,-1,1,1,1,1,1,-1,1,-1,1,-1,1,-1,-1,1,-1,1,1,-1,1,1,-1,-1,-1,-1,1,-1,1,-1,-1,1,1,1,-1,1,-1,1,1,-1,1,1,1,1,-1,-1,-1,1,1,-1,-1,1,-1,-1,1,1,1,1,1,-1,1,-299.51652820800354,1
1134,-1,-1,1,1,-1,1,-1,-1,1,1,1,1,1,-1,-1,1,-1,1,-1,1,1,1,-1,1,1,1,1,1,1,-1,-1,-1,-1,1,1,-1,1,1,-1,-1,-1,-1,-1,-1,1,-1,-1,1,-1,-1,-1,-1,1,-1,-1,1,1,1,-1,1,-1,-1,1,-1,-1,1,-1,-1,1,1,-1,-1,-1,-1,-1,1,1,1,-1,-1,1,1,-1,1,-1,1,1,-1,-1,1,-1,1,1,-1,1,1,-1,-1,-1,1,1,1,1,-1,1,-1,-1,1,1,1,-1,-1,-1,-1,1,1,-1,-1,1,1,-1,1,-1,1,1,-1,1,1,-1,-1,-1,1,-1,-1,-1,-1,1,-1,-1,1,-1,-1,-1,1,-1,-1,-1,-1,1,1,1,1,-1,1,1,1,-1,1,1,1,1,1,-1,1,-1,-1,-1,1,-1,-1,1,-1,1,1,-1,-1,1,-1,-1,-1,-1,1,-1,1,-1,-1,1,1,1,-1,1,-1,1,1,-1,-1,1,1,1,-1,-1,-1,1,1,-1,-1,1,1,-1,1,1,1,1,1,-1,1,-299.51572649605487,1
1135,-1,1,-1,1,1,-1,1,1,-1,1,-1,-1,-1,-1,-1,-1,1,1,1,-1,1,-1,-1,-1,-1,-1,-1,1,-1,1,-1,1,1,1,-1,-1,1,1,-1,-1,1,-1,1,1,-1,1,1,-1,-1,1,1,-1,1,1,1,-1,-1,-1,1,-1,1,1,-1,1,1,-1,-1,-1,-1,-1,-1,1,1,1,1,-1,-1,-1,1,1,-1,-1,1,-1,-1,-1,-1,-1,1,-1,1,-1,-1,-1,-1,-1,1,-1,1,-1,1,-1,-1,1,-1,1,-1,-1,1,-1,1,-1,-1,1,-1,-1,1,-1,-1,-1,-1,-1,1,-1,1,1,-1,-1,-1,1,1,1,1,1,-1,1,-1,1,1,-1,1,-1,1,-1,-1,-1,1,1,-1,-1,-1,-1,1,-1,-1,1,1,-1,-1,-1,-1,-1,1,-1,1,1,1,-1,1,-1,-1,1,-1,-1,1,1,-1,1,1,1,1,-1,1,-1,1,1,1,-1,-1,1,-1,1,-1,-1,1,-1,-1,-1,-1,1,1,-1,-1,-1,1,-1,-1,1,1,-1,-1,1,-1,-1,1,1,-299.5064653406356,1
1136,-1,1,-1,1,1,-1,1,1,-1,1,-1,-1,-1,-1,-1,-1,1,-1,1,-1,-1,-1,-1,-1,-1,-1,1,1,-1,1,1,1,1,-1,-1,1,-1,-1,1,-1,1,1,1,1,-1,1,1,-1,1,1,1,1,1,1,1,-1,-1,-1,1,-1,1,1,-1,1,1,-1,1,-1,-1,-1,-1,1,1,1,1,-1,-1,-1,1,1,-1,-1,1,-1,-1,-1,-1,-1,1,-1,1,-1,-1,-1,-1,-1,1,-1,1,-1,1,-1,-1,1,-1,1,-1,-1,-1,-1,1,1,1,1,-1,-1,1,1,-1,-1,-1,-1,1,-1,-1,1,-1,-1,-1,1,1,1,1,1,-1,1,-1,1,1,1,1,-1,1,-1,-1,-1,1,1,-1,-1,-1,-1,1,-1,-1,1,1,-1,-1,-1,-1,-1,1,-1,1,1,1,-1,1,-1,-1,1,-1,-1,1,1,-1,1,1,1,1,-1,1,1,1,1,-1,-1,-1,1,-1,1,-1,-1,1,-1,-1,-1,-1,1,1,1,-1,-1,1,1,-1,1,1,-1,1,-1,-1,-1,1,1,-299.5008396190584,1
1137,-1,1,-1,1,1,-1,1,1,-1,1,-1,-1,-1,-1,-1,-1,1,1,1,-1,-1,-1,-1,-1,-1,-1,-1,1,-1,1,1,1,1,-1,-1,-1,-1,-1,-1,1,1,-1,1,1,-1,1,1,-1,1,1,1,1,1,1,1,-1,-1,-1,1,-1,1,1,-1,1,1,-1,1,-1,-1,-1,-1,1,1,1,1,-1,-1,-1,-1,1,-1,1,1,-1,-1,-1,-1,1,1,-1,1,-1,-1,-1,-1,-1,-1,-1,1,1,1,-1,-1,1,-1,-1,1,-1,-1,-1,-1,1,1,-1,-1,-1,1,1,-1,1,-1,-1,-1,-1,-1,-1,-1,-1,1,1,1,-1,1,1,-1,1,-1,1,1,-1,1,-1,1,1,-1,-1,1,1,-1,-1,-1,-1,1,-1,-1,-1,1,-1,-1,-1,-1,-1,1,-1,1,1,1,-1,1,-1,-1,1,-1,-1,1,1,-1,1,1,1,1,-1,1,-1,1,1,1,-1,-1,1,-1,1,-1,-1,1,-1,-1,-1,-1,1,1,-1,-1,-1,1,-1,-1,1,1,-1,-1,1,-1,-1,1,1,-299.4999316047017,1
1138,-1,1,-1,1,1,-1,1,1,-1,1,-1,-1,-1,-1,-1,-1,1,1,1,-1,1,-1,-1,-1,-1,-1,-1,1,-1,1,-1,1,1,1,-1,-1,1,1,-1,-1,1,-1,1,1,-1,1,1,-1,-1,1,1,-1,1,1,1,-1,-1,-1,1,-1,1,1,-1,1,1,-1,-1,-1,-1,-1,-1,1,1,1,1,-1,-1,-1,1,1,-1,-1,1,-1,-1,-1,-1,-1,1,-1,1,-1,-1,-1,-1,-1,1,-1,1,-1,1,-1,-1,1,-1,1,-1,-1,1,-1,1,-1,1,1,-1,-1,1,-1,-1,-1,-1,-1,1,-1,1,1,-1,-1,-1,1,1,1,1,1,-1,1,-1,1,1,-1,1,-1,1,-1,-1,-1,1,1,-1,-1,-1,-1,1,-1,-1,1,1,-1,-1,-1,-1,-1,1,-1,1,1,1,-1,1,-1,-1,1,-1,-1,1,1,-1,1,1,1,1,-1,1,-1,1,1,1,-1,-1,1,-1,1,-1,-1,1,-1,-1,-1,-1,1,1,-1,-1,-1,1,-1,-1,1,1,-1,-1,1,-1,-1,1,1,-299.4975667627506,1
1139,-1,-1,1,1,-1,1,1,-1,1,1,1,1,1,-1,-1,1,-1,1,-1,1,1,-1,-1,-1,1,1,1,1,1,-1,-1,-1,-1,1,-1,-1,1,1,-1,-1,-1,-1,1,1,1,1,-1,-1,-1,1,1,-1,1,1,1,-1,-1,-1,1,-1,1,1,-1,1,1,-1,1,-1,-1,1,-1,1,1,1,1,-1,-1,-1,1,1,-1,-1,1,-1,-1,-1,-1,1,1,-1,1,-1,-1,1,-1,-1,-1,-1,1,1,1,-1,-1,1,-1,1,-1,-1,1,-1,-1,-1,1,-1,-1,-1,-1,-1,-1,-1,-1,-1,1,1,1,-1,-1,-1,-1,1,1,1,-1,1,-1,-1,-1,1,1,-1,1,-1,1,-1,-1,-1,1,1,-1,-1,-1,-1,1,1,-1,1,-1,-1,-1,1,1,1,-1,-1,1,-1,1,-1,-1,-1,-1,-1,-1,-1,-1,1,-1,-1,-1,-1,1,-1,1,-1,1,1,-1,-1,-1,-1,-1,1,1,-1,1,-1,-1,-1,-1,1,1,-1,-1,-1,-1,-1,-1,1,1,-1,1,1,-1,1,-1,-1,-299.49392684657965,1
1140,-1,1,-1,1,1,-1,1,1,-1,1,-1,-1,1,-1,-1,1,1,1,-1,1,-1,-1,-1,-1,1,1,-1,1,1,1,-1,1,1,1,-1,-1,1,1,-1,-1,1,-1,1,1,-1,1,1,-1,-1,1,1,-1,1,1,1,-1,-1,-1,1,-1,1,1,-1,1,1,-1,-1,-1,-1,-1,-1,1,1,1,1,-1,-1,-1,-1,1,-1,1,1,-1,-1,-1,-1,1,1,-1,1,-1,-1,-1,-1,-1,1,1,1,-1,-1,-1,-1,1,-1,-1,1,-1,1,-1,1,-1,1,1,-1,-1,1,-1,-1,1,-1,-1,1,1,1,-1,-1,-1,1,1,1,-1,-1,1,-1,-1,-1,1,1,-1,1,-1,1,1,-1,-1,1,1,-1,-1,-1,-1,1,1,-1,-1,1,-1,-1,-1,-1,-1,1,-1,1,1,1,-1,1,-1,-1,1,-1,-1,1,1,-1,1,1,1,1,-1,1,-1,1,1,1,-1,-1,1,-1,1,-1,-1,1,-1,-1,-1,-1,1,1,-1,-1,-1,1,-1,-1,1,1,-1,-1,1,-1,-1,1,1,-299.4836476345033,1
1141,-1,1,-1,1,1,-1,1,1,-1,1,-1,-1,-1,-1,-1,-1,1,-1,1,-1,-1,-1,-1,-1,-1,-1,1,1,-1,1,1,1,1,-1,-1,1,-1,-1,1,-1,1,1,1,1,-1,1,1,-1,1,1,1,1,1,1,1,-1,-1,-1,1,-1,1,1,-1,1,1,-1,1,-1,-1,-1,-1,1,1,1,1,-1,-1,-1,1,1,-1,1,1,-1,-1,-1,-1,-1,1,-1,1,-1,-1,-1,-1,-1,1,-1,1,-1,1,-1,-1,1,-1,1,-1,-1,-1,-1,1,1,1,1,-1,-1,1,1,-1,-1,-1,-1,1,-1,-1,1,-1,-1,-1,1,1,1,1,1,-1,1,-1,1,1,1,1,-1,1,1,-1,-1,1,1,-1,-1,-1,-1,1,-1,-1,1,1,-1,-1,-1,-1,-1,1,-1,1,1,1,-1,1,1,-1,1,-1,-1,1,1,-1,1,1,1,1,-1,1,1,1,1,-1,-1,-1,1,-1,1,-1,-1,1,-1,-1,-1,-1,1,1,1,-1,-1,1,1,-1,1,1,-1,-1,-1,-1,-1,1,1,-299.4763343332204,1
1142,1,-1,1,-1,-1,1,-1,-1,1,-1,1,1,1,1,1,1,-1,-1,-1,1,-1,1,1,1,1,1,1,-1,1,-1,-1,-1,-1,1,1,1,1,1,1,1,-1,1,-1,-1,1,-1,-1,1,-1,-1,-1,-1,-1,-1,-1,1,1,1,-1,1,-1,-1,1,-1,-1,1,-1,-1,1,1,-1,-1,-1,-1,-1,1,1,1,-1,-1,1,1,-1,1,-1,1,1,-1,-1,1,-1,1,1,-1,1,1,-1,-1,-1,1,1,1,1,-1,1,1,-1,1,1,1,-1,-1,-1,1,1,1,-1,-1,1,-1,1,1,-1,1,1,-1,1,1,-1,-1,-1,1,-1,-1,-1,-1,1,-1,-1,-1,-1,1,-1,1,1,1,-1,-1,1,1,1,1,-1,1,1,1,-1,1,1,1,1,1,-1,1,-1,-1,-1,1,-1,1,1,-1,1,1,-1,-1,1,1,1,1,-1,1,-1,1,-1,-1,-1,1,1,-1,1,-1,1,1,-1,1,1,1,1,-1,-1,1,1,1,-1,1,1,-1,-1,1,1,-1,1,1,-1,-1,-299.473643826704,1
1143,1,-1,1,-1,-1,-1,-1,-1,-1,-1,1,-1,1,-1,-1,1,-1,-1,-1,1,-1,1,1,1,1,1,1,-1,1,-1,-1,-1,-1,1,1,-1,1,1,1,1,-1,1,-1,-1,1,-1,-1,1,-1,-1,-1,-1,-1,-1,-1,1,1,1,-1,1,-1,-1,1,-1,-1,1,-1,-1,1,1,-1,-1,-1,-1,-1,1,1,1,-1,-1,1,1,-1,1,-1,1,1,-1,-1,1,-1,1,1,-1,1,1,-1,-1,-1,1,1,1,1,-1,1,-1,-1,1,1,1,-1,-1,-1,-1,1,1,1,-1,1,1,1,1,-1,1,1,-1,1,1,-1,-1,-1,1,-1,-1,-1,-1,1,-1,-1,-1,-1,1,-1,1,1,1,-1,-1,1,1,1,1,-1,1,1,1,-1,1,1,1,1,1,-1,1,-1,-1,-1,1,-1,-1,1,-1,1,1,-1,-1,1,-1,-1,-1,-1,1,-1,1,-1,1,-1,1,1,-1,1,-1,-1,1,-1,-1,1,1,1,-1,-1,1,1,1,1,1,1,-1,-1,1,1,-1,1,-1,1,-1,-299.46550264662034,1
1144,-1,1,-1,1,1,-1,1,1,-1,1,-1,-1,-1,-1,-1,-1,1,1,1,-1,-1,-1,-1,-1,-1,-1,1,1,-1,1,1,1,1,-1,-1,1,-1,-1,1,-1,1,1,1,1,-1,1,1,-1,1,1,1,1,1,1,1,-1,-1,-1,1,-1,1,1,-1,1,1,-1,1,1,-1,-1,1,1,1,1,1,-1,-1,-1,1,1,-1,-1,1,-1,1,-1,-1,1,1,-1,1,-1,-1,1,-1,-1,1,1,1,-1,-1,-1,-1,1,-1,-1,1,-1,-1,-1,1,1,1,-1,-1,-1,1,1,-1,1,-1,-1,1,-1,-1,1,-1,-1,1,1,1,-1,1,1,1,1,-1,1,1,1,1,-1,1,-1,-1,-1,1,1,-1,-1,-1,-1,1,-1,-1,-1,1,-1,-1,-1,-1,-1,1,-1,1,1,1,-1,1,1,-1,1,-1,-1,1,1,-1,1,1,1,1,-1,1,1,1,1,-1,-1,-1,1,-1,1,-1,-1,1,-1,-1,-1,-1,1,1,1,-1,-1,1,1,-1,1,1,-1,-1,-1,-1,-1,1,1,-299.4616307977656,2
1145,-1,1,-1,1,1,-1,1,1,-1,1,-1,-1,-1,-1,-1,-1,1,-1,1,-1,-1,-1,-1,-1,-1,-1,1,1,-1,1,1,1,1,-1,-1,1,-1,-1,1,-1,1,1,1,1,-1,1,1,-1,1,1,1,1,1,1,1,-1,-1,-1,1,-1,1,1,-1,1,1,-1,1,1,-1,-1,1,1,1,1,1,-1,-1,-1,1,1,-1,-1,1,-1,1,-1,-1,1,1,-1,1,-1,-1,1,-1,-1,1,1,1,-1,-1,-1,1,1,-1,1,1,-1,-1,-1,1,1,1,1,-1,-1,-1,1,-1,-1,-1,-1,1,-1,-1,1,-1,-1,1,1,1,-1,1,1,1,1,-1,1,1,1,1,-1,1,-1,-1,-1,1,1,-1,-1,-1,-1,1,-1,-1,-1,1,-1,-1,-1,-1,-1,1,-1,1,1,1,-1,1,1,-1,1,-1,-1,1,1,-1,1,1,1,1,-1,1,-1,1,1,-1,-1,-1,1,-1,1,-1,-1,1,-1,-1,-1,-1,1,1,1,-1,-1,1,1,-1,-1,1,-1,-1,-1,-1,-1,1,1,-299.4608383439121,1
1146,-1,-1,1,1,-1,1,1,-1,1,1,1,1,1,-1,-1,1,-1,1,-1,1,1,-1,-1,-1,1,1,1,1,1,-1,-1,-1,-1,1,-1,1,1,1,1,-1,-1,1,1,1,1,1,-1,-1,-1,1,1,-1,1,1,-1,-1,-1,1,1,-1,1,1,-1,1,1,-1,-1,-1,-1,-1,-1,1,1,1,1,-1,-1,-1,-1,1,-1,1,1,-1,1,-1,-1,1,1,-1,1,-1,-1,-1,-1,-1,-1,-1,1,1,1,-1,-1,1,-1,-1,1,-1,1,1,-1,-1,-1,-1,-1,-1,1,-1,1,1,-1,-1,-1,1,1,-1,-1,1,1,1,1,-1,-1,1,-1,-1,1,1,1,-1,1,-1,1,1,-1,-1,1,1,-1,1,-1,-1,1,1,-1,-1,-1,-1,-1,1,1,-1,-1,-1,1,-1,1,-1,-1,-1,-1,-1,-1,-1,-1,1,-1,-1,-1,-1,1,-1,1,-1,1,1,-1,-1,-1,1,-1,1,1,-1,1,-1,-1,-1,-1,1,1,-1,-1,-1,-1,1,-1,1,1,-1,1,-1,-1,1,-1,1,-299.459191791886,1
1147,-1,1,-1,1,1,-1,1,1,-1,1,-1,-1,-1,-1,-1,-1,1,-1,1,-1,-1,-1,-1,-1,-1,-1,1,1,-1,1,1,1,1,-1,-1,1,-1,-1,1,-1,1,1,1,1,-1,1,1,-1,1,1,1,1,1,1,1,-1,-1,-1,1,-1,1,1,-1,1,1,-1,1,-1,-1,-1,-1,1,1,1,1,-1,-1,-1,1,1,-1,-1,1,-1,-1,-1,1,-1,1,-1,1,-1,-1,-1,-1,-1,1,-1,1,-1,1,1,-1,1,-1,1,-1,1,-1,-1,1,1,1,1,-1,-1,1,1,-1,-1,-1,-1,1,-1,-1,1,-1,-1,-1,1,1,1,1,1,-1,1,-1,1,1,1,1,-1,1,-1,-1,-1,1,1,-1,-1,-1,-1,1,-1,-1,1,1,-1,-1,-1,-1,-1,1,-1,1,1,1,-1,1,1,-1,1,-1,-1,1,1,-1,1,1,1,1,-1,1,1,1,-1,-1,-1,1,1,-1,1,-1,-1,1,-1,-1,1,-1,1,1,1,-1,-1,1,1,-1,1,1,-1,-1,-1,-1,-1,1,1,-299.45444166340684,2
1148,1,-1,1,-1,-1,1,-1,-1,1,1,1,1,1,1,1,1,-1,1,-1,1,1,1,1,1,1,1,-1,1,1,-1,-1,-1,-1,1,1,-1,1,1,-1,-1,-1,-1,-1,-1,1,-1,-1,1,-1,-1,-1,-1,-1,-1,-1,1,1,1,-1,1,-1,-1,1,-1,-1,1,-1,1,1,1,1,-1,-1,-1,-1,1,1,1,-1,-1,1,1,-1,1,1,1,1,1,-1,1,-1,1,1,1,1,1,-1,1,-1,1,-1,1,1,-1,1,-1,1,1,1,1,-1,-1,-1,-1,1,1,-1,-1,1,1,-1,1,-1,1,1,-1,1,1,1,-1,-1,-1,-1,-1,1,-1,1,-1,-1,1,-1,1,-1,1,1,1,-1,-1,1,1,1,1,-1,1,1,-1,-1,1,1,1,1,1,-1,1,-1,-1,-1,1,-1,-1,1,-1,1,1,-1,-1,1,-1,-1,-1,-1,1,-1,-1,-1,-1,1,1,1,-1,1,-1,1,1,-1,1,1,1,1,-1,-1,-1,1,1,-1,-1,1,-1,-1,1,1,1,1,1,-1,-1,-299.44172195239196,1
1149,-1,1,-1,1,1,-1,1,1,-1,1,-1,-1,-1,-1,-1,-1,-1,1,1,-1,-1,-1,-1,-1,-1,-1,1,1,-1,1,1,1,-1,-1,-1,1,-1,-1,1,-1,1,1,1,1,-1,1,1,-1,1,1,1,1,1,1,1,-1,-1,-1,1,-1,1,1,-1,1,1,-1,1,-1,-1,-1,-1,1,1,1,1,-1,-1,-1,-1,1,-1,1,1,-1,-1,-1,-1,1,1,-1,1,-1,-1,-1,-1,-1,-1,-1,1,1,1,-1,-1,1,-1,-1,1,-1,-1,-1,1,1,1,-1,-1,-1,1,1,-1,1,-1,-1,-1,-1,-1,-1,-1,-1,1,1,1,-1,1,1,-1,1,-1,1,1,1,1,-1,1,1,-1,-1,1,1,-1,-1,-1,-1,1,-1,-1,-1,1,-1,-1,-1,-1,-1,1,-1,1,-1,1,-1,1,1,-1,1,-1,-1,1,1,-1,1,1,1,1,-1,1,-1,1,1,-1,-1,-1,1,-1,1,-1,-1,1,-1,-1,-1,-1,1,1,1,-1,-1,1,1,-1,1,1,-1,-1,-1,-1,-1,1,1,-299.42764225320155,2
1150,-1,1,-1,1,1,-1,1,1,-1,-1,-1,-1,-1,-1,-1,-1,1,1,1,-1,-1,-1,-1,-1,-1,-1,1,-1,-1,1,1,1,1,-1,-1,1,-1,-1,1,1,1,1,1,1,-1,1,1,-1,1,1,1,1,1,1,1,-1,-1,-1,1,-1,1,1,-1,1,1,-1,1,1,-1,-1,1,1,1,1,1,-1,-1,-1,1,1,-1,-1,1,-1,1,-1,-1,1,1,-1,1,-1,-1,1,-1,-1,1,1,1,-1,-1,-1,-1,1,-1,1,1,-1,-1,-1,1,1,1,1,-1,-1,-1,1,-1,-1,1,-1,1,-1,-1,1,-1,-1,1,1,1,-1,1,1,1,1,-1,1,1,-1,1,-1,1,-1,-1,-1,1,1,-1,-1,-1,-1,1,-1,-1,-1,1,-1,-1,-1,-1,-1,1,-1,1,1,1,-1,1,1,-1,1,-1,-1,1,1,-1,1,1,1,1,-1,1,1,1,1,-1,-1,-1,1,-1,1,-1,-1,1,-1,-1,-1,-1,1,1,1,-1,-1,1,1,-1,1,1,-1,-1,-1,-1,-1,1,1,-299.4272741821283,1
1151,-1,1,-1,1,1,-1,1,1,-1,1,-1,-1,-1,-1,-1,-1,1,-1,1,-1,-1,-1,-1,-1,-1,-1,1,1,-1,1,1,1,1,-1,-1,1,-1,-1,1,-1,1,1,1,1,-1,1,1,-1,1,1,1,1,1,1,1,-1,-1,-1,1,-1,1,1,-1,1,1,-1,1,-1,-1,-1,-1,1,1,1,1,-1,-1,-1,-1,1,-1,1,1,-1,-1,-1,-1,1,1,-1,1,-1,-1,1,-1,-1,-1,-1,1,1,1,-1,-1,1,-1,1,-1,-1,-1,-1,-1,1,1,-1,-1,-1,-1,1,-1,-1,-1,-1,1,-1,-1,-1,-1,-1,1,1,1,1,1,1,-1,1,-1,1,1,1,1,-1,1,1,-1,-1,1,1,-1,-1,-1,-1,1,-1,-1,1,1,-1,-1,-1,-1,-1,1,-1,1,1,1,-1,1,1,-1,1,-1,-1,1,1,-1,1,1,1,1,-1,1,1,1,1,-1,-1,-1,1,-1,1,-1,-1,1,-1,-1,-1,-1,1,1,1,-1,-1,1,1,-1,1,1,-1,-1,-1,-1,-1,1,1,-299.4223996467547,1
1152,1,1,-1,-1,1,-1,1,1,-1,-1,-1,-1,-1,1,-1,-1,1,-1,1,-1,-1,-1,1,-1,-1,-1,1,-1,-1,1,1,1,1,-1,-1,1,-1,-1,1,1,1,1,1,1,-1,1,1,-1,1,1,1,1,-1,1,1,-1,-1,-1,1,-1,1,1,-1,1,1,-1,1,1,-1,-1,1,1,1,1,1,-1,-1,-1,1,1,-1,-1,1,-1,1,-1,-1,1,1,-1,1,-1,-1,1,-1,-1,1,1,1,-1,-1,-1,-1,1,-1,1,1,-1,-1,-1,1,1,1,1,-1,-1,-1,1,-1,-1,1,-1,1,-1,-1,1,-1,-1,1,1,1,-1,1,1,1,1,-1,1,1,-1,1,1,1,-1,1,1,1,1,-1,-1,-1,-1,1,-1,-1,-1,1,-1,-1,-1,-1,-1,1,-1,1,1,1,-1,1,1,-1,1,-1,-1,1,1,-1,1,1,1,1,-1,1,1,1,1,-1,-1,-1,1,-1,1,-1,-1,1,-1,-1,-1,-1,1,1,1,-1,-1,1,1,-1,1,1,-1,-1,-1,-1,-1,1,1,-299.41473067236757,1
1153,-1,1,-1,1,1,-1,1,1,-1,1,-1,-1,-1,1,1,-1,1,-1,1,-1,-1,-1,-1,-1,-1,-1,-1,1,-1,1,1,1,1,-1,-1,1,-1,-1,1,1,1,1,1,1,-1,1,1,-1,1,1,1,1,1,1,1,-1,-1,-1,1,-1,1,1,-1,1,1,-1,1,-1,-1,-1,-1,1,1,1,1,-1,-1,-1,1,1,-1,-1,1,-1,-1,-1,-1,-1,1,-1,1,-1,-1,-1,-1,-1,1,-1,1,-1,1,-1,-1,1,-1,1,-1,-1,-1,-1,1,1,1,1,-1,-1,1,1,-1,-1,-1,-1,1,-1,-1,1,-1,-1,-1,1,1,1,1,1,-1,1,-1,1,1,-1,1,-1,1,-1,-1,-1,1,1,-1,-1,-1,-1,1,-1,-1,1,1,-1,-1,-1,-1,-1,1,-1,1,1,1,-1,1,1,-1,1,-1,-1,1,1,-1,1,1,1,1,-1,1,-1,1,1,-1,-1,-1,1,-1,1,-1,-1,1,1,-1,-1,-1,1,1,1,-1,-1,1,1,-1,-1,1,-1,-1,-1,-1,-1,1,1,-299.4135720806316,1
1154,-1,1,-1,1,1,-1,1,1,-1,1,-1,-1,1,1,1,1,1,-1,-1,1,-1,-1,-1,-1,1,1,-1,1,1,1,-1,1,1,1,-1,1,1,-1,1,-1,1,1,1,1,-1,1,1,-1,-1,1,1,-1,1,1,1,-1,-1,-1,1,-1,1,1,-1,1,1,-1,-1,-1,-1,-1,-1,1,1,1,1,-1,-1,-1,1,1,-1,-1,1,-1,-1,-1,-1,-1,1,-1,1,-1,-1,-1,-1,-1,1,-1,1,-1,1,-1,-1,1,-1,1,-1,-1,1,-1,1,-1,1,1,-1,-1,1,-1,-1,-1,-1,-1,1,1,1,1,-1,-1,-1,1,1,1,-1,1,-1,-1,-1,1,1,-1,1,-1,1,-1,-1,-1,1,1,-1,-1,-1,-1,1,-1,-1,1,1,-1,-1,-1,-1,-1,1,-1,1,1,1,-1,1,1,-1,1,-1,-1,1,1,-1,1,1,1,1,-1,1,-1,1,1,-1,-1,-1,1,-1,1,-1,-1,1,1,-1,-1,-1,1,1,1,-1,-1,1,1,-1,-1,1,-1,-1,-1,-1,-1,1,1,-299.4009018172312,1
1155,1,-1,1,-1,-1,-1,-1,-1,1,-1,1,-1,1,1,1,1,-1,-1,-1,1,-1,1,1,1,1,1,1,-1,1,-1,-1,-1,-1,1,1,1,1,1,1,-1,-1,1,-1,-1,1,-1,-1,1,-1,-1,-1,-1,-1,-1,-1,1,1,1,-1,1,-1,-1,1,-1,-1,1,-1,-1,1,1,-1,-1,-1,-1,-1,1,1,1,-1,-1,1,1,-1,1,-1,1,1,-1,-1,1,-1,1,1,-1,1,1,-1,-1,-1,1,1,1,1,-1,1,-1,-1,1,1,1,-1,-1,-1,-1,1,1,1,-1,1,1,1,1,-1,1,1,-1,1,1,-1,-1,-1,1,-1,-1,-1,-1,1,-1,-1,1,-1,1,-1,1,1,1,-1,-1,1,1,1,1,-1,1,1,1,-1,1,1,1,1,1,-1,1,-1,-1,-1,1,-1,1,1,-1,1,1,-1,-1,1,1,1,1,-1,1,-1,1,-1,1,-1,1,1,-1,1,-1,1,1,-1,1,1,1,1,-1,-1,1,1,1,1,1,1,-1,-1,1,1,-1,1,-1,1,-1,-299.3934876702238,1
1156,1,1,-1,-1,1,-1,-1,1,-1,-1,-1,-1,-1,1,1,-1,1,-1,1,-1,-1,1,1,-1,-1,-1,-1,-1,-1,1,1,1,1,-1,-1,1,-1,-1,1,1,1,1,-1,1,-1,-1,1,-1,1,1,1,1,-1,1,1,-1,-1,-1,1,-1,1,1,-1,1,1,-1,1,1,-1,-1,1,1,-1,1,1,1,-1,-1,1,1,-1,-1,1,-1,1,-1,-1,-1,1,-1,1,-1,-1,1,-1,-1,1,1,1,-1,-1,-1,-1,1,-1,1,1,-1,-1,-1,1,1,-1,1,1,-1,-1,1,-1,-1,1,1,1,-1,-1,1,1,-1,1,-1,-1,-1,1,1,1,1,-1,-1,-1,1,-1,1,1,-1,1,1,1,1,-1,-1,-1,-1,1,-1,-1,-1,1,-1,-1,-1,-1,-1,1,-1,1,1,1,-1,1,1,-1,1,-1,-1,1,1,-1,1,1,1,1,-1,1,-1,1,1,-1,-1,-1,1,-1,1,-1,-1,1,1,-1,-1,-1,1,1,1,-1,-1,1,1,-1,-1,1,-1,-1,-1,-1,-1,1,1,-299.38191162380946,1
1157,1,-1,1,-1,-1,1,-1,-1,1,-1,1,1,1,1,1,1,-1,-1,-1,1,-1,1,1,1,1,1,1,-1,1,-1,-1,-1,-1,1,1,1,1,1,1,-1,-1,1,-1,-1,1,-1,-1,1,-1,-1,-1,-1,-1,-1,-1,1,1,1,-1,1,-1,-1,1,-1,-1,1,-1,1,1,1,1,-1,-1,-1,-1,1,1,1,1,-1,1,-1,-1,1,1,1,1,-1,-1,1,-1,1,1,1,1,1,1,1,-1,-1,-1,1,1,-1,1,1,-1,1,1,1,-1,-1,-1,1,1,1,-1,-1,1,-1,1,1,1,1,1,1,1,1,-1,-1,-1,1,-1,-1,1,-1,1,-1,-1,1,-1,1,-1,-1,1,1,-1,-1,1,1,1,1,-1,1,1,1,-1,1,1,1,1,1,-1,1,-1,-1,-1,1,-1,1,1,-1,1,1,-1,-1,1,1,1,1,-1,1,-1,1,-1,-1,-1,1,1,-1,1,-1,1,1,-1,1,1,1,1,-1,-1,1,1,1,-1,1,1,-1,-1,1,1,-1,1,1,-1,-1,-299.37812253524777,1
1158,1,1,1,-1,1,-1,-1,1,-1,-1,-1,-1,-1,1,1,-1,1,-1,1,-1,-1,1,1,1,-1,-1,-1,-1,-1,1,1,1,1,-1,1,1,-1,-1,1,1,1,-1,-1,-1,-1,-1,1,1,1,-1,-1,1,-1,-1,-1,1,1,1,-1,1,-1,-1,1,-1,-1,1,-1,1,1,-1,1,-1,-1,-1,-1,1,1,1,-1,-1,1,1,-1,1,1,1,1,1,-1,1,-1,1,1,1,1,1,-1,1,-1,-1,-1,1,1,-1,1,-1,1,1,-1,1,1,1,-1,1,1,-1,1,1,1,1,1,1,-1,-1,-1,-1,1,1,1,-1,-1,-1,1,-1,1,1,1,-1,-1,1,-1,1,-1,1,1,1,-1,-1,1,1,1,1,-1,-1,1,-1,1,1,1,-1,-1,-1,1,1,-1,1,-1,1,1,1,1,1,1,1,1,-1,1,1,1,1,-1,1,-1,1,-1,-1,1,1,1,1,1,-1,-1,1,-1,1,1,1,1,-1,-1,1,1,1,-1,-1,1,-1,-1,1,1,-1,1,-1,1,1,-299.3673094828963,1
1159,-1,1,-1,1,1,-1,1,1,-1,1,-1,-1,-1,-1,-1,-1,1,1,1,-1,-1,-1,-1,-1,-1,-1,1,1,-1,1,1,1,1,-1,-1,1,-1,-1,1,1,1,1,1,1,-1,1,1,-1,1,1,1,1,1,1,1,-1,-1,-1,1,-1,1,1,-1,1,1,-1,1,-1,-1,-1,-1,1,1,1,1,-1,-1,-1,-1,1,-1,1,1,-1,-1,-1,-1,1,1,-1,1,-1,-1,-1,-1,-1,-1,-1,1,1,1,-1,-1,1,-1,-1,1,-1,-1,-1,1,1,1,-1,-1,-1,1,1,-1,1,-1,-1,-1,-1,-1,-1,-1,-1,1,1,1,-1,1,1,-1,1,-1,1,1,-1,1,-1,1,1,-1,-1,1,1,-1,-1,-1,-1,1,-1,-1,-1,1,-1,-1,-1,-1,-1,1,-1,1,1,1,-1,1,1,-1,1,-1,-1,1,1,-1,1,1,1,1,-1,1,1,1,1,-1,-1,-1,1,-1,1,-1,-1,1,-1,-1,-1,-1,1,1,1,-1,-1,1,1,-1,1,1,-1,-1,-1,-1,-1,1,1,-299.36610950630933,1
1160,1,1,-1,1,1,-1,1,1,-1,1,-1,-1,-1,1,1,-1,1,-1,1,-1,-1,-1,-1,-1,-1,-1,-1,1,-1,1,1,1,1,-1,-1,1,-1,-1,1,-1,1,1,1,1,-1,1,1,-1,1,1,1,1,1,1,1,-1,-1,-1,1,-1,1,1,-1,1,1,-1,1,1,-1,-1,1,1,1,1,1,-1,-1,-1,1,1,-1,-1,1,-1,1,-1,-1,1,1,-1,1,-1,-1,1,-1,-1,1,1,1,-1,-1,-1,-1,1,-1,1,1,-1,-1,-1,1,1,1,1,-1,-1,-1,1,-1,-1,-1,-1,1,-1,-1,1,-1,-1,1,1,1,-1,1,1,1,1,-1,1,1,1,-1,-1,1,-1,-1,-1,1,1,-1,-1,-1,-1,1,-1,-1,-1,1,-1,-1,-1,-1,-1,1,-1,1,1,1,-1,1,1,-1,1,-1,-1,1,1,-1,1,1,1,1,-1,1,-1,1,1,-1,-1,-1,1,-1,1,-1,-1,1,1,-1,-1,-1,1,1,1,-1,-1,1,1,-1,-1,1,-1,-1,-1,-1,-1,1,1,-299.36306095547394,1
1161,1,-1,1,-1,-1,-1,-1,-1,-1,-1,1,-1,-1,-1,-1,1,-1,-1,-1,1,-1,1,1,1,1,1,1,-1,1,-1,-1,-1,-1,1,1,-1,1,1,1,-1,-1,1,-1,-1,1,-1,-1,1,-1,-1,-1,-1,-1,-1,-1,1,1,1,-1,1,-1,-1,1,-1,-1,1,-1,1,1,1,1,-1,-1,-1,-1,1,1,1,-1,-1,1,1,-1,1,1,1,1,1,-1,1,-1,1,1,1,1,1,-1,1,-1,1,-1,1,1,-1,1,-1,1,1,1,1,-1,-1,-1,-1,1,1,-1,-1,1,1,1,1,-1,1,1,-1,1,1,1,-1,-1,-1,-1,-1,1,-1,1,-1,-1,1,-1,1,-1,1,1,1,-1,-1,1,1,1,1,-1,1,1,-1,-1,1,1,1,1,1,-1,1,-1,-1,-1,1,-1,-1,1,-1,1,1,-1,-1,1,-1,-1,-1,-1,1,-1,1,-1,-1,-1,1,1,-1,1,-1,-1,1,-1,-1,1,1,1,-1,-1,1,1,1,1,1,1,-1,-1,1,1,-1,1,-1,1,-1,-299.3553490130263,1
1162,-1,1,-1,1,1,-1,1,1,-1,1,-1,-1,-1,-1,-1,-1,1,1,1,-1,-1,-1,-1,-1,1,-1,1,1,-1,1,-1,1,1,1,-1,-1,1,1,-1,-1,1,-1,1,1,-1,1,1,-1,-1,1,1,-1,1,1,1,-1,-1,-1,1,-1,1,1,-1,1,1,-1,-1,-1,-1,-1,-1,1,1,1,1,-1,-1,-1,1,1,-1,-1,1,-1,-1,-1,-1,-1,1,-1,1,-1,-1,-1,-1,-1,1,-1,1,-1,1,-1,-1,1,-1,1,-1,-1,1,-1,1,-1,-1,1,-1,-1,1,-1,-1,-1,-1,-1,1,1,1,1,-1,-1,-1,1,1,1,1,1,-1,1,-1,1,1,-1,1,-1,1,-1,-1,-1,1,1,-1,-1,-1,-1,1,-1,-1,1,1,-1,-1,-1,-1,-1,1,-1,1,1,1,-1,1,-1,-1,1,-1,-1,1,1,-1,1,1,1,1,-1,1,-1,1,1,1,-1,-1,1,-1,1,-1,-1,1,-1,-1,-1,-1,1,1,-1,-1,-1,1,-1,-1,1,1,-1,-1,1,-1,-1,1,1,-299.3541004695101,1
1163,1,1,-1,-1,1,-1,-1,1,-1,-1,-1,-1,-1,1,1,-1,1,-1,1,-1,-1,1,1,-1,-1,-1,-1,-1,-1,1,1,1,1,-1,-1,1,-1,-1,1,1,1,1,-1,1,-1,1,1,-1,1,1,1,1,-1,1,1,-1,-1,-1,1,-1,1,1,-1,1,1,-1,1,1,-1,-1,1,1,-1,1,1,1,-1,-1,1,1,-1,-1,1,-1,1,-1,-1,-1,1,-1,1,-1,-1,1,-1,-1,1,1,1,-1,-1,-1,-1,1,-1,1,1,-1,-1,-1,1,1,-1,1,1,-1,-1,1,-1,-1,1,1,1,-1,-1,1,1,-1,1,-1,-1,-1,1,1,1,1,-1,-1,-1,1,-1,1,1,-1,1,1,1,1,-1,-1,-1,-1,1,-1,-1,-1,1,-1,-1,-1,-1,-1,1,-1,1,1,1,-1,1,1,-1,1,-1,-1,1,1,-1,1,1,1,1,-1,1,-1,1,1,-1,-1,-1,1,-1,1,-1,-1,1,1,-1,-1,-1,1,1,1,-1,-1,1,1,-1,-1,1,-1,-1,-1,-1,-1,1,1,-299.34831630562934,1
1164,-1,1,-1,1,1,-1,1,1,-1,1,-1,-1,-1,-1,-1,-1,-1,1,1,-1,-1,-1,-1,-1,-1,-1,1,1,-1,1,1,-1,-1,-1,-1,1,-1,-1,1,1,1,1,1,1,-1,1,1,-1,1,1,1,1,1,1,1,-1,-1,-1,1,-1,1,1,-1,1,1,-1,1,-1,-1,-1,-1,1,1,1,1,-1,-1,-1,1,1,-1,-1,1,-1,-1,-1,-1,-1,1,-1,1,-1,-1,-1,-1,-1,1,-1,1,-1,1,-1,-1,1,-1,1,-1,-1,-1,-1,1,1,1,1,-1,-1,1,1,-1,1,-1,-1,1,-1,-1,1,-1,-1,-1,1,1,1,1,1,-1,1,-1,1,1,-1,1,-1,1,-1,-1,-1,1,1,-1,-1,-1,-1,1,-1,-1,1,1,-1,-1,-1,-1,-1,1,-1,1,-1,1,-1,1,1,-1,1,-1,-1,1,1,-1,1,1,1,1,-1,1,-1,1,1,-1,-1,-1,1,-1,1,-1,-1,1,-1,-1,-1,-1,1,1,1,-1,-1,1,1,-1,1,1,-1,-1,-1,-1,-1,1,1,-299.3419165748126,1
1165,1,1,-1,-1,1,-1,-1,1,-1,-1,-1,-1,-1,1,1,-1,1,-1,1,-1,-1,1,1,1,-1,-1,-1,-1,-1,1,1,1,1,-1,1,-1,-1,-1,-1,1,1,-1,-1,-1,1,-1,1,1,1,-1,-1,1,-1,-1,1,1,1,-1,-1,1,-1,-1,1,-1,-1,1,1,1,1,-1,1,-1,-1,-1,-1,1,1,1,1,-1,1,-1,-1,1,-1,1,1,-1,-1,1,-1,1,1,1,1,1,1,1,-1,-1,-1,1,1,-1,1,1,-1,1,-1,-1,1,1,-1,1,1,1,-1,1,-1,-1,1,1,1,-1,-1,1,1,-1,-1,-1,-1,1,1,-1,1,1,-1,-1,-1,1,-1,1,-1,-1,1,1,-1,-1,1,1,1,1,-1,-1,1,-1,1,1,1,-1,-1,1,1,1,-1,1,-1,1,1,1,1,1,1,1,1,-1,1,1,1,1,-1,1,-1,1,-1,-1,1,1,1,-1,1,-1,-1,1,-1,1,1,1,1,-1,-1,1,1,1,1,-1,1,-1,-1,1,-1,1,1,-1,-1,1,-299.3410052617707,1
1166,1,1,-1,-1,1,1,-1,1,1,-1,-1,1,-1,1,1,-1,1,1,1,-1,1,1,1,-1,-1,-1,-1,-1,-1,1,1,1,1,-1,-1,1,-1,-1,-1,1,1,-1,-1,1,-1,1,1,-1,1,1,1,1,-1,1,1,-1,-1,-1,1,-1,1,1,-1,1,1,-1,1,1,-1,-1,1,1,-1,1,1,1,-1,-1,1,1,-1,-1,1,-1,1,-1,-1,-1,1,-1,1,-1,-1,1,-1,-1,1,1,1,-1,-1,-1,1,1,-1,1,1,-1,-1,-1,1,1,-1,1,1,-1,-1,1,-1,-1,1,1,1,-1,-1,1,1,-1,1,-1,-1,-1,1,1,1,1,-1,-1,-1,1,-1,1,1,-1,1,1,1,1,-1,-1,-1,-1,1,-1,-1,-1,1,-1,-1,-1,-1,-1,1,-1,1,1,1,-1,1,1,-1,1,-1,-1,1,1,-1,1,1,1,1,-1,1,-1,1,1,1,-1,-1,1,-1,1,1,-1,1,1,-1,-1,-1,1,1,-1,-1,-1,-1,-1,-1,1,1,-1,-1,1,-1,1,-1,1,-299.3327093787447,2
1167,1,1,-1,-1,1,1,-1,1,1,-1,-1,1,-1,1,1,-1,1,1,1,-1,1,1,1,-1,-1,-1,-1,-1,-1,1,1,1,1,-1,-1,1,-1,-1,-1,1,1,-1,-1,1,-1,1,1,-1,1,1,1,1,-1,1,1,-1,-1,-1,1,-1,1,1,-1,1,1,-1,1,1,-1,-1,1,1,-1,1,1,1,-1,-1,1,1,-1,-1,1,-1,1,-1,-1,1,1,-1,1,-1,-1,1,-1,-1,1,1,1,-1,-1,-1,-1,1,-1,1,1,-1,-1,-1,1,1,1,1,1,-1,-1,1,-1,-1,1,1,1,-1,-1,1,1,-1,1,-1,-1,-1,1,1,1,1,-1,-1,-1,1,-1,1,1,-1,1,1,1,1,-1,-1,-1,-1,1,-1,-1,-1,1,-1,-1,-1,-1,-1,1,-1,1,1,1,-1,1,1,-1,1,-1,-1,1,1,-1,1,1,1,1,-1,1,-1,1,1,1,-1,-1,1,-1,1,1,-1,1,1,-1,-1,-1,1,1,-1,-1,-1,-1,-1,-1,1,1,-1,-1,1,-1,1,-1,1,-299.32922692107326,1
1168,-1,-1,1,1,-1,1,1,-1,1,1,1,1,1,-1,-1,1,-1,1,-1,1,1,-1,-1,-1,-1,1,1,1,1,-1,-1,-1,-1,1,-1,-1,1,1,-1,-1,-1,1,1,1,1,1,-1,-1,-1,1,1,-1,1,1,1,-1,-1,-1,1,-1,1,1,-1,1,1,-1,-1,-1,-1,-1,-1,1,1,1,1,-1,-1,-1,1,1,1,1,1,-1,-1,-1,1,1,1,-1,1,-1,-1,1,-1,-1,-1,-1,1,1,1,1,-1,1,-1,1,-1,1,1,-1,-1,-1,1,-1,-1,-1,-1,-1,-1,-1,-1,-1,1,1,1,-1,-1,-1,-1,1,1,1,-1,1,-1,-1,-1,1,1,-1,1,-1,1,1,-1,-1,1,1,-1,-1,-1,-1,1,1,-1,1,-1,-1,-1,1,1,1,-1,-1,1,-1,1,-1,-1,-1,-1,-1,-1,-1,-1,1,-1,-1,-1,-1,1,-1,1,-1,1,-1,-1,-1,1,-1,1,1,1,-1,1,-1,-1,1,-1,1,1,-1,-1,-1,-1,1,-1,1,1,-1,1,1,1,1,-1,1,-299.32604261059055,1
1169,1,1,-1,-1,1,1,-1,1,-1,-1,-1,1,-1,1,-1,-1,1,1,1,-1,1,1,1,-1,-1,-1,-1,-1,-1,1,1,1,1,-1,1,-1,-1,-1,-1,1,1,-1,-1,1,1,-1,-1,-1,1,-1,-1,1,-1,-1,-1,-1,-1,1,1,-1,-1,-1,1,-1,1,-1,-1,-1,-1,1,-1,1,-1,1,-1,1,-1,1,-1,1,1,-1,1,1,1,-1,-1,-1,1,1,1,-1,1,1,-1,1,1,1,1,-1,-1,-1,1,1,-1,1,1,-1,-1,1,1,1,-1,1,1,1,-1,1,1,-1,1,1,1,-1,-1,1,1,1,1,-1,-1,-1,1,-1,1,1,1,-1,-1,1,-1,1,-1,1,1,1,1,-1,-1,-1,1,-1,1,-1,-1,-1,1,-1,-1,-1,-1,-1,1,-1,1,1,1,-1,1,1,-1,1,-1,-1,1,1,-1,-1,-1,-1,1,-1,1,-1,1,1,1,1,-1,-1,1,-1,-1,1,-1,-1,-1,-1,-1,1,1,-1,-1,1,-1,1,1,1,1,1,-1,1,1,1,-1,1,-299.3247287686791,1
1170,-1,1,-1,1,1,1,1,1,-1,1,-1,1,1,-1,-1,1,1,1,-1,1,1,-1,-1,-1,1,1,-1,1,1,1,-1,-1,1,1,-1,-1,1,1,-1,-1,1,-1,1,1,1,1,1,-1,-1,1,-1,-1,1,-1,1,-1,-1,-1,1,-1,1,1,-1,1,1,-1,-1,-1,-1,-1,-1,1,1,1,1,-1,-1,-1,1,1,-1,-1,1,-1,-1,-1,-1,-1,1,-1,1,-1,-1,-1,-1,-1,1,-1,1,-1,1,-1,-1,1,-1,1,-1,-1,1,-1,1,-1,-1,1,-1,-1,1,-1,-1,-1,-1,-1,1,1,1,1,-1,-1,-1,1,1,1,-1,1,-1,-1,-1,1,1,-1,1,-1,1,-1,-1,-1,1,1,-1,-1,-1,-1,1,1,-1,1,-1,-1,-1,-1,-1,-1,1,-1,1,1,1,-1,1,-1,-1,1,-1,-1,1,1,-1,1,1,1,-1,-1,1,-1,1,1,1,-1,-1,-1,-1,1,-1,1,1,-1,-1,-1,-1,1,1,-1,-1,-1,-1,1,-1,1,1,-1,-1,1,-1,1,-1,1,-299.3128163461005,1
1171,1,1,-1,-1,1,1,-1,1,-1,-1,-1,1,-1,1,-1,-1,1,1,1,-1,1,1,1,-1,-1,-1,-1,-1,-1,1,1,1,1,-1,1,-1,-1,-1,-1,1,1,-1,-1,1,1,-1,-1,-1,1,-1,-1,1,-1,-1,-1,-1,-1,1,1,-1,-1,-1,1,-1,1,-1,-1,-1,-1,1,-1,1,-1,1,-1,1,-1,1,-1,1,1,-1,1,1,1,-1,-1,-1,1,1,1,-1,1,1,-1,1,1,1,1,-1,-1,-1,-1,1,-1,1,1,-1,-1,1,1,1,-1,1,1,1,-1,1,1,-1,1,1,1,-1,-1,1,1,1,1,-1,-1,-1,1,-1,1,1,1,-1,-1,1,-1,1,-1,1,1,1,1,-1,-1,-1,1,-1,1,-1,-1,-1,1,-1,-1,-1,-1,-1,1,-1,1,1,1,-1,1,1,-1,1,-1,-1,1,1,-1,-1,-1,-1,1,-1,1,-1,1,1,1,1,-1,-1,1,1,-1,1,-1,-1,-1,-1,-1,1,1,-1,-1,1,-1,1,1,1,1,1,-1,1,1,1,-1,-1,-299.3084841050435,1
1172,1,-1,1,-1,-1,-1,-1,-1,1,-1,1,-1,1,1,1,1,-1,-1,-1,1,-1,1,1,1,1,1,1,-1,1,-1,-1,-1,-1,1,1,1,1,1,1,1,-1,1,-1,-1,1,-1,-1,1,-1,-1,-1,-1,-1,-1,-1,1,1,1,-1,1,-1,-1,1,-1,-1,1,-1,1,1,1,1,-1,-1,-1,-1,1,1,1,-1,-1,1,1,-1,1,1,1,1,1,-1,1,-1,1,1,1,1,1,-1,1,-1,1,-1,1,1,-1,1,-1,1,1,1,1,-1,-1,-1,-1,1,1,-1,-1,1,1,1,1,-1,1,1,-1,1,1,1,-1,-1,-1,-1,-1,1,-1,1,-1,-1,-1,-1,1,-1,1,1,1,-1,-1,1,1,1,1,-1,1,1,-1,-1,1,1,1,1,1,-1,1,-1,-1,-1,1,-1,1,1,-1,1,1,-1,-1,1,1,1,1,-1,1,-1,1,-1,1,-1,1,1,-1,1,-1,1,1,-1,1,1,1,1,-1,-1,1,1,1,1,1,1,-1,-1,1,1,-1,1,-1,1,-1,-299.30579341783795,1
1173,-1,1,-1,1,1,-1,1,1,-1,1,-1,-1,-1,-1,-1,-1,1,-1,1,-1,-1,-1,-1,-1,-1,-1,1,1,-1,1,-1,1,1,-1,-1,1,-1,-1,1,1,1,1,1,1,-1,1,1,-1,1,1,1,1,1,1,1,-1,-1,-1,1,-1,1,1,-1,1,1,-1,1,-1,-1,1,-1,1,1,1,1,-1,-1,-1,1,1,-1,-1,1,-1,-1,-1,-1,-1,1,-1,1,-1,-1,-1,-1,-1,1,-1,1,-1,1,-1,-1,1,-1,1,-1,-1,-1,-1,1,1,1,1,1,1,1,1,-1,-1,-1,-1,1,-1,-1,1,-1,-1,-1,1,1,1,1,1,-1,1,-1,1,1,-1,1,-1,1,-1,-1,-1,1,1,-1,-1,-1,-1,1,-1,-1,1,1,-1,-1,-1,-1,-1,1,-1,1,1,1,-1,1,1,-1,1,-1,-1,1,1,-1,1,1,1,1,-1,1,1,1,1,-1,-1,-1,1,-1,1,-1,-1,1,-1,-1,-1,-1,1,1,1,-1,-1,1,1,-1,1,1,-1,-1,-1,-1,-1,1,-1,-299.29954601106346,1
1174,1,1,1,-1,1,-1,-1,1,-1,-1,-1,-1,-1,1,1,-1,1,-1,1,-1,-1,1,1,1,-1,-1,-1,-1,-1,1,1,1,1,-1,1,1,-1,-1,1,1,1,1,-1,-1,-1,-1,1,1,1,-1,1,1,-1,1,-1,1,1,1,-1,1,-1,-1,1,-1,-1,1,1,1,1,1,1,-1,-1,-1,-1,1,1,1,-1,-1,1,1,-1,1,1,1,-1,1,-1,1,-1,-1,1,1,-1,1,-1,1,-1,1,-1,-1,1,-1,1,-1,1,-1,-1,1,-1,1,1,-1,1,1,-1,1,1,1,1,1,-1,-1,-1,-1,1,1,1,-1,-1,-1,1,-1,1,1,1,-1,-1,1,-1,1,-1,1,1,1,-1,-1,1,-1,1,1,-1,-1,1,1,1,1,1,-1,-1,-1,1,1,-1,1,-1,1,1,1,1,1,1,1,1,-1,1,1,1,1,-1,1,-1,1,-1,1,-1,1,-1,1,-1,-1,-1,1,-1,1,1,-1,1,-1,-1,1,1,1,1,-1,1,-1,-1,1,1,-1,1,-1,1,-1,-299.2893130736569,1
1175,-1,1,-1,1,1,-1,1,1,-1,1,-1,-1,-1,-1,-1,-1,1,1,1,-1,-1,-1,-1,-1,-1,-1,1,1,-1,1,1,1,1,-1,-1,-1,-1,-1,1,-1,1,1,1,1,-1,1,1,-1,1,1,1,1,1,1,1,-1,-1,-1,1,-1,1,1,-1,1,1,-1,1,1,-1,-1,1,1,1,1,1,-1,-1,-1,1,1,-1,-1,1,-1,1,-1,-1,1,1,-1,1,-1,-1,1,-1,-1,1,1,1,-1,-1,-1,-1,1,-1,1,1,-1,-1,-1,1,1,1,1,-1,-1,-1,1,-1,-1,-1,-1,1,-1,-1,1,-1,-1,1,1,1,-1,1,1,1,1,-1,1,1,1,1,-1,1,-1,-1,-1,1,1,-1,-1,-1,-1,1,-1,-1,-1,1,-1,-1,-1,-1,-1,1,-1,1,1,1,-1,1,-1,-1,1,-1,-1,1,1,-1,1,1,1,1,-1,1,-1,1,1,-1,-1,-1,1,-1,1,-1,-1,1,-1,-1,-1,-1,1,1,1,-1,-1,1,1,-1,1,1,-1,-1,-1,-1,-1,1,-1,-299.28633768628094,1
1176,-1,1,-1,1,1,-1,1,1,-1,1,-1,-1,-1,-1,-1,-1,1,1,1,-1,-1,-1,-1,-1,-1,-1,1,1,-1,1,1,1,1,-1,-1,1,-1,-1,1,-1,1,1,1,1,-1,1,1,-1,1,1,1,1,1,1,1,-1,-1,-1,1,-1,1,1,-1,1,1,-1,1,1,-1,-1,1,1,1,1,1,-1,-1,-1,1,1,-1,-1,1,-1,1,-1,-1,-1,1,-1,1,-1,-1,1,-1,-1,1,1,1,-1,-1,-1,1,1,-1,1,1,-1,-1,-1,1,1,-1,1,-1,-1,-1,1,-1,-1,-1,-1,1,-1,-1,1,-1,-1,1,1,1,-1,1,1,1,1,-1,1,1,1,-1,-1,1,-1,-1,-1,1,1,-1,-1,-1,-1,1,-1,-1,-1,1,-1,-1,-1,-1,-1,1,-1,1,1,1,-1,1,1,-1,1,-1,-1,1,1,-1,1,1,1,1,-1,1,1,1,1,-1,-1,-1,1,-1,1,-1,-1,1,-1,-1,-1,-1,1,1,1,-1,-1,1,1,-1,1,1,-1,-1,-1,-1,-1,1,1,-299.284743377418,1
1177,1,-1,1,-1,-1,1,-1,-1,1,1,1,1,1,1,1,1,-1,-1,-1,1,-1,1,1,1,1,1,1,1,1,-1,-1,-1,-1,1,1,1,1,1,1,-1,-1,1,-1,-1,1,-1,-1,1,-1,-1,-1,-1,-1,-1,-1,1,1,1,-1,1,-1,-1,1,-1,-1,1,-1,-1,1,1,-1,-1,-1,-1,-1,1,1,1,-1,-1,1,1,-1,1,-1,1,1,-1,-1,1,-1,1,1,-1,1,1,-1,-1,-1,1,1,1,1,-1,1,-1,-1,1,1,1,-1,-1,-1,-1,1,1,1,-1,1,1,-1,1,-1,1,1,-1,1,1,-1,-1,-1,1,-1,-1,-1,-1,1,-1,-1,1,-1,1,-1,1,1,1,-1,-1,1,1,1,1,-1,1,1,1,-1,1,1,1,1,1,-1,1,-1,-1,-1,1,-1,1,1,-1,1,1,-1,-1,1,1,1,1,-1,1,-1,1,-1,-1,-1,1,1,-1,1,-1,1,1,-1,1,1,1,1,-1,-1,1,1,1,-1,1,1,1,-1,1,1,-1,1,1,-1,-1,-299.26809677683906,1
1178,-1,1,-1,1,1,-1,1,1,-1,1,-1,-1,-1,-1,-1,-1,1,1,1,-1,-1,-1,-1,-1,-1,-1,-1,1,-1,1,-1,1,1,1,-1,-1,1,1,-1,-1,1,-1,1,1,-1,1,1,-1,-1,1,1,-1,1,1,1,-1,-1,-1,1,-1,1,1,-1,1,1,-1,-1,-1,-1,-1,-1,1,1,1,1,-1,-1,-1,1,1,-1,-1,1,-1,-1,-1,-1,-1,1,-1,1,-1,-1,-1,-1,-1,1,-1,1,-1,1,-1,-1,1,-1,1,-1,-1,1,-1,1,-1,-1,1,-1,-1,1,-1,-1,1,-1,-1,1,-1,1,1,-1,-1,-1,1,1,1,1,1,-1,1,-1,1,1,-1,1,-1,1,-1,-1,-1,1,1,-1,-1,-1,-1,1,-1,-1,1,1,-1,-1,-1,-1,-1,1,-1,1,1,1,-1,1,-1,-1,1,-1,-1,1,1,-1,1,1,1,1,-1,1,-1,1,1,1,-1,-1,1,-1,1,-1,-1,1,-1,-1,-1,-1,1,1,-1,-1,-1,1,-1,-1,1,1,-1,-1,1,-1,-1,1,1,-299.2545451968397,1
1179,-1,1,-1,1,1,-1,1,1,-1,1,-1,-1,-1,-1,-1,-1,1,1,1,-1,-1,-1,-1,-1,1,-1,-1,1,-1,1,-1,1,1,1,-1,-1,1,1,-1,-1,1,-1,1,1,-1,1,1,-1,-1,1,1,-1,1,1,1,-1,-1,-1,1,-1,1,1,-1,1,1,-1,-1,-1,-1,-1,-1,1,1,1,1,-1,-1,-1,-1,1,-1,1,1,-1,-1,-1,-1,1,1,-1,1,-1,-1,-1,-1,-1,1,1,1,-1,-1,-1,-1,1,-1,-1,1,-1,1,-1,1,-1,1,1,-1,-1,1,-1,-1,1,-1,-1,1,1,1,-1,-1,-1,1,1,1,-1,1,1,-1,1,-1,1,1,-1,1,-1,1,1,-1,-1,1,1,-1,-1,-1,-1,1,-1,-1,-1,1,-1,-1,-1,-1,-1,1,-1,1,1,1,-1,1,-1,-1,1,-1,-1,1,1,-1,1,1,1,1,-1,1,-1,1,1,1,-1,-1,1,-1,1,-1,-1,1,-1,-1,-1,-1,1,1,-1,-1,-1,1,-1,-1,1,1,-1,-1,1,-1,-1,1,1,-299.25252171116784,1
1180,-1,1,-1,1,1,-1,1,1,-1,1,-1,-1,-1,-1,-1,-1,1,-1,1,-1,-1,-1,-1,-1,-1,-1,1,1,-1,1,1,-1,-1,-1,-1,1,-1,-1,1,1,1,1,1,1,-1,1,1,-1,1,1,1,1,1,1,1,-1,-1,-1,1,-1,1,1,-1,1,1,-1,1,-1,-1,-1,-1,1,1,1,1,-1,-1,-1,1,1,-1,-1,1,-1,-1,-1,-1,-1,1,-1,1,-1,-1,-1,-1,-1,1,-1,1,-1,1,-1,-1,1,-1,1,-1,-1,-1,-1,1,1,1,1,-1,-1,1,1,-1,-1,-1,-1,1,-1,-1,1,-1,-1,-1,1,1,1,1,1,-1,1,-1,1,1,-1,1,-1,1,-1,-1,-1,1,1,-1,-1,-1,-1,1,-1,-1,1,1,-1,-1,-1,-1,-1,1,-1,1,-1,1,-1,1,1,-1,1,-1,-1,1,1,-1,1,1,1,1,-1,1,-1,1,1,-1,-1,-1,1,-1,1,-1,-1,1,-1,-1,-1,-1,1,1,1,-1,-1,1,1,-1,1,1,-1,-1,-1,-1,-1,1,1,-299.24222268288787,1
1181,1,1,-1,-1,1,-1,-1,1,-1,-1,-1,-1,-1,1,1,-1,1,-1,1,-1,-1,1,1,1,-1,-1,-1,-1,-1,1,1,1,1,-1,1,1,-1,-1,1,1,1,1,-1,-1,-1,-1,1,1,1,-1,-1,1,-1,-1,-1,1,1,1,-1,1,-1,-1,1,-1,-1,1,1,1,1,1,1,-1,-1,-1,-1,1,1,1,1,-1,1,-1,-1,1,1,1,-1,-1,-1,1,-1,1,1,1,1,1,1,1,-1,-1,-1,-1,1,-1,1,1,1,-1,-1,1,-1,1,-1,1,1,1,-1,1,1,-1,1,1,1,-1,-1,1,1,1,1,-1,-1,-1,1,-1,1,1,1,-1,-1,1,-1,1,-1,-1,1,1,-1,-1,1,1,1,1,-1,-1,1,-1,1,1,1,-1,-1,1,1,1,-1,1,-1,1,1,1,1,1,1,1,1,-1,1,1,1,1,-1,1,-1,1,-1,1,1,1,-1,1,-1,-1,-1,1,-1,1,1,-1,1,-1,-1,1,1,1,1,-1,1,-1,-1,1,-1,-1,1,-1,1,1,-299.2408647844016,1
1182,1,1,-1,1,1,-1,1,1,-1,1,-1,-1,-1,-1,-1,-1,1,-1,1,-1,-1,-1,-1,-1,-1,-1,-1,1,-1,1,1,1,1,-1,-1,1,-1,-1,1,-1,1,1,1,1,-1,1,1,-1,1,1,1,1,1,1,1,-1,-1,-1,1,-1,1,1,-1,1,1,-1,1,-1,-1,-1,-1,1,1,1,1,-1,-1,-1,1,1,-1,-1,1,-1,-1,-1,-1,-1,1,-1,1,-1,-1,-1,-1,-1,1,-1,1,-1,1,-1,-1,1,-1,1,-1,-1,-1,-1,1,1,1,1,-1,-1,1,1,-1,-1,-1,-1,1,-1,-1,1,-1,-1,-1,1,1,1,1,1,-1,1,-1,1,1,1,1,-1,1,-1,-1,-1,1,1,-1,-1,-1,-1,1,-1,-1,1,1,-1,-1,-1,-1,-1,1,-1,1,1,1,-1,1,1,-1,1,-1,-1,1,1,-1,1,1,1,1,-1,1,-1,1,1,-1,-1,-1,1,-1,1,-1,-1,1,-1,-1,-1,-1,1,1,1,-1,-1,1,1,-1,1,1,-1,-1,-1,-1,-1,1,1,-299.23959410953915,1
1183,1,-1,1,-1,-1,-1,-1,-1,1,-1,1,-1,-1,1,1,-1,-1,-1,1,-1,-1,1,1,1,-1,-1,1,-1,-1,-1,1,1,-1,-1,1,1,-1,-1,1,1,-1,1,-1,-1,1,-1,-1,1,1,-1,-1,1,-1,-1,-1,1,1,1,-1,1,-1,-1,1,-1,-1,1,1,1,1,1,1,-1,-1,-1,-1,1,1,1,-1,-1,1,1,-1,1,1,1,1,1,-1,1,-1,1,1,1,1,1,-1,1,-1,-1,-1,1,1,-1,1,-1,1,1,-1,1,1,1,-1,1,1,1,-1,1,1,1,1,1,-1,-1,-1,-1,1,1,1,-1,-1,-1,1,-1,1,1,1,-1,-1,1,-1,1,-1,1,1,1,-1,-1,1,1,1,1,-1,-1,1,-1,1,1,1,1,1,1,-1,1,-1,-1,-1,1,-1,1,1,-1,1,1,-1,-1,1,-1,-1,-1,-1,1,-1,1,-1,-1,-1,1,1,-1,1,-1,1,1,-1,1,1,1,1,-1,-1,1,1,1,1,1,1,-1,-1,1,1,-1,1,-1,1,1,-299.23409740952326,1
1184,-1,1,-1,1,1,-1,1,1,-1,1,-1,-1,-1,-1,-1,-1,1,1,1,-1,-1,-1,-1,-1,-1,-1,-1,1,-1,1,-1,1,1,1,-1,-1,1,1,-1,-1,1,-1,1,1,-1,1,1,-1,-1,1,1,-1,1,1,1,-1,-1,-1,1,-1,1,1,-1,1,1,-1,-1,-1,-1,-1,-1,1,1,1,1,-1,-1,-1,-1,1,-1,1,1,-1,-1,-1,-1,1,1,-1,1,-1,-1,-1,-1,-1,1,1,1,-1,-1,-1,-1,1,-1,-1,1,-1,1,-1,1,-1,1,1,-1,-1,1,-1,-1,1,-1,-1,1,-1,1,-1,-1,-1,1,1,1,-1,1,1,-1,1,-1,1,1,-1,1,-1,1,1,-1,-1,1,1,-1,-1,-1,-1,1,-1,-1,-1,1,-1,-1,-1,-1,-1,1,-1,1,1,1,-1,1,-1,-1,1,-1,-1,1,1,-1,1,1,1,1,-1,1,-1,1,1,1,-1,-1,1,-1,1,-1,-1,1,-1,-1,-1,-1,1,1,-1,-1,-1,1,-1,-1,1,1,-1,-1,1,-1,-1,1,1,-299.2333900925063,1
1185,1,-1,1,-1,-1,1,-1,-1,1,-1,1,1,1,1,1,1,-1,-1,-1,1,1,1,1,1,1,1,1,-1,1,-1,1,-1,-1,-1,1,1,-1,-1,1,1,-1,1,-1,-1,1,-1,-1,1,1,-1,-1,1,-1,-1,-1,1,1,1,-1,1,-1,-1,1,-1,-1,1,1,1,1,1,1,-1,-1,-1,-1,1,1,1,1,-1,1,-1,-1,1,1,1,1,-1,-1,1,-1,1,1,1,1,1,-1,-1,-1,1,1,1,1,-1,1,1,-1,1,-1,1,-1,1,-1,-1,1,1,-1,1,1,-1,1,1,-1,1,-1,1,1,1,-1,-1,-1,1,-1,-1,1,-1,1,-1,-1,1,-1,1,-1,-1,1,1,-1,-1,1,1,1,1,-1,1,1,1,-1,1,1,1,1,1,-1,1,-1,-1,-1,1,-1,1,1,-1,1,1,-1,-1,1,-1,-1,-1,-1,1,-1,1,-1,-1,-1,1,1,-1,1,-1,1,1,-1,1,1,1,1,-1,-1,1,1,1,-1,1,1,-1,-1,1,1,-1,1,1,-1,-1,-299.2333900925063,1
1186,-1,-1,1,1,-1,1,1,-1,1,1,1,1,1,-1,-1,1,-1,1,-1,1,-1,-1,-1,1,1,1,1,1,1,-1,-1,-1,-1,1,1,-1,1,1,1,-1,-1,1,1,-1,1,-1,-1,1,-1,-1,-1,-1,1,-1,-1,1,1,1,-1,1,-1,-1,1,-1,-1,1,-1,-1,1,1,-1,-1,1,-1,-1,-1,1,1,-1,-1,1,1,-1,1,-1,1,1,1,-1,1,-1,1,1,-1,1,1,-1,-1,-1,1,1,1,1,-1,1,-1,-1,1,1,1,-1,-1,1,-1,-1,1,1,-1,1,1,-1,-1,-1,1,1,-1,-1,1,-1,1,1,1,-1,-1,-1,-1,1,1,1,-1,1,-1,-1,1,-1,-1,-1,-1,1,1,1,1,-1,1,1,1,-1,1,1,1,1,1,-1,1,-1,-1,-1,1,-1,-1,1,-1,1,1,-1,-1,1,-1,-1,-1,-1,1,-1,1,-1,-1,-1,1,1,-1,1,-1,1,1,-1,-1,1,1,1,-1,-1,1,1,1,-1,1,1,1,-1,1,1,-1,1,1,-1,-1,-299.2300526213011,1
1187,-1,1,-1,1,1,-1,1,1,-1,1,-1,-1,-1,-1,-1,-1,1,1,1,-1,-1,-1,-1,-1,-1,-1,-1,1,-1,1,1,1,1,-1,-1,1,-1,-1,1,1,1,1,1,1,-1,1,1,-1,1,1,1,1,1,1,1,-1,-1,-1,1,-1,1,1,-1,1,1,-1,1,-1,-1,-1,-1,1,1,1,1,-1,-1,-1,1,1,-1,-1,1,-1,-1,-1,-1,-1,1,-1,1,-1,-1,-1,-1,-1,1,-1,1,-1,1,-1,-1,1,-1,1,-1,-1,-1,-1,1,1,1,1,-1,-1,1,1,-1,-1,-1,-1,1,-1,-1,1,-1,-1,-1,1,1,1,1,1,-1,1,-1,1,1,-1,1,-1,1,-1,-1,-1,1,1,-1,-1,-1,-1,1,-1,-1,1,1,-1,-1,-1,-1,-1,1,-1,1,1,1,-1,1,1,-1,1,-1,-1,1,1,-1,1,1,1,1,-1,1,-1,1,1,-1,-1,-1,1,-1,1,-1,-1,1,-1,-1,-1,-1,1,1,1,-1,-1,1,1,-1,1,1,-1,-1,-1,-1,-1,1,1,-299.22547425861643,1
1188,1,-1,1,-1,-1,1,-1,-1,1,-1,1,1,1,1,1,1,-1,-1,-1,1,1,1,1,1,1,1,1,-1,1,-1,1,-1,-1,-1,1,1,-1,-1,1,1,-1,1,-1,-1,1,-1,-1,1,1,-1,-1,1,-1,-1,-1,1,1,1,-1,1,-1,-1,1,-1,-1,1,1,1,1,1,-1,-1,-1,-1,-1,1,1,1,-1,-1,1,1,-1,1,-1,1,1,1,-1,1,-1,1,1,-1,1,1,-1,-1,-1,1,1,1,1,-1,1,-1,-1,1,-1,1,-1,1,1,-1,1,1,1,1,1,1,1,1,-1,1,-1,-1,1,1,-1,-1,-1,1,-1,-1,-1,-1,1,-1,-1,1,-1,1,-1,1,1,1,-1,-1,1,1,1,1,-1,1,1,1,-1,1,1,1,1,1,-1,1,-1,-1,-1,1,-1,1,1,-1,1,1,-1,-1,1,-1,-1,-1,-1,1,-1,1,-1,-1,-1,1,1,-1,1,-1,1,1,-1,1,1,1,1,-1,-1,1,1,1,-1,1,1,-1,-1,1,1,-1,1,1,-1,-1,-299.2217161644154,1
1189,1,-1,1,-1,-1,1,-1,-1,1,-1,1,1,-1,-1,-1,-1,-1,1,1,1,-1,1,1,1,-1,-1,1,-1,-1,-1,1,-1,-1,-1,1,-1,-1,1,-1,1,-1,-1,-1,-1,1,-1,-1,1,1,-1,-1,1,-1,-1,-1,1,1,1,-1,1,-1,-1,1,-1,-1,1,1,1,1,1,1,-1,-1,-1,-1,1,1,1,-1,-1,1,1,-1,1,1,1,1,1,-1,1,-1,1,1,1,1,1,-1,1,-1,1,-1,1,1,-1,1,-1,1,1,-1,1,-1,1,1,-1,1,1,-1,1,1,1,1,1,-1,-1,-1,-1,1,1,1,-1,-1,-1,1,-1,1,1,1,-1,-1,1,-1,1,-1,1,1,1,-1,-1,1,1,1,1,-1,1,1,-1,-1,1,1,1,1,1,-1,1,-1,-1,-1,1,-1,-1,1,-1,1,1,-1,-1,1,-1,-1,-1,-1,1,-1,1,-1,-1,-1,1,1,-1,1,-1,-1,1,-1,-1,1,1,1,-1,-1,-1,1,1,-1,-1,1,1,-1,1,1,1,1,1,-1,1,-299.2158814896743,1
1190,-1,1,-1,1,1,1,1,1,-1,1,-1,1,1,-1,-1,1,1,1,-1,1,1,-1,-1,-1,1,1,-1,1,1,1,-1,-1,1,1,-1,-1,1,1,-1,-1,1,-1,1,1,-1,1,1,-1,-1,1,1,-1,1,1,1,-1,-1,-1,1,-1,1,1,-1,1,1,-1,-1,-1,-1,-1,-1,1,1,1,1,-1,-1,-1,1,1,-1,-1,1,-1,1,-1,-1,1,1,-1,1,-1,-1,-1,-1,-1,1,-1,1,-1,1,-1,-1,1,-1,-1,1,-1,1,-1,1,-1,1,1,-1,-1,1,-1,1,1,-1,-1,1,1,1,1,-1,-1,1,1,1,-1,-1,1,-1,-1,-1,1,1,-1,1,-1,1,-1,-1,-1,1,1,-1,-1,-1,-1,1,1,-1,-1,-1,-1,-1,-1,-1,-1,1,-1,1,1,1,-1,1,-1,-1,1,-1,-1,1,1,-1,1,1,1,1,-1,1,-1,1,1,1,-1,-1,1,-1,1,-1,-1,1,-1,-1,-1,-1,1,1,-1,-1,-1,-1,-1,-1,1,1,-1,-1,1,-1,1,-1,1,-299.2130956596306,1
1191,-1,1,-1,1,1,-1,1,1,-1,1,-1,-1,-1,-1,-1,-1,1,1,1,-1,-1,-1,-1,-1,-1,-1,-1,1,-1,1,1,1,1,-1,-1,-1,-1,-1,-1,1,1,-1,1,1,-1,1,1,-1,1,1,1,1,1,1,1,-1,-1,-1,1,-1,1,1,-1,1,1,-1,1,-1,-1,-1,-1,1,1,1,1,-1,-1,-1,1,1,-1,-1,1,-1,-1,-1,-1,-1,1,-1,1,-1,-1,-1,-1,-1,1,-1,1,-1,1,-1,-1,1,-1,1,-1,-1,-1,-1,1,1,1,1,-1,-1,1,1,-1,-1,-1,-1,1,-1,-1,1,-1,-1,-1,1,1,1,1,1,-1,1,-1,1,1,-1,1,-1,1,-1,-1,-1,1,1,-1,-1,-1,-1,1,-1,-1,1,1,-1,-1,-1,-1,-1,1,-1,1,1,1,-1,1,1,-1,1,-1,-1,1,1,-1,1,-1,-1,1,-1,1,-1,1,1,1,-1,-1,1,-1,1,-1,-1,1,-1,-1,-1,-1,1,1,-1,-1,-1,1,-1,-1,1,1,-1,-1,1,-1,-1,1,1,-299.2103018925728,1
1192,1,1,-1,1,1,-1,1,1,-1,1,-1,-1,-1,-1,-1,-1,1,-1,1,-1,-1,-1,-1,-1,-1,-1,1,1,-1,1,1,1,1,-1,-1,1,-1,-1,1,1,1,1,1,1,-1,1,1,-1,1,1,1,1,1,1,1,-1,-1,-1,1,-1,1,1,-1,1,1,-1,1,-1,-1,-1,-1,1,1,1,1,-1,-1,-1,1,1,-1,-1,1,-1,-1,-1,-1,-1,1,-1,1,-1,-1,-1,-1,-1,1,-1,1,-1,1,-1,-1,1,-1,1,-1,-1,-1,-1,1,1,1,1,-1,-1,1,1,-1,-1,-1,-1,1,-1,-1,1,-1,-1,-1,1,1,1,1,1,-1,1,-1,1,1,-1,1,-1,1,-1,-1,-1,1,1,-1,-1,-1,-1,1,-1,-1,1,1,-1,-1,-1,-1,-1,1,-1,1,1,1,-1,1,1,-1,1,-1,-1,1,1,-1,1,1,1,1,-1,1,1,1,1,-1,-1,-1,1,-1,1,-1,-1,1,-1,-1,-1,-1,1,1,1,-1,-1,1,1,-1,1,1,-1,1,-1,-1,-1,1,1,-299.20767700234796,1
1193,-1,1,-1,1,1,-1,1,1,-1,1,-1,-1,-1,-1,-1,-1,1,1,1,-1,-1,-1,-1,-1,-1,-1,-1,1,-1,1,1,1,1,-1,-1,-1,1,1,-1,-1,1,-1,1,1,-1,1,1,-1,1,1,1,1,1,1,1,-1,-1,-1,1,-1,1,1,-1,1,1,-1,1,-1,-1,-1,-1,1,1,1,1,-1,-1,-1,1,1,-1,-1,1,-1,-1,-1,1,-1,1,-1,1,-1,-1,-1,-1,-1,1,-1,1,-1,1,1,-1,1,-1,1,-1,1,-1,-1,1,1,1,1,-1,-1,1,1,-1,-1,-1,-1,1,-1,-1,1,-1,-1,-1,1,1,1,1,1,-1,1,-1,1,1,-1,1,-1,1,-1,-1,-1,1,1,-1,-1,-1,-1,1,-1,-1,1,1,-1,-1,-1,-1,-1,1,-1,1,1,1,-1,1,-1,-1,1,-1,-1,1,1,-1,1,1,1,1,-1,1,-1,1,-1,1,-1,1,1,-1,1,-1,-1,1,-1,-1,1,-1,1,1,-1,-1,-1,1,-1,-1,1,1,-1,-1,1,-1,-1,1,1,-299.2017045141339,1
1194,1,1,-1,1,1,-1,1,1,-1,1,-1,-1,-1,-1,-1,-1,1,-1,1,-1,-1,-1,-1,-1,-1,-1,-1,1,-1,1,1,1,1,-1,-1,1,-1,-1,1,-1,1,1,1,1,-1,1,1,-1,1,1,1,1,1,1,1,-1,-1,-1,1,-1,1,1,-1,1,1,-1,1,-1,-1,-1,-1,1,1,1,1,-1,-1,-1,1,1,-1,-1,1,-1,-1,-1,-1,-1,1,-1,1,-1,-1,-1,-1,-1,1,-1,1,-1,1,-1,-1,1,-1,1,-1,-1,-1,-1,1,1,1,1,-1,-1,1,1,-1,-1,-1,-1,1,-1,-1,1,-1,-1,-1,1,1,1,1,1,-1,1,-1,1,1,1,1,-1,1,-1,-1,-1,1,1,-1,-1,-1,-1,1,-1,-1,1,1,-1,-1,-1,-1,-1,1,-1,1,1,1,-1,1,1,-1,1,-1,-1,1,1,-1,1,1,1,1,-1,1,-1,1,1,-1,-1,-1,1,-1,1,-1,-1,1,1,-1,-1,-1,1,1,1,-1,-1,1,1,-1,1,1,-1,-1,-1,-1,-1,1,1,-299.19405992999094,1
1195,1,1,-1,-1,1,-1,1,1,-1,1,-1,-1,-1,1,1,-1,1,-1,1,-1,1,-1,-1,-1,-1,-1,-1,1,-1,1,1,1,1,-1,-1,1,-1,-1,-1,-1,1,-1,1,1,-1,1,1,-1,1,1,1,1,1,1,1,-1,-1,-1,1,-1,1,1,-1,1,1,-1,1,-1,-1,-1,-1,1,1,1,1,-1,-1,-1,1,1,-1,-1,1,-1,-1,-1,-1,-1,1,-1,1,-1,-1,-1,-1,-1,1,-1,1,-1,1,-1,-1,1,-1,1,-1,-1,-1,-1,1,1,1,1,-1,-1,1,1,-1,-1,-1,-1,1,-1,-1,1,-1,-1,-1,1,1,1,1,1,-1,1,-1,1,1,1,1,1,1,-1,-1,-1,1,1,-1,-1,-1,-1,1,-1,-1,1,1,-1,-1,-1,-1,-1,1,-1,1,1,1,-1,1,1,-1,1,-1,-1,1,1,-1,1,1,1,1,-1,1,-1,1,1,1,-1,-1,1,-1,1,-1,-1,1,1,-1,-1,-1,1,1,-1,-1,-1,1,-1,-1,-1,1,-1,-1,1,-1,-1,1,1,-299.18558502129247,1
1196,-1,1,-1,1,1,-1,1,1,-1,1,-1,-1,-1,-1,-1,-1,-1,1,1,-1,-1,-1,-1,-1,-1,-1,1,1,-1,1,1,-1,-1,-1,-1,1,-1,-1,1,1,1,1,1,1,-1,1,1,-1,1,1,1,1,-1,1,1,-1,-1,-1,1,-1,1,1,-1,1,1,-1,1,1,-1,-1,1,1,1,1,1,-1,-1,-1,1,1,-1,-1,1,-1,1,-1,-1,1,1,-1,1,-1,-1,1,-1,-1,1,1,1,-1,-1,-1,-1,1,-1,1,1,-1,-1,-1,1,1,1,1,-1,-1,-1,1,-1,-1,-1,-1,1,-1,-1,1,-1,-1,1,1,1,-1,1,1,1,1,-1,1,1,-1,1,-1,1,-1,1,1,1,1,-1,-1,-1,-1,1,-1,-1,-1,1,-1,-1,-1,-1,-1,1,-1,1,-1,1,-1,1,1,-1,1,-1,-1,1,1,-1,1,1,1,1,-1,1,-1,1,-1,-1,-1,-1,1,-1,1,-1,-1,1,-1,-1,-1,-1,1,1,1,-1,-1,1,1,-1,1,1,-1,-1,-1,-1,-1,1,1,-299.1813920053842,1
1197,-1,1,-1,1,1,-1,1,1,-1,1,-1,-1,-1,-1,-1,-1,1,1,1,-1,-1,-1,-1,-1,-1,-1,-1,1,-1,1,1,1,1,-1,-1,-1,1,1,-1,-1,1,-1,1,1,-1,1,1,-1,1,1,1,1,1,1,1,-1,-1,-1,1,-1,1,1,-1,1,1,-1,1,-1,-1,-1,-1,1,1,1,1,-1,-1,-1,1,1,-1,1,1,-1,-1,-1,-1,1,1,-1,1,-1,-1,1,-1,-1,-1,-1,1,1,1,-1,-1,1,-1,1,-1,-1,-1,-1,-1,1,1,-1,-1,-1,-1,1,-1,-1,-1,-1,1,-1,-1,-1,-1,-1,-1,1,1,1,1,1,-1,1,-1,1,1,-1,1,-1,1,1,-1,-1,1,1,-1,-1,-1,-1,1,-1,-1,1,1,-1,-1,-1,-1,-1,1,-1,1,1,1,-1,1,-1,-1,1,-1,-1,1,1,-1,1,1,1,1,-1,1,-1,1,1,1,-1,-1,1,-1,1,-1,-1,1,-1,-1,-1,-1,1,1,-1,-1,-1,1,-1,-1,1,1,-1,-1,1,-1,-1,1,1,-299.17899998581885,1
1198,1,-1,1,-1,-1,1,-1,-1,1,-1,1,1,1,1,1,1,-1,-1,-1,1,-1,1,1,1,1,1,1,-1,1,-1,-1,-1,-1,1,1,1,1,1,1,1,-1,1,-1,-1,1,-1,-1,1,-1,-1,-1,-1,-1,-1,-1,1,1,1,-1,1,-1,-1,1,-1,-1,1,-1,-1,1,1,-1,-1,-1,-1,-1,1,1,1,-1,-1,1,1,-1,1,-1,1,1,-1,-1,-1,-1,1,-1,-1,1,-1,-1,-1,-1,1,1,1,1,-1,1,-1,-1,1,1,1,-1,-1,-1,-1,1,1,1,-1,1,1,1,1,-1,1,1,-1,1,1,-1,-1,-1,1,-1,-1,-1,-1,1,-1,-1,-1,-1,1,-1,1,1,1,-1,-1,1,1,1,1,-1,1,1,1,-1,1,1,1,1,1,-1,1,-1,-1,-1,1,-1,1,1,-1,1,1,-1,-1,1,1,1,1,-1,1,-1,1,-1,-1,-1,1,1,-1,1,1,1,1,1,1,1,1,1,-1,-1,1,1,-1,-1,1,1,-1,-1,1,1,-1,1,1,-1,-1,-299.17664440943815,1
1199,1,-1,1,-1,-1,-1,-1,-1,1,-1,1,-1,1,1,1,1,-1,-1,-1,1,-1,1,1,1,1,1,1,-1,1,-1,-1,-1,-1,1,1,1,1,1,1,1,-1,1,-1,-1,1,-1,-1,1,-1,-1,-1,-1,-1,-1,-1,1,1,1,-1,1,-1,-1,1,-1,-1,1,-1,1,1,1,1,-1,-1,-1,-1,1,1,1,-1,-1,1,1,-1,1,1,1,-1,-1,-1,1,-1,1,1,1,1,1,-1,1,-1,1,-1,-1,1,-1,1,-1,1,-1,1,1,-1,-1,-1,-1,1,1,-1,-1,1,1,1,1,-1,1,1,-1,1,1,1,-1,-1,-1,-1,-1,1,-1,1,-1,-1,-1,-1,1,-1,1,1,1,-1,-1,1,1,1,1,-1,1,1,-1,-1,1,1,1,1,1,-1,1,-1,-1,-1,1,-1,1,1,-1,1,1,-1,-1,1,1,1,1,-1,1,-1,1,-1,1,-1,1,-1,-1,1,-1,1,1,-1,1,1,-1,1,-1,-1,1,1,1,1,1,1,-1,-1,1,1,-1,1,-1,1,1,-299.17490220184027,1
1200,1,1,-1,-1,1,-1,-1,1,-1,-1,-1,-1,-1,1,-1,-1,1,-1,1,-1,-1,1,1,1,-1,-1,-1,-1,-1,1,1,1,1,-1,1,-1,-1,-1,-1,1,1,-1,-1,-1,-1,-1,1,1,1,-1,-1,1,-1,-1,-1,1,1,1,-1,1,-1,-1,1,-1,-1,1,-1,1,1,1,1,-1,-1,-1,-1,1,1,1,-1,-1,1,1,-1,1,1,1,1,-1,-1,1,-1,1,1,-1,1,1,1,1,-1,-1,-1,1,1,-1,1,-1,1,1,-1,1,1,1,-1,1,1,1,1,1,1,1,1,1,-1,-1,-1,1,1,1,1,-1,-1,-1,1,-1,1,1,1,-1,-1,1,-1,1,-1,1,1,1,-1,-1,1,1,1,1,-1,-1,1,-1,1,1,1,-1,-1,-1,1,1,-1,1,-1,1,1,1,1,1,1,1,1,-1,1,1,1,1,-1,1,-1,1,-1,-1,1,1,1,-1,1,-1,-1,1,-1,1,1,1,1,-1,-1,1,1,1,1,-1,1,-1,-1,1,-1,1,1,-1,1,1,-299.17135529460455,1
1201,1,-1,1,-1,-1,1,-1,-1,1,1,1,1,1,1,1,1,-1,1,-1,1,1,1,1,1,1,1,-1,1,1,-1,-1,-1,-1,1,1,-1,1,1,-1,-1,-1,-1,-1,-1,1,-1,-1,1,-1,-1,-1,-1,-1,-1,-1,1,1,1,-1,1,-1,-1,1,-1,-1,1,-1,-1,1,1,-1,-1,-1,-1,-1,1,1,1,-1,-1,1,1,-1,1,-1,1,1,-1,-1,1,-1,1,1,-1,1,1,-1,-1,-1,1,1,1,1,-1,1,-1,-1,1,1,1,-1,-1,-1,-1,1,1,-1,-1,1,1,-1,1,-1,1,1,-1,1,1,-1,-1,-1,1,-1,-1,-1,-1,1,-1,-1,1,-1,1,-1,1,1,1,-1,-1,1,1,1,1,-1,1,1,1,-1,1,1,1,1,1,-1,1,-1,-1,-1,1,-1,-1,1,-1,1,1,-1,-1,1,-1,-1,-1,-1,1,-1,-1,-1,-1,1,1,1,-1,1,-1,1,1,-1,1,1,1,1,-1,-1,-1,1,1,-1,-1,1,-1,-1,1,1,1,1,1,-1,1,-299.1626314673554,1
1202,-1,1,-1,1,1,-1,1,1,-1,1,-1,-1,-1,-1,-1,-1,1,-1,1,-1,-1,-1,-1,-1,-1,-1,1,1,-1,1,1,1,1,-1,-1,1,-1,-1,1,-1,1,1,1,1,-1,1,1,-1,1,1,1,1,1,1,1,-1,-1,-1,1,-1,1,1,-1,1,1,-1,1,-1,-1,-1,-1,1,1,1,1,-1,-1,-1,-1,1,-1,1,1,-1,-1,-1,-1,1,1,-1,1,-1,-1,-1,-1,-1,-1,-1,1,1,1,-1,-1,1,-1,-1,1,-1,-1,-1,-1,1,1,-1,-1,-1,1,1,-1,1,-1,-1,-1,-1,-1,-1,-1,-1,1,1,1,1,1,1,-1,1,-1,1,1,1,1,-1,1,1,-1,-1,1,1,-1,-1,-1,-1,1,-1,-1,-1,1,-1,-1,-1,-1,-1,1,-1,1,1,1,-1,1,1,-1,1,-1,-1,1,1,-1,1,1,1,1,-1,1,-1,1,1,-1,-1,-1,1,-1,1,-1,-1,1,-1,-1,-1,-1,1,1,1,-1,-1,1,1,-1,1,1,-1,-1,-1,-1,-1,1,1,-299.1558287888688,1
1203,-1,1,-1,1,1,-1,1,1,-1,1,-1,-1,1,-1,-1,1,1,1,-1,1,-1,-1,-1,-1,1,1,-1,1,1,1,-1,-1,1,1,-1,-1,1,1,-1,-1,1,-1,1,1,-1,1,1,-1,-1,1,1,-1,1,1,1,-1,-1,-1,1,-1,1,1,-1,1,1,-1,1,1,-1,-1,1,1,1,1,1,-1,-1,-1,1,1,-1,-1,1,-1,1,-1,-1,1,1,-1,1,-1,-1,1,-1,-1,1,1,1,-1,-1,-1,-1,1,-1,1,1,-1,1,-1,1,-1,1,1,-1,-1,-1,-1,-1,-1,-1,-1,1,1,1,1,-1,-1,1,1,1,-1,-1,1,1,-1,-1,1,1,-1,1,-1,1,-1,-1,-1,1,1,-1,-1,-1,-1,1,1,-1,-1,-1,-1,-1,-1,-1,-1,1,-1,-1,1,1,-1,1,-1,-1,1,-1,-1,1,1,-1,1,1,1,1,-1,1,-1,1,1,1,-1,-1,1,-1,1,-1,-1,1,-1,-1,-1,-1,1,1,-1,-1,-1,1,-1,-1,1,1,-1,-1,1,-1,-1,1,1,-299.1498336629579,1
1204,1,-1,1,-1,-1,1,-1,-1,1,-1,1,1,1,1,1,1,-1,-1,-1,1,1,1,1,1,-1,1,1,-1,1,-1,1,-1,-1,-1,1,1,-1,-1,1,1,-1,1,-1,-1,1,-1,-1,1,1,-1,-1,1,-1,-1,-1,1,1,1,-1,1,-1,-1,1,-1,-1,1,1,1,1,1,1,-1,-1,-1,-1,1,1,1,1,-1,1,-1,-1,1,1,1,1,-1,-1,1,-1,1,1,1,1,1,1,1,-1,-1,-1,1,1,-1,1,1,-1,1,-1,1,1,1,-1,1,1,1,-1,1,1,-1,1,1,1,-1,-1,1,1,1,-1,-1,-1,1,-1,-1,1,-1,1,-1,-1,1,-1,1,-1,-1,1,1,-1,-1,1,1,1,1,-1,1,1,1,-1,1,1,1,1,1,-1,1,-1,-1,-1,1,-1,1,1,-1,1,1,-1,-1,1,-1,-1,-1,-1,1,-1,1,-1,-1,-1,1,1,-1,1,-1,1,1,-1,1,1,1,1,-1,-1,1,1,1,-1,1,1,-1,-1,1,1,-1,1,1,-1,1,-299.1482123792868,1
1205,1,-1,1,-1,-1,1,-1,-1,1,-1,1,1,1,1,1,1,-1,1,-1,1,1,1,1,1,1,1,-1,-1,1,-1,-1,-1,-1,1,1,-1,1,1,-1,-1,-1,-1,-1,-1,1,-1,-1,1,-1,-1,-1,-1,-1,-1,-1,1,1,1,-1,1,-1,-1,1,-1,-1,1,-1,1,1,1,1,-1,-1,-1,-1,1,1,1,-1,-1,1,1,-1,1,1,1,-1,-1,-1,1,-1,1,1,1,1,1,-1,1,-1,1,-1,1,1,-1,1,-1,1,1,1,1,-1,-1,-1,-1,1,1,-1,-1,1,1,1,1,-1,1,1,-1,1,1,1,-1,-1,-1,-1,-1,1,-1,1,-1,-1,1,-1,1,-1,1,1,1,-1,-1,1,1,1,1,-1,1,1,-1,-1,1,1,1,1,1,-1,1,-1,-1,-1,1,-1,-1,1,-1,1,1,-1,-1,1,-1,-1,-1,-1,1,-1,-1,-1,-1,1,1,1,-1,1,-1,1,1,-1,1,1,1,1,-1,-1,-1,1,1,-1,-1,1,-1,-1,1,1,1,1,1,-1,-1,-299.14566664588205,1
1206,1,-1,1,-1,-1,-1,-1,-1,1,-1,-1,-1,-1,1,1,-1,1,-1,1,-1,-1,1,1,1,-1,-1,1,-1,-1,-1,1,1,-1,-1,1,1,-1,-1,1,1,1,1,-1,-1,1,-1,1,1,1,-1,-1,1,-1,-1,-1,1,1,1,-1,1,-1,-1,1,-1,-1,1,-1,1,1,-1,1,-1,-1,-1,-1,1,1,1,-1,-1,1,1,-1,1,1,1,1,1,-1,1,-1,1,1,1,1,1,-1,1,-1,1,-1,1,1,-1,1,-1,1,1,-1,1,-1,1,-1,-1,1,-1,-1,1,1,1,1,1,-1,-1,-1,-1,1,1,1,-1,-1,-1,1,-1,1,1,1,-1,-1,1,-1,1,-1,1,1,1,-1,-1,1,1,1,1,-1,-1,1,-1,1,1,1,-1,-1,-1,1,1,-1,-1,-1,1,1,1,1,1,1,1,-1,-1,1,1,1,1,-1,1,-1,1,-1,-1,-1,1,1,-1,1,-1,1,1,-1,1,1,1,1,-1,-1,1,1,1,1,1,1,-1,-1,1,1,-1,1,-1,1,1,-299.1298518870744,1
1207,-1,1,-1,1,1,1,1,1,-1,1,-1,1,-1,-1,-1,-1,1,1,1,-1,1,-1,-1,-1,-1,-1,-1,1,-1,1,1,-1,-1,-1,-1,-1,-1,-1,-1,1,1,-1,1,1,1,1,1,-1,1,1,-1,1,-1,-1,1,-1,-1,-1,1,-1,1,1,1,1,1,-1,1,1,-1,-1,1,1,1,1,-1,-1,-1,1,1,1,1,-1,1,1,1,-1,-1,1,1,1,1,-1,1,1,-1,1,1,1,1,-1,-1,-1,1,1,-1,1,1,-1,-1,-1,1,1,1,1,-1,-1,-1,1,-1,-1,-1,-1,1,-1,-1,1,-1,-1,1,1,1,-1,1,1,1,1,-1,1,1,-1,1,-1,1,-1,1,1,1,1,-1,-1,-1,-1,1,-1,-1,-1,1,-1,-1,-1,-1,-1,1,-1,1,1,1,-1,1,1,-1,1,-1,-1,1,-1,-1,-1,-1,-1,-1,-1,1,-1,1,1,1,1,-1,-1,1,-1,-1,1,-1,-1,-1,-1,-1,1,1,-1,-1,1,-1,1,1,1,1,1,-1,1,1,1,-1,-1,-299.1256996633909,1
1208,1,1,-1,-1,1,-1,-1,1,-1,-1,-1,-1,-1,1,1,-1,1,-1,1,-1,-1,1,1,-1,-1,-1,-1,-1,-1,1,1,1,1,-1,-1,1,-1,-1,1,1,1,1,-1,1,-1,-1,1,-1,1,1,1,1,-1,1,1,-1,-1,-1,1,-1,1,1,-1,1,1,-1,1,1,-1,-1,1,1,-1,1,1,1,-1,-1,1,1,-1,-1,1,-1,1,-1,-1,-1,1,-1,1,-1,-1,1,-1,-1,1,1,1,-1,-1,-1,1,1,-1,1,1,-1,-1,-1,1,1,-1,1,1,-1,-1,1,-1,-1,1,1,1,-1,-1,1,1,-1,1,-1,-1,-1,1,1,1,1,-1,-1,-1,1,-1,1,1,-1,1,1,1,1,-1,-1,-1,-1,1,-1,-1,-1,1,-1,-1,-1,-1,-1,1,-1,1,1,1,-1,1,1,-1,1,-1,-1,1,1,-1,1,1,1,1,-1,1,-1,1,1,-1,-1,-1,1,-1,1,-1,-1,1,1,-1,-1,-1,1,1,1,-1,-1,1,1,-1,-1,1,-1,-1,-1,-1,-1,1,1,-299.1222792072292,1
1209,-1,1,-1,1,1,-1,1,1,-1,1,-1,-1,-1,-1,-1,-1,1,1,1,-1,-1,-1,-1,-1,-1,-1,-1,1,-1,1,1,1,1,-1,-1,-1,-1,-1,-1,-1,1,-1,1,1,-1,1,1,-1,1,1,1,1,1,1,1,-1,-1,-1,1,-1,1,1,-1,1,1,-1,1,-1,-1,-1,-1,1,1,1,1,-1,-1,-1,1,1,-1,-1,1,-1,-1,-1,-1,-1,1,-1,1,-1,-1,-1,-1,-1,1,-1,1,-1,1,1,-1,1,-1,1,-1,1,-1,-1,1,1,1,1,-1,-1,1,1,-1,-1,-1,-1,1,-1,-1,1,-1,-1,-1,1,1,1,1,1,-1,1,-1,1,1,1,1,-1,1,-1,-1,-1,1,1,-1,-1,-1,-1,1,-1,-1,1,1,-1,-1,-1,-1,-1,1,-1,1,1,1,-1,1,-1,-1,1,-1,-1,1,1,-1,1,-1,-1,1,-1,1,-1,1,-1,1,-1,1,1,-1,1,-1,-1,1,-1,-1,1,-1,1,1,-1,-1,-1,1,-1,-1,1,1,-1,-1,1,-1,-1,1,1,-299.1200684222833,1
1210,1,-1,1,-1,-1,1,-1,-1,1,-1,1,1,1,1,1,1,1,-1,-1,1,1,1,1,1,1,1,-1,-1,1,-1,-1,1,1,1,1,-1,1,1,-1,-1,-1,-1,-1,-1,1,-1,-1,1,-1,-1,-1,-1,-1,-1,-1,1,1,1,-1,1,-1,-1,1,-1,-1,1,-1,1,1,1,1,-1,-1,-1,-1,1,1,1,1,-1,1,-1,-1,1,1,1,1,-1,-1,1,-1,1,1,1,1,1,-1,-1,-1,1,1,1,1,-1,1,1,-1,1,1,1,-1,-1,-1,-1,1,1,-1,-1,1,-1,1,1,-1,1,1,1,1,1,-1,-1,-1,1,-1,-1,1,-1,1,-1,-1,1,-1,1,-1,-1,1,1,-1,-1,1,1,1,1,-1,1,1,1,-1,1,1,1,1,1,-1,1,-1,1,-1,1,-1,-1,1,-1,1,1,-1,-1,1,-1,-1,-1,-1,1,-1,1,-1,-1,1,1,1,-1,1,-1,1,1,-1,1,1,1,1,-1,-1,-1,1,1,-1,-1,1,-1,-1,1,1,1,1,1,-1,1,-299.1191787617207,1
1211,1,1,-1,-1,1,-1,-1,1,-1,-1,-1,-1,-1,1,1,-1,1,-1,1,-1,-1,1,1,-1,-1,-1,-1,-1,-1,1,1,1,1,-1,-1,1,-1,-1,1,1,1,1,-1,1,-1,-1,1,-1,1,1,1,1,-1,1,1,-1,-1,-1,1,-1,1,1,-1,1,1,-1,1,1,-1,-1,1,1,-1,1,1,1,-1,-1,1,1,-1,-1,1,-1,1,-1,-1,1,1,-1,1,-1,-1,1,-1,-1,1,1,1,-1,-1,-1,-1,1,-1,1,1,-1,-1,-1,1,1,1,1,1,-1,-1,1,-1,-1,1,1,1,-1,-1,1,1,-1,1,-1,-1,-1,1,1,1,1,-1,-1,-1,1,-1,1,1,-1,1,1,1,1,-1,-1,-1,-1,1,-1,-1,-1,1,-1,-1,-1,-1,-1,1,-1,1,1,1,-1,1,1,-1,1,-1,-1,1,1,-1,1,1,1,1,-1,1,-1,1,1,-1,-1,-1,1,-1,1,-1,-1,1,1,-1,-1,-1,1,1,1,-1,-1,1,1,-1,-1,1,-1,-1,-1,-1,-1,1,1,-299.1187967495577,1
1212,-1,1,-1,1,1,-1,1,1,-1,1,-1,-1,-1,-1,-1,-1,1,-1,1,-1,-1,-1,-1,-1,-1,-1,1,1,-1,1,1,1,1,-1,-1,-1,-1,-1,1,1,1,1,1,1,-1,1,1,-1,1,1,1,1,1,1,1,-1,-1,-1,1,-1,1,1,-1,1,1,-1,1,1,-1,-1,1,1,1,1,1,-1,-1,-1,1,1,-1,-1,1,-1,1,-1,-1,1,1,-1,1,-1,-1,1,-1,-1,1,1,1,-1,-1,-1,1,1,-1,1,1,-1,-1,-1,1,1,1,1,-1,-1,-1,1,-1,-1,-1,-1,1,-1,-1,1,-1,-1,1,1,1,-1,1,1,1,1,-1,1,1,-1,1,-1,1,-1,-1,-1,1,1,-1,-1,-1,-1,1,-1,-1,-1,1,-1,-1,-1,-1,-1,1,-1,1,1,1,-1,1,-1,-1,1,-1,-1,1,1,-1,1,-1,-1,1,-1,1,1,1,1,-1,-1,-1,1,-1,1,-1,-1,1,-1,-1,-1,-1,1,1,1,-1,-1,1,1,-1,1,1,-1,-1,-1,-1,-1,1,1,-299.1185351107211,1
1213,1,1,-1,1,1,-1,1,1,-1,1,-1,-1,-1,-1,-1,-1,1,1,1,-1,-1,-1,-1,-1,-1,-1,1,1,-1,1,1,1,1,-1,-1,1,-1,-1,1,-1,1,1,1,1,-1,1,1,-1,1,1,1,1,1,1,1,-1,-1,-1,1,-1,1,1,-1,1,1,-1,1,-1,-1,-1,-1,1,1,1,1,-1,-1,-1,-1,1,-1,1,1,-1,-1,-1,-1,1,1,-1,1,-1,-1,-1,-1,-1,-1,-1,1,1,1,-1,-1,1,-1,-1,1,-1,-1,-1,-1,1,1,-1,-1,-1,1,1,-1,1,-1,-1,-1,-1,-1,-1,-1,-1,1,1,1,-1,1,1,-1,1,-1,1,1,1,1,-1,1,1,-1,-1,1,1,-1,-1,-1,-1,1,-1,-1,-1,1,-1,-1,-1,-1,-1,1,-1,1,1,1,-1,1,1,-1,1,-1,-1,1,1,-1,1,1,1,1,-1,1,1,1,1,-1,-1,-1,1,-1,1,-1,-1,1,-1,-1,-1,-1,1,1,1,-1,-1,1,1,-1,1,1,-1,-1,-1,-1,-1,1,1,-299.097000607997,1
1214,1,1,-1,-1,1,-1,-1,1,-1,-1,-1,-1,-1,1,1,-1,1,-1,1,-1,-1,1,1,-1,-1,-1,-1,-1,-1,1,1,1,1,-1,-1,1,-1,-1,1,1,1,1,-1,1,-1,1,1,-1,1,1,1,1,-1,1,1,-1,-1,-1,1,-1,1,1,-1,1,1,-1,1,1,-1,-1,1,1,-1,1,1,1,-1,-1,1,1,-1,-1,1,-1,1,-1,-1,-1,1,-1,1,-1,-1,1,-1,-1,1,1,1,-1,-1,-1,1,1,-1,1,1,-1,-1,-1,1,1,-1,1,1,-1,-1,1,-1,-1,1,1,1,-1,-1,1,1,-1,1,-1,-1,-1,1,1,1,1,-1,-1,-1,1,-1,1,1,-1,1,1,1,1,-1,-1,-1,-1,1,-1,-1,-1,1,-1,-1,-1,-1,-1,1,-1,1,1,1,-1,1,1,-1,1,-1,-1,1,1,-1,1,1,1,1,-1,1,-1,1,1,-1,-1,-1,1,-1,1,-1,-1,1,1,-1,-1,-1,1,1,1,-1,-1,1,1,-1,-1,1,-1,-1,-1,-1,-1,1,1,-299.0886838890491,1
1215,1,1,-1,-1,1,-1,-1,1,-1,-1,-1,-1,-1,1,1,-1,1,-1,1,-1,-1,1,1,1,-1,-1,-1,-1,-1,1,1,1,1,-1,1,-1,-1,-1,-1,1,1,-1,-1,-1,-1,-1,1,1,1,-1,-1,1,-1,-1,-1,1,1,1,-1,1,-1,-1,1,-1,-1,1,-1,1,1,1,1,-1,-1,-1,-1,1,1,1,-1,-1,1,1,-1,1,1,1,1,1,-1,1,-1,1,1,-1,1,1,-1,1,-1,1,-1,1,1,-1,1,-1,1,1,-1,1,-1,1,-1,-1,1,1,1,1,1,1,1,1,-1,-1,-1,-1,1,1,1,-1,-1,-1,1,-1,1,1,1,-1,-1,1,-1,1,-1,1,1,1,-1,-1,1,1,1,1,-1,-1,1,-1,1,1,1,-1,-1,-1,1,1,-1,1,-1,1,1,1,1,1,1,1,1,-1,1,1,1,1,-1,1,-1,1,-1,-1,1,1,1,-1,1,-1,-1,1,-1,1,1,1,1,-1,-1,1,1,1,1,-1,1,-1,-1,1,-1,1,1,-1,1,1,-299.058038557992,1
1216,-1,-1,1,1,-1,1,1,-1,1,1,1,1,1,-1,-1,1,-1,1,-1,1,-1,-1,-1,1,1,1,1,1,1,-1,-1,-1,-1,1,1,-1,1,1,1,-1,-1,1,1,-1,1,1,-1,1,-1,-1,-1,-1,1,-1,-1,1,1,1,-1,1,-1,-1,1,-1,-1,1,-1,-1,1,1,-1,-1,1,-1,-1,-1,1,1,-1,-1,1,1,-1,1,-1,1,1,1,-1,1,-1,1,1,-1,1,1,-1,-1,-1,1,1,1,1,-1,1,-1,-1,1,1,1,-1,-1,1,-1,-1,1,1,-1,1,1,-1,-1,-1,1,1,-1,-1,1,-1,1,1,1,-1,-1,-1,-1,1,1,1,-1,1,-1,-1,1,-1,-1,-1,-1,1,1,1,1,-1,1,1,1,-1,1,1,1,1,1,-1,1,-1,-1,-1,1,-1,-1,1,-1,1,1,-1,-1,1,-1,-1,-1,-1,1,-1,1,-1,-1,-1,1,1,-1,1,-1,1,1,-1,-1,1,1,1,-1,-1,1,1,1,-1,1,1,1,-1,1,1,-1,1,1,-1,1,-299.0506008026646,1
1217,-1,1,-1,1,1,-1,1,1,-1,1,-1,-1,-1,-1,-1,-1,1,1,1,-1,-1,-1,-1,-1,-1,-1,1,1,-1,1,1,1,1,-1,-1,1,-1,-1,1,1,1,1,1,1,-1,1,1,-1,1,1,1,1,1,1,1,-1,-1,-1,1,-1,1,1,-1,1,1,-1,1,-1,-1,-1,-1,1,1,1,1,-1,-1,-1,-1,1,-1,1,1,-1,-1,-1,-1,1,1,-1,1,-1,-1,-1,-1,-1,-1,-1,1,1,1,-1,-1,1,-1,-1,1,-1,-1,-1,-1,1,1,-1,-1,-1,1,1,-1,1,-1,-1,-1,-1,-1,-1,-1,-1,1,1,1,-1,1,1,-1,1,-1,1,1,1,1,-1,1,1,-1,-1,1,1,-1,-1,-1,-1,1,-1,-1,-1,1,-1,-1,-1,-1,-1,1,-1,1,1,1,-1,1,1,-1,1,-1,-1,1,1,-1,1,1,1,1,-1,1,1,1,1,-1,-1,-1,1,-1,1,-1,-1,1,-1,-1,-1,-1,1,1,1,-1,-1,1,1,-1,1,1,-1,-1,-1,-1,-1,1,1,-299.0388187495051,1
1218,1,1,-1,-1,1,-1,-1,1,-1,-1,-1,-1,-1,1,1,-1,1,-1,1,-1,-1,1,1,1,-1,-1,-1,-1,-1,1,1,1,1,-1,1,1,-1,-1,1,1,1,1,-1,-1,1,-1,1,1,1,-1,-1,1,-1,-1,-1,1,1,1,-1,1,-1,-1,1,-1,-1,1,1,1,1,1,1,-1,-1,-1,-1,1,1,1,-1,-1,1,1,-1,-1,1,1,1,1,-1,1,-1,1,1,1,1,1,-1,1,-1,1,-1,1,1,-1,1,-1,1,1,-1,1,-1,1,1,-1,1,1,-1,1,1,1,1,1,-1,-1,-1,-1,1,1,1,-1,-1,-1,1,-1,1,1,1,-1,-1,1,-1,1,-1,1,1,1,-1,-1,1,1,1,1,-1,-1,1,-1,1,1,1,-1,-1,1,1,1,-1,1,-1,1,1,1,1,1,1,1,1,-1,1,1,1,1,-1,1,-1,1,-1,-1,-1,1,1,-1,1,-1,-1,1,-1,1,1,1,1,-1,-1,1,1,1,1,1,1,-1,-1,1,-1,-1,1,-1,1,1,-299.03366883507664,1
1219,-1,1,-1,1,1,-1,1,1,-1,1,-1,-1,-1,-1,-1,-1,1,1,1,-1,-1,-1,-1,-1,-1,-1,-1,1,-1,1,-1,1,1,1,-1,-1,1,1,-1,-1,1,-1,1,1,-1,1,1,-1,-1,1,1,-1,1,1,1,-1,-1,-1,1,-1,1,1,-1,1,1,-1,-1,-1,-1,-1,-1,1,1,1,1,-1,-1,-1,-1,1,-1,1,1,-1,-1,-1,-1,1,1,-1,1,-1,-1,-1,-1,-1,-1,-1,1,1,1,-1,-1,1,-1,-1,1,-1,1,-1,1,-1,1,-1,-1,-1,1,-1,-1,1,-1,-1,-1,-1,1,-1,-1,-1,1,1,1,-1,1,1,-1,1,-1,1,1,-1,1,-1,1,1,-1,-1,1,1,-1,-1,-1,-1,1,-1,-1,-1,1,-1,-1,-1,-1,-1,1,-1,1,1,1,-1,1,-1,-1,1,-1,-1,1,1,-1,1,1,1,1,-1,1,-1,1,1,1,-1,-1,1,-1,1,-1,-1,1,-1,-1,-1,-1,1,1,-1,-1,-1,1,-1,-1,1,1,-1,-1,1,-1,-1,1,-1,-299.02570372012246,1
1220,-1,-1,1,1,-1,-1,-1,-1,-1,1,1,-1,1,-1,-1,1,-1,-1,-1,1,-1,1,-1,1,1,1,1,1,1,-1,-1,-1,-1,1,1,-1,1,1,1,-1,-1,1,-1,-1,1,-1,-1,1,-1,-1,-1,-1,1,-1,-1,1,1,1,-1,1,-1,-1,1,-1,-1,1,-1,-1,1,1,-1,-1,-1,-1,-1,1,1,1,-1,-1,1,1,-1,1,-1,1,1,-1,-1,1,-1,1,1,-1,1,1,-1,-1,-1,1,1,1,1,-1,1,1,-1,1,1,1,-1,-1,-1,1,1,1,-1,-1,1,-1,-1,1,-1,1,1,-1,1,1,-1,-1,-1,1,-1,-1,-1,-1,1,-1,-1,1,-1,-1,-1,1,-1,-1,-1,-1,1,1,1,1,-1,1,1,1,-1,1,1,1,1,1,-1,1,-1,-1,-1,1,-1,-1,1,-1,1,1,-1,-1,1,-1,-1,-1,-1,1,-1,1,-1,-1,-1,1,1,-1,1,-1,-1,1,-1,-1,1,1,1,-1,-1,1,1,1,1,1,1,-1,-1,1,1,-1,1,-1,1,-1,-299.0167340804461,1
1221,-1,1,-1,1,1,-1,1,1,-1,1,-1,-1,-1,-1,-1,-1,1,1,1,-1,-1,-1,-1,-1,-1,-1,-1,1,-1,1,1,1,1,-1,-1,-1,-1,-1,-1,-1,1,-1,1,1,-1,1,1,-1,1,1,1,1,1,1,1,-1,-1,-1,1,-1,1,1,-1,1,1,-1,1,-1,-1,-1,-1,1,1,1,1,-1,-1,-1,1,1,-1,-1,1,-1,-1,-1,-1,-1,1,-1,1,-1,-1,-1,-1,-1,1,-1,1,-1,1,-1,-1,1,-1,1,-1,-1,-1,-1,1,1,1,1,-1,-1,1,1,-1,-1,-1,-1,1,-1,-1,1,-1,-1,-1,1,1,1,1,1,-1,1,-1,1,1,-1,1,-1,1,-1,-1,-1,1,1,-1,-1,-1,-1,1,-1,-1,1,1,-1,-1,-1,-1,-1,1,-1,1,1,1,-1,1,-1,-1,1,-1,-1,1,1,-1,1,1,1,1,-1,1,-1,1,1,1,-1,-1,1,-1,1,-1,-1,1,-1,-1,-1,-1,1,1,-1,-1,-1,1,-1,-1,1,1,-1,-1,1,-1,-1,1,-1,-299.0100861942513,1
1222,-1,1,-1,1,1,-1,1,1,-1,1,-1,-1,-1,-1,-1,-1,1,-1,1,-1,-1,-1,-1,-1,-1,-1,1,1,-1,1,1,1,1,-1,-1,1,-1,-1,1,-1,1,1,1,1,-1,1,1,-1,1,1,1,1,1,1,1,-1,-1,-1,1,-1,1,1,-1,1,1,-1,1,1,-1,-1,1,1,1,1,1,-1,-1,-1,1,1,-1,-1,1,-1,1,-1,-1,1,1,-1,1,-1,-1,1,-1,-1,1,1,1,-1,-1,-1,-1,1,-1,-1,1,-1,-1,-1,1,1,1,-1,-1,-1,1,1,-1,1,-1,-1,1,-1,-1,1,-1,-1,1,1,1,-1,1,1,1,1,-1,1,1,1,1,-1,1,-1,-1,-1,1,1,-1,-1,-1,-1,1,-1,-1,-1,1,-1,-1,-1,-1,-1,1,-1,1,1,1,-1,1,1,-1,1,-1,-1,1,1,-1,1,1,1,1,-1,1,1,1,-1,-1,-1,-1,1,-1,1,-1,-1,1,-1,-1,-1,-1,1,1,1,-1,-1,1,1,-1,1,1,-1,-1,-1,-1,-1,1,1,-298.99951987723426,1
1223,-1,1,-1,1,1,-1,1,1,-1,1,1,-1,1,-1,-1,1,-1,1,-1,1,-1,-1,-1,-1,1,1,1,1,1,-1,-1,-1,1,1,-1,1,1,1,1,-1,-1,1,1,1,-1,1,1,-1,-1,1,1,-1,1,1,1,-1,-1,-1,1,-1,1,1,-1,1,1,-1,-1,-1,-1,-1,-1,1,1,1,1,-1,-1,-1,1,1,-1,-1,1,-1,-1,-1,-1,-1,1,-1,1,-1,-1,-1,-1,-1,1,-1,1,-1,1,-1,-1,1,-1,1,-1,-1,1,-1,1,-1,1,1,-1,-1,1,-1,-1,-1,-1,-1,1,1,1,1,-1,-1,-1,1,1,1,-1,1,-1,-1,-1,1,1,-1,1,-1,1,-1,-1,-1,1,1,-1,-1,-1,-1,1,1,-1,1,-1,-1,-1,1,-1,-1,-1,-1,1,-1,1,-1,-1,-1,-1,-1,-1,-1,1,1,-1,1,1,1,1,-1,1,1,1,1,-1,-1,-1,1,-1,1,-1,-1,1,-1,-1,-1,-1,1,1,1,-1,-1,1,1,-1,1,1,-1,-1,-1,-1,-1,1,1,-298.9459945808299,1
1224,1,-1,1,-1,-1,1,-1,-1,1,-1,1,1,1,1,1,1,-1,-1,-1,1,-1,1,1,1,1,1,1,-1,1,-1,-1,-1,-1,1,1,1,1,1,1,-1,-1,1,-1,-1,1,-1,-1,1,-1,-1,-1,-1,-1,-1,-1,1,1,1,-1,1,-1,-1,1,-1,-1,1,-1,1,1,1,1,-1,-1,-1,-1,1,1,1,1,-1,1,-1,-1,1,1,1,1,-1,-1,1,-1,1,1,1,1,1,1,1,-1,-1,-1,1,1,-1,1,1,-1,1,1,1,1,-1,-1,1,1,1,-1,-1,1,-1,1,1,1,1,1,1,1,1,-1,-1,-1,-1,-1,-1,1,-1,1,-1,-1,1,-1,1,-1,-1,1,1,-1,-1,1,1,1,1,-1,1,1,-1,-1,1,1,1,1,1,-1,1,-1,-1,-1,1,-1,1,1,-1,1,1,-1,-1,1,1,1,1,-1,1,-1,1,-1,-1,-1,1,1,-1,1,-1,1,1,-1,1,1,1,1,-1,-1,1,1,1,-1,1,1,-1,-1,1,1,-1,1,1,-1,-1,-298.93598503585946,1
1225,1,1,-1,-1,1,-1,-1,1,-1,-1,-1,-1,-1,1,1,-1,1,-1,1,-1,-1,1,1,-1,-1,-1,-1,-1,-1,1,1,1,1,-1,-1,1,-1,-1,1,1,1,1,-1,1,-1,1,1,-1,1,1,1,1,1,1,1,-1,-1,-1,1,-1,1,1,-1,1,1,-1,1,1,-1,-1,1,1,-1,1,1,1,-1,-1,1,1,-1,-1,1,-1,1,-1,-1,1,1,-1,1,-1,-1,1,-1,-1,1,1,1,-1,-1,-1,-1,1,-1,1,1,-1,-1,-1,1,1,1,1,1,-1,-1,1,-1,-1,1,1,1,-1,-1,1,1,-1,1,-1,-1,-1,1,1,1,1,-1,-1,-1,1,-1,1,1,-1,1,1,1,1,-1,-1,-1,-1,1,-1,-1,-1,1,-1,-1,-1,-1,-1,1,-1,1,1,1,-1,1,1,-1,1,-1,-1,1,1,-1,1,1,1,1,-1,1,-1,1,1,-1,-1,-1,1,-1,1,-1,-1,1,1,-1,-1,-1,1,1,1,-1,-1,1,1,-1,-1,1,-1,-1,-1,-1,-1,1,1,-298.93369723333467,1
1226,1,1,-1,-1,1,-1,-1,1,-1,-1,-1,-1,-1,1,1,-1,1,-1,1,-1,-1,1,1,1,-1,-1,-1,-1,-1,1,1,1,1,-1,1,-1,-1,-1,-1,1,1,-1,-1,-1,1,-1,1,1,1,-1,-1,1,-1,-1,-1,1,1,1,-1,1,-1,-1,1,-1,-1,1,1,1,1,1,1,-1,-1,-1,-1,1,1,1,-1,-1,1,1,-1,1,1,1,1,1,-1,1,-1,1,1,1,1,1,-1,1,-1,1,-1,1,1,-1,1,-1,1,1,-1,1,-1,1,-1,-1,1,1,1,1,1,1,1,1,-1,-1,-1,-1,1,1,1,-1,-1,-1,1,-1,1,1,1,-1,-1,1,-1,1,-1,1,1,1,-1,-1,1,1,1,1,-1,-1,1,-1,1,1,1,-1,-1,-1,1,1,-1,1,-1,1,1,1,1,1,1,1,1,-1,1,1,1,1,-1,1,-1,1,-1,-1,1,1,1,-1,1,-1,-1,1,-1,1,1,1,1,-1,-1,1,1,1,1,-1,1,-1,-1,1,-1,1,1,-1,-1,1,-298.93200878705363,1
1227,-1,1,-1,1,1,-1,1,1,-1,1,-1,-1,-1,-1,-1,-1,1,-1,1,-1,-1,-1,-1,-1,-1,-1,1,1,-1,1,1,1,1,-1,-1,1,-1,-1,1,-1,1,1,1,1,-1,1,1,-1,1,1,1,1,1,1,1,-1,-1,-1,1,-1,1,1,-1,1,1,-1,1,-1,-1,-1,-1,1,1,1,1,-1,-1,-1,1,1,-1,-1,1,-1,-1,-1,-1,-1,1,-1,1,-1,-1,-1,-1,-1,1,-1,1,-1,1,-1,-1,1,-1,1,-1,-1,-1,-1,1,1,1,1,-1,-1,1,1,-1,-1,-1,-1,1,-1,-1,1,-1,-1,-1,1,1,1,1,1,-1,1,-1,1,1,-1,1,-1,1,-1,-1,-1,1,1,-1,-1,-1,-1,1,-1,-1,1,1,-1,-1,-1,-1,-1,1,-1,1,1,1,-1,1,-1,-1,1,-1,-1,1,1,-1,1,1,1,1,-1,1,1,1,1,-1,-1,-1,1,-1,1,-1,-1,1,-1,-1,-1,-1,1,1,1,-1,-1,1,1,-1,1,1,-1,-1,-1,-1,-1,1,1,-298.9310432066351,1
1228,1,1,-1,-1,1,1,-1,1,-1,-1,-1,1,-1,1,-1,-1,1,1,1,-1,1,1,1,-1,-1,-1,-1,-1,-1,1,1,1,1,-1,1,-1,-1,-1,-1,1,1,-1,-1,1,1,-1,-1,-1,1,-1,-1,1,-1,-1,-1,-1,-1,1,1,-1,-1,-1,1,-1,1,-1,-1,-1,-1,1,-1,1,-1,1,-1,1,-1,1,-1,1,1,-1,1,1,1,1,-1,-1,-1,1,1,-1,1,1,-1,1,1,1,1,-1,-1,-1,-1,1,-1,1,1,-1,-1,1,1,1,-1,1,1,1,-1,1,1,-1,1,1,1,-1,-1,1,1,1,1,-1,-1,-1,1,-1,1,1,1,-1,-1,1,-1,1,-1,1,1,1,1,-1,-1,-1,1,-1,1,-1,-1,-1,1,-1,-1,-1,-1,-1,1,-1,1,1,1,-1,1,1,1,1,-1,-1,1,1,-1,-1,-1,-1,1,-1,1,-1,1,1,1,1,-1,-1,1,-1,-1,1,-1,-1,-1,-1,-1,1,-1,-1,-1,1,-1,1,1,1,1,1,-1,1,1,1,-1,-1,-298.9269775495193,1
1229,-1,1,-1,1,1,-1,1,1,-1,1,-1,-1,1,-1,-1,1,1,1,-1,1,-1,-1,-1,-1,1,1,-1,1,1,1,-1,-1,1,1,-1,-1,1,1,-1,-1,1,-1,1,1,-1,1,1,-1,-1,1,1,-1,1,1,1,-1,-1,-1,1,-1,1,1,-1,1,1,-1,-1,-1,-1,-1,-1,1,1,1,1,-1,-1,-1,-1,1,-1,1,1,1,-1,-1,-1,1,1,-1,1,-1,-1,-1,-1,-1,-1,-1,1,1,1,-1,-1,1,-1,-1,1,-1,1,-1,1,-1,1,-1,-1,-1,1,-1,-1,1,-1,-1,-1,1,1,-1,-1,-1,1,1,1,1,-1,1,-1,-1,-1,1,1,-1,1,-1,1,1,-1,-1,1,1,-1,-1,-1,-1,1,1,-1,-1,-1,-1,-1,-1,-1,-1,1,-1,1,1,1,-1,1,-1,-1,1,-1,-1,1,1,-1,1,1,1,1,-1,1,-1,1,1,1,-1,-1,1,-1,1,-1,-1,1,-1,-1,-1,-1,1,1,-1,-1,-1,1,-1,-1,1,1,-1,-1,1,-1,-1,1,-1,-298.92234694280296,1
1230,1,1,-1,-1,1,1,-1,1,1,-1,-1,1,-1,1,1,-1,1,1,1,-1,1,1,1,-1,-1,-1,-1,-1,-1,1,1,1,1,-1,-1,1,-1,-1,-1,1,1,-1,-1,1,-1,1,1,-1,1,1,1,1,1,1,1,-1,-1,-1,1,-1,1,1,-1,1,1,-1,1,1,-1,-1,1,1,-1,1,1,1,-1,-1,1,1,-1,-1,1,-1,1,-1,-1,1,1,-1,1,-1,-1,1,-1,-1,1,1,1,-1,-1,-1,1,1,-1,1,1,-1,-1,-1,1,1,1,1,1,-1,-1,1,-1,-1,1,1,1,-1,-1,1,1,-1,1,-1,-1,-1,1,1,1,1,-1,-1,-1,1,-1,1,1,-1,1,1,1,1,-1,-1,-1,-1,1,-1,-1,-1,1,-1,-1,-1,-1,-1,1,-1,1,1,1,-1,1,1,-1,1,-1,-1,1,1,-1,1,1,1,1,-1,1,-1,1,1,1,-1,-1,1,-1,1,1,-1,1,1,-1,-1,-1,1,1,-1,-1,-1,-1,-1,-1,1,1,-1,-1,1,-1,1,-1,1,-298.91809030645015,1
1231,-1,-1,1,-1,-1,1,-1,-1,1,-1,1,1,1,1,1,1,-1,-1,-1,1,1,1,1,1,1,1,1,-1,1,-1,-1,-1,-1,1,1,1,1,1,1,1,-1,1,-1,-1,1,-1,-1,1,-1,-1,-1,-1,-1,-1,-1,1,1,1,-1,1,-1,-1,1,-1,-1,1,-1,1,1,1,1,-1,-1,-1,-1,1,1,1,1,-1,1,-1,-1,1,1,1,1,-1,-1,1,-1,1,1,1,1,1,1,1,-1,-1,-1,1,1,-1,1,1,-1,1,1,1,1,-1,-1,1,1,1,-1,-1,1,-1,1,1,1,1,1,1,1,1,-1,-1,-1,1,-1,-1,1,-1,1,-1,-1,-1,-1,1,-1,-1,1,1,-1,-1,1,1,1,1,-1,1,1,1,-1,1,1,1,1,1,-1,1,-1,-1,-1,1,-1,1,1,-1,1,1,-1,-1,1,-1,-1,-1,-1,1,-1,1,-1,-1,-1,1,1,-1,1,-1,1,1,-1,1,1,1,1,-1,-1,1,1,1,-1,1,1,-1,-1,1,1,-1,1,1,-1,1,-298.91439852906996,1
1232,-1,1,-1,1,1,-1,1,1,-1,1,-1,-1,-1,-1,-1,-1,1,1,1,-1,-1,-1,-1,-1,-1,-1,1,1,-1,1,1,1,1,-1,-1,-1,-1,-1,1,-1,1,1,1,1,-1,1,1,-1,1,1,1,1,1,1,1,-1,-1,-1,1,-1,1,1,-1,1,1,-1,1,-1,-1,-1,-1,1,1,1,1,-1,-1,-1,1,1,-1,-1,1,-1,-1,-1,-1,-1,1,-1,1,-1,-1,-1,-1,-1,1,-1,1,-1,1,-1,-1,1,-1,1,-1,-1,-1,-1,1,1,1,1,-1,-1,1,1,-1,-1,-1,-1,1,-1,-1,1,-1,-1,-1,1,1,1,1,1,-1,1,-1,1,1,1,1,-1,1,-1,-1,-1,1,1,-1,-1,-1,-1,1,-1,-1,1,1,-1,-1,-1,-1,-1,1,-1,1,1,1,-1,1,-1,-1,1,-1,-1,1,1,-1,1,-1,-1,1,-1,1,1,1,1,-1,-1,-1,1,-1,1,-1,-1,1,-1,-1,-1,-1,1,1,1,-1,-1,1,1,-1,1,1,-1,-1,-1,-1,-1,1,1,-298.9038674851774,1
1233,-1,-1,1,1,-1,-1,-1,-1,-1,1,1,-1,1,-1,-1,1,-1,-1,-1,1,-1,-1,-1,1,1,1,1,1,1,-1,-1,-1,-1,1,1,-1,1,1,1,-1,-1,1,-1,-1,1,-1,-1,1,-1,-1,-1,-1,1,-1,-1,1,1,1,-1,1,-1,-1,1,-1,-1,1,-1,1,1,-1,1,-1,-1,-1,-1,1,1,1,-1,-1,1,1,-1,1,1,1,1,1,-1,1,-1,1,1,1,1,1,-1,1,-1,1,-1,1,1,-1,1,-1,1,1,1,1,-1,-1,-1,-1,-1,-1,-1,-1,1,1,-1,1,-1,1,1,-1,-1,1,1,-1,-1,-1,-1,-1,1,-1,1,-1,-1,1,-1,-1,-1,1,-1,-1,-1,-1,1,1,1,1,-1,1,1,-1,-1,1,1,1,1,1,-1,1,-1,-1,-1,1,-1,-1,1,-1,1,1,-1,-1,1,-1,-1,-1,-1,1,-1,1,-1,-1,-1,1,1,-1,1,-1,-1,1,-1,-1,1,1,1,-1,-1,1,1,1,1,1,1,-1,-1,1,1,-1,1,-1,1,-1,-298.90097781738524,1
1234,1,1,-1,-1,1,-1,-1,1,-1,-1,-1,-1,-1,1,1,-1,1,-1,1,-1,-1,1,1,1,-1,-1,-1,-1,-1,1,1,1,1,-1,1,1,-1,-1,1,1,1,1,-1,-1,-1,-1,1,1,1,-1,1,1,-1,1,-1,1,1,1,-1,1,-1,-1,1,-1,-1,1,1,1,1,1,1,-1,-1,-1,1,1,1,-1,1,-1,-1,-1,-1,-1,-1,1,1,-1,-1,-1,-1,1,-1,1,1,-1,-1,-1,-1,1,1,1,1,-1,1,1,-1,1,-1,1,-1,1,1,-1,1,1,-1,1,-1,-1,1,1,-1,-1,-1,-1,1,1,-1,-1,-1,1,1,-1,1,1,1,-1,-1,1,-1,1,-1,-1,1,1,-1,-1,1,1,1,1,-1,-1,1,1,1,1,1,-1,-1,1,1,1,-1,1,-1,1,1,1,1,1,1,1,1,-1,1,1,1,1,-1,1,-1,1,-1,-1,-1,-1,1,1,-1,1,-1,-1,1,1,1,1,1,-1,1,1,1,-1,1,-1,-1,-1,-1,-1,-1,-1,-1,-1,1,-1,-298.89653132288436,1
1235,1,-1,1,-1,-1,1,-1,-1,1,-1,1,1,-1,1,1,-1,-1,-1,1,-1,1,1,1,1,-1,-1,1,-1,-1,-1,1,1,-1,-1,1,1,-1,-1,1,1,-1,1,-1,-1,1,-1,-1,1,1,-1,-1,1,-1,-1,-1,1,1,1,-1,1,-1,-1,1,-1,-1,1,-1,-1,1,1,-1,-1,-1,-1,-1,1,1,1,-1,-1,1,1,-1,1,-1,1,1,-1,-1,1,-1,1,1,-1,1,1,-1,-1,-1,1,1,1,-1,-1,1,-1,-1,1,-1,1,-1,1,-1,-1,1,1,1,1,1,1,1,1,-1,-1,-1,-1,1,1,-1,-1,-1,1,1,-1,-1,1,1,-1,-1,1,-1,1,-1,1,1,1,-1,-1,1,1,1,1,-1,-1,1,1,1,1,1,1,1,1,-1,1,1,-1,-1,1,-1,1,1,-1,1,1,-1,-1,1,-1,-1,-1,-1,1,-1,1,-1,-1,-1,1,1,-1,1,-1,1,1,-1,1,1,1,1,-1,-1,1,1,1,-1,1,1,-1,-1,1,1,-1,1,1,-1,-1,-298.8902012463777,1
1236,1,-1,1,-1,-1,1,-1,-1,1,-1,1,1,1,1,1,1,-1,-1,-1,1,-1,1,1,1,1,1,1,-1,1,-1,-1,-1,-1,1,1,1,1,1,1,-1,-1,1,-1,-1,1,-1,-1,1,-1,-1,-1,-1,-1,-1,-1,1,1,1,-1,1,-1,-1,1,-1,-1,1,-1,1,1,1,1,-1,-1,-1,-1,1,1,1,-1,-1,1,1,-1,1,1,1,1,-1,-1,1,-1,1,1,-1,1,1,1,1,-1,-1,-1,1,1,-1,1,-1,1,1,1,1,1,-1,-1,1,1,1,1,-1,1,1,1,1,-1,1,1,1,1,1,1,-1,-1,-1,-1,-1,1,-1,1,-1,-1,1,-1,1,-1,1,1,1,-1,-1,1,1,1,1,-1,1,1,-1,-1,1,1,1,1,1,-1,1,-1,-1,-1,1,-1,1,1,-1,1,1,-1,-1,1,1,1,1,-1,1,-1,1,-1,-1,-1,1,1,-1,1,-1,1,1,-1,1,1,1,1,-1,-1,1,1,1,-1,1,1,-1,-1,1,1,-1,1,1,-1,-1,-298.88867236531735,1
1237,-1,1,-1,1,1,-1,1,1,-1,1,-1,-1,-1,-1,-1,-1,1,1,1,-1,-1,-1,-1,-1,-1,-1,-1,1,-1,1,-1,1,1,1,-1,-1,1,1,-1,-1,1,-1,1,1,-1,1,1,-1,-1,1,1,-1,1,1,1,-1,-1,-1,1,-1,1,1,-1,1,1,-1,1,1,-1,-1,1,1,1,1,1,-1,-1,-1,1,1,-1,-1,1,-1,1,-1,-1,-1,1,-1,1,-1,-1,1,-1,-1,1,1,1,-1,-1,-1,-1,1,-1,1,1,-1,1,-1,1,-1,-1,1,-1,-1,-1,-1,-1,-1,-1,-1,1,-1,1,1,-1,-1,1,1,1,-1,1,1,1,1,-1,1,1,-1,1,-1,1,-1,-1,-1,1,1,-1,-1,-1,-1,1,-1,-1,-1,1,-1,-1,-1,-1,-1,1,-1,1,1,1,-1,1,-1,-1,1,-1,-1,1,1,-1,1,1,1,1,-1,1,-1,1,1,1,-1,-1,1,-1,1,-1,-1,1,-1,-1,-1,-1,1,1,-1,-1,-1,1,-1,-1,1,1,-1,-1,1,-1,-1,1,-1,-298.8866712173181,1
1238,-1,1,-1,1,1,-1,1,1,-1,1,-1,-1,-1,-1,-1,-1,-1,1,1,-1,-1,-1,-1,-1,-1,-1,1,1,-1,1,1,1,-1,-1,-1,1,-1,-1,1,-1,1,1,1,1,-1,1,1,-1,1,1,1,1,1,1,1,-1,-1,-1,1,-1,1,1,-1,1,1,-1,1,1,-1,-1,1,1,1,1,1,-1,-1,-1,1,1,-1,-1,1,-1,1,-1,-1,1,1,-1,1,-1,-1,1,-1,-1,1,1,1,-1,-1,-1,-1,1,-1,-1,1,-1,-1,-1,1,1,1,1,-1,-1,1,1,-1,1,-1,-1,1,-1,-1,1,-1,-1,1,1,1,-1,1,1,1,1,-1,1,1,1,-1,-1,1,-1,-1,-1,1,1,-1,-1,-1,-1,1,-1,-1,-1,1,-1,-1,-1,-1,-1,1,-1,1,-1,1,-1,1,1,-1,1,-1,-1,1,1,-1,1,1,1,1,-1,1,-1,1,1,-1,-1,-1,1,-1,1,-1,-1,1,-1,-1,-1,-1,1,1,1,-1,-1,1,1,-1,1,1,-1,-1,-1,-1,-1,1,1,-298.8840773797396,1
1239,1,-1,1,-1,-1,-1,-1,-1,-1,-1,1,-1,1,-1,-1,1,-1,-1,-1,1,-1,1,1,1,-1,1,1,-1,1,-1,1,-1,-1,-1,1,-1,-1,-1,1,1,-1,1,-1,-1,1,-1,-1,1,1,-1,-1,1,-1,-1,-1,1,1,1,-1,1,-1,-1,1,-1,-1,1,1,1,1,1,1,-1,-1,-1,-1,1,1,1,-1,-1,1,1,-1,1,1,1,1,1,-1,1,-1,1,1,1,1,1,-1,1,-1,1,-1,1,1,-1,1,-1,1,1,-1,1,-1,1,1,-1,1,1,-1,1,1,1,1,1,-1,-1,-1,-1,1,1,1,-1,-1,-1,-1,-1,1,-1,1,-1,-1,1,-1,1,-1,1,1,1,-1,-1,1,1,1,1,-1,1,1,-1,-1,1,1,1,1,1,-1,1,-1,-1,-1,1,-1,1,1,-1,1,1,-1,-1,1,-1,-1,-1,-1,1,-1,1,-1,-1,-1,1,1,-1,1,-1,-1,1,-1,-1,1,1,1,-1,-1,1,1,1,1,1,1,-1,-1,1,1,-1,1,-1,1,-1,-298.8821390535061,1
1240,1,1,-1,-1,1,1,1,1,-1,1,-1,1,-1,1,-1,-1,1,1,1,-1,1,-1,1,-1,-1,-1,-1,1,-1,1,1,-1,-1,-1,-1,-1,-1,-1,-1,1,1,-1,1,1,1,1,1,-1,1,1,-1,1,-1,-1,1,-1,-1,-1,1,-1,1,1,1,1,1,-1,1,1,-1,-1,1,1,1,1,-1,-1,-1,1,1,1,1,-1,1,1,1,-1,-1,1,1,1,1,-1,1,1,-1,1,1,1,1,-1,-1,-1,-1,1,-1,1,1,-1,-1,-1,1,1,1,1,-1,-1,-1,1,-1,-1,-1,-1,1,-1,-1,1,-1,-1,1,1,1,-1,1,1,1,1,-1,1,1,-1,1,1,1,-1,1,1,1,1,-1,-1,-1,-1,1,-1,-1,-1,1,-1,-1,-1,-1,-1,1,-1,1,1,1,-1,1,1,-1,1,-1,-1,1,-1,-1,-1,-1,-1,-1,-1,1,-1,1,1,1,1,-1,-1,1,-1,-1,1,-1,-1,-1,-1,-1,1,-1,-1,-1,1,-1,1,1,1,1,1,-1,1,1,1,-1,-1,-298.8807325041428,1
1241,-1,1,-1,1,1,1,1,1,-1,1,-1,1,1,-1,-1,1,1,1,-1,1,1,-1,-1,-1,1,1,-1,1,1,1,-1,-1,1,1,-1,-1,1,1,-1,-1,1,-1,1,1,1,1,1,-1,-1,1,-1,-1,1,-1,1,-1,-1,-1,1,-1,1,1,-1,1,1,-1,-1,-1,-1,-1,-1,1,1,1,1,-1,-1,-1,1,1,-1,-1,1,-1,-1,-1,-1,-1,1,-1,1,-1,-1,-1,-1,-1,1,-1,1,-1,1,-1,-1,1,-1,1,-1,-1,1,-1,1,-1,1,1,-1,-1,1,-1,-1,-1,-1,-1,1,1,1,1,-1,-1,-1,1,1,1,-1,1,-1,-1,-1,1,1,-1,1,-1,1,-1,-1,-1,1,1,-1,-1,-1,-1,1,1,-1,1,-1,-1,-1,-1,-1,-1,1,-1,1,1,1,-1,1,-1,-1,-1,-1,-1,1,1,-1,1,1,1,-1,-1,1,-1,1,1,1,-1,-1,-1,-1,1,-1,1,1,-1,-1,-1,-1,1,1,-1,-1,-1,-1,1,-1,1,1,-1,-1,1,-1,1,-1,-1,-298.87681076230405,1
1242,1,1,-1,-1,1,-1,-1,1,-1,-1,-1,-1,-1,1,1,-1,1,-1,1,-1,-1,1,1,-1,-1,-1,-1,-1,-1,1,1,1,1,-1,-1,1,-1,-1,1,1,1,1,-1,1,-1,1,1,-1,1,1,1,1,-1,1,1,-1,-1,-1,1,-1,1,1,-1,1,1,-1,1,1,-1,-1,1,1,-1,1,1,1,-1,-1,1,1,-1,-1,1,-1,1,-1,-1,1,1,-1,1,-1,-1,1,-1,-1,1,1,1,-1,-1,-1,-1,1,-1,1,1,-1,-1,-1,1,1,1,1,1,-1,-1,1,-1,-1,1,1,1,-1,-1,1,1,-1,1,-1,-1,-1,1,1,1,1,-1,-1,-1,1,-1,1,1,-1,1,1,1,1,-1,-1,-1,-1,1,-1,-1,-1,1,-1,-1,-1,-1,-1,1,-1,1,1,1,-1,1,1,-1,1,-1,-1,1,1,-1,1,1,1,1,-1,1,-1,1,1,-1,-1,-1,1,-1,1,-1,-1,1,1,-1,-1,-1,1,1,1,-1,-1,1,1,-1,-1,1,-1,-1,-1,-1,-1,1,-1,-298.87215429456097,1
1243,-1,1,-1,1,1,1,1,1,1,1,-1,1,-1,1,1,-1,1,1,1,-1,1,-1,-1,-1,-1,-1,-1,1,-1,1,-1,1,1,1,-1,1,1,1,-1,-1,1,-1,1,1,-1,1,1,-1,-1,1,1,-1,1,1,1,-1,-1,-1,1,-1,1,1,-1,1,1,-1,-1,-1,-1,-1,-1,1,1,1,1,-1,-1,-1,1,1,-1,-1,1,-1,-1,-1,-1,-1,1,-1,1,-1,-1,-1,-1,-1,1,-1,1,-1,1,-1,-1,1,-1,1,-1,-1,1,-1,1,-1,1,1,-1,-1,1,-1,-1,-1,-1,-1,1,-1,1,1,-1,-1,-1,1,1,1,1,1,-1,1,-1,1,1,-1,1,-1,1,-1,-1,-1,1,1,-1,-1,-1,-1,1,-1,-1,1,1,-1,-1,-1,-1,-1,1,-1,1,1,1,-1,1,-1,-1,1,-1,-1,1,1,-1,1,1,1,1,-1,1,-1,1,1,1,-1,-1,1,-1,1,1,-1,1,1,-1,-1,-1,1,1,-1,-1,-1,-1,-1,-1,1,1,-1,-1,1,-1,1,-1,1,-298.8541088569595,1
1244,1,-1,1,-1,-1,1,-1,-1,1,-1,1,1,1,1,1,1,-1,1,-1,1,-1,1,1,1,1,1,1,-1,1,-1,-1,-1,-1,1,1,1,1,1,1,-1,-1,1,-1,-1,1,-1,-1,1,-1,-1,-1,-1,-1,-1,-1,1,1,1,-1,1,-1,-1,1,-1,-1,1,-1,1,1,1,1,-1,-1,-1,-1,1,1,1,-1,-1,1,1,-1,1,1,1,1,1,-1,1,-1,1,1,1,1,1,-1,1,-1,1,-1,1,1,-1,1,-1,1,1,1,1,-1,-1,-1,-1,1,1,-1,-1,1,1,1,1,-1,1,1,-1,1,1,1,-1,-1,-1,-1,-1,1,-1,1,-1,-1,1,-1,1,-1,1,1,1,-1,-1,1,1,1,1,-1,1,1,-1,-1,1,1,1,1,1,-1,1,-1,-1,-1,1,-1,1,1,-1,1,1,-1,-1,1,-1,-1,-1,-1,1,-1,1,-1,-1,-1,1,1,-1,1,-1,1,1,-1,1,1,1,1,-1,-1,1,1,1,-1,1,1,-1,-1,1,1,-1,1,1,-1,-1,-298.85372848215695,1
1245,-1,1,-1,1,1,-1,1,1,-1,1,-1,-1,1,-1,-1,1,1,1,-1,1,-1,-1,-1,-1,1,1,-1,1,1,1,-1,-1,1,1,-1,-1,1,1,-1,-1,1,-1,1,1,-1,1,1,-1,-1,1,1,-1,1,1,1,-1,-1,-1,1,-1,1,1,-1,1,1,-1,-1,-1,-1,-1,-1,1,1,1,1,-1,-1,-1,1,1,-1,1,1,-1,-1,-1,-1,1,1,-1,-1,1,-1,-1,1,-1,-1,-1,1,1,1,-1,-1,1,-1,-1,1,-1,1,-1,-1,-1,1,-1,-1,-1,1,-1,-1,1,-1,-1,-1,1,1,-1,-1,-1,-1,1,1,1,-1,1,-1,-1,-1,1,1,-1,1,-1,1,-1,-1,-1,-1,1,-1,1,-1,-1,1,1,-1,-1,-1,-1,-1,-1,-1,1,1,-1,1,1,1,-1,1,-1,-1,1,-1,-1,1,1,-1,1,1,1,1,-1,1,-1,1,1,1,-1,-1,1,-1,1,-1,-1,1,-1,-1,-1,-1,1,1,-1,-1,-1,1,-1,-1,-1,1,-1,-1,1,-1,-1,1,1,-298.8484445834249,1
1246,-1,1,-1,1,1,-1,1,1,-1,1,-1,-1,1,-1,-1,1,1,1,-1,1,1,-1,-1,-1,1,1,-1,1,1,1,-1,-1,1,1,-1,-1,1,1,-1,-1,1,-1,1,1,-1,1,1,-1,-1,1,1,-1,1,1,1,-1,-1,-1,1,-1,1,1,-1,1,1,-1,-1,-1,-1,-1,-1,1,1,1,1,-1,-1,-1,-1,1,-1,1,1,-1,-1,-1,-1,1,1,-1,1,-1,-1,1,-1,-1,-1,-1,1,1,1,-1,-1,1,-1,-1,1,-1,1,-1,1,-1,1,-1,-1,-1,-1,-1,-1,-1,-1,-1,-1,1,1,-1,-1,-1,1,1,1,-1,-1,1,-1,-1,-1,1,1,-1,1,-1,1,1,-1,-1,1,1,-1,-1,-1,-1,1,1,-1,1,-1,-1,-1,-1,-1,-1,1,-1,1,1,1,-1,1,-1,-1,1,-1,-1,1,1,-1,1,1,1,1,-1,1,-1,1,1,1,-1,-1,1,-1,1,-1,-1,1,-1,-1,-1,-1,1,1,-1,-1,-1,1,-1,-1,1,1,-1,-1,1,-1,-1,1,-1,-298.8469676563745,1
1247,1,1,-1,-1,1,1,-1,1,-1,-1,-1,1,-1,1,-1,-1,1,1,1,-1,1,1,1,-1,1,-1,-1,-1,-1,1,1,1,1,-1,1,-1,-1,-1,-1,1,1,-1,-1,1,1,-1,-1,-1,1,-1,-1,1,-1,-1,-1,-1,-1,1,1,-1,-1,-1,1,-1,1,-1,-1,-1,-1,1,-1,1,-1,1,-1,1,-1,1,-1,1,1,-1,1,1,1,-1,-1,-1,1,1,1,-1,1,1,-1,1,1,1,1,-1,-1,-1,-1,1,-1,1,1,-1,-1,1,1,1,-1,1,1,1,-1,1,1,-1,1,1,1,-1,-1,1,1,1,1,-1,-1,-1,1,-1,1,1,1,-1,-1,1,-1,1,-1,1,1,1,1,-1,-1,-1,1,-1,1,-1,-1,-1,1,-1,-1,-1,-1,-1,1,-1,1,1,1,-1,1,1,-1,1,-1,-1,1,1,-1,-1,-1,-1,1,-1,1,-1,1,1,1,1,-1,-1,1,-1,-1,1,-1,-1,-1,-1,-1,1,1,-1,-1,1,-1,1,1,1,1,1,-1,1,1,1,-1,-1,-298.8376033442201,1
1248,-1,1,-1,1,1,-1,1,1,-1,1,-1,-1,-1,-1,-1,-1,1,1,1,-1,-1,-1,-1,-1,-1,-1,-1,1,-1,1,1,1,1,-1,-1,-1,-1,-1,-1,1,1,-1,1,1,-1,1,1,-1,1,1,1,1,1,1,1,-1,-1,-1,1,-1,1,1,-1,1,1,-1,1,-1,-1,-1,-1,1,1,1,1,-1,-1,-1,1,1,-1,1,1,-1,-1,-1,-1,-1,1,-1,1,-1,-1,-1,-1,-1,1,-1,1,-1,1,-1,-1,1,-1,1,-1,-1,-1,-1,1,1,1,1,-1,-1,1,1,-1,-1,-1,-1,1,-1,-1,1,-1,-1,-1,1,1,1,1,1,-1,1,-1,1,1,-1,1,-1,1,1,-1,-1,1,1,-1,-1,-1,-1,1,-1,-1,1,1,-1,-1,-1,-1,-1,1,-1,1,1,1,-1,1,-1,-1,1,-1,-1,1,1,-1,1,1,1,1,-1,1,-1,1,1,1,-1,-1,1,-1,1,-1,-1,1,-1,-1,-1,-1,1,1,-1,-1,-1,1,-1,-1,1,1,-1,-1,1,-1,-1,1,1,-298.83570983428405,1
1249,-1,1,-1,1,1,-1,1,1,-1,1,-1,-1,-1,-1,-1,-1,1,1,1,-1,-1,-1,-1,-1,1,-1,-1,1,-1,1,-1,1,1,1,-1,-1,1,1,-1,-1,1,-1,1,1,-1,1,1,-1,-1,1,1,-1,1,1,1,-1,-1,-1,1,-1,1,1,-1,1,1,-1,-1,-1,-1,-1,-1,1,1,1,1,-1,-1,-1,1,1,-1,-1,1,-1,1,-1,-1,1,1,-1,1,-1,-1,-1,-1,-1,1,1,1,-1,-1,-1,-1,1,-1,-1,1,-1,1,-1,1,-1,-1,1,-1,-1,1,-1,1,1,-1,-1,1,1,1,1,-1,-1,1,1,1,-1,1,1,-1,1,-1,1,1,-1,1,-1,1,-1,-1,-1,1,1,-1,-1,-1,-1,1,-1,-1,-1,1,-1,-1,-1,-1,-1,1,-1,1,1,1,-1,1,-1,-1,1,-1,-1,1,1,-1,1,1,1,1,-1,1,-1,1,1,1,-1,-1,1,-1,1,-1,-1,1,-1,-1,-1,-1,1,1,-1,-1,-1,1,-1,-1,1,1,-1,-1,1,-1,-1,1,1,-298.8351922103371,1
1250,-1,1,-1,1,1,1,1,1,-1,1,-1,1,-1,-1,-1,-1,1,1,1,-1,1,-1,-1,-1,-1,-1,-1,1,-1,1,1,1,1,-1,-1,-1,-1,-1,-1,1,1,-1,1,1,-1,1,1,-1,1,1,1,1,1,1,1,-1,-1,-1,1,-1,1,1,-1,1,1,-1,1,-1,-1,-1,-1,1,1,1,1,-1,-1,-1,1,1,-1,-1,1,-1,-1,-1,-1,-1,1,-1,1,-1,-1,-1,-1,-1,1,-1,1,-1,1,-1,-1,1,-1,1,-1,-1,-1,-1,1,1,1,1,-1,-1,1,1,-1,-1,-1,-1,1,-1,-1,1,-1,-1,-1,1,1,1,1,1,-1,1,-1,1,1,-1,1,-1,1,-1,-1,-1,1,1,-1,-1,-1,-1,1,-1,-1,1,1,-1,-1,-1,-1,-1,1,-1,1,1,1,-1,1,1,-1,1,-1,-1,1,1,-1,1,1,1,1,-1,1,-1,1,1,1,-1,-1,1,-1,1,-1,-1,1,-1,-1,-1,-1,1,1,-1,-1,-1,-1,-1,-1,1,1,-1,-1,1,-1,1,-1,1,-298.82683853949516,1
1251,-1,-1,1,1,-1,-1,-1,-1,-1,1,1,-1,1,-1,-1,1,-1,-1,-1,1,-1,-1,-1,1,1,1,1,1,1,-1,-1,-1,-1,1,1,-1,1,1,1,-1,-1,1,-1,-1,1,-1,-1,1,-1,-1,-1,-1,1,-1,-1,1,1,1,-1,1,-1,-1,1,-1,-1,1,-1,1,1,-1,1,-1,-1,-1,-1,1,1,1,-1,-1,1,1,-1,1,1,1,1,1,-1,1,-1,1,1,1,1,1,-1,1,-1,1,-1,1,1,-1,1,-1,1,1,1,1,-1,-1,-1,-1,-1,-1,-1,-1,1,1,-1,1,-1,1,1,-1,-1,1,1,-1,-1,-1,-1,-1,1,-1,1,-1,-1,1,-1,-1,-1,1,-1,-1,-1,-1,1,1,1,1,-1,1,1,-1,-1,1,1,1,1,1,-1,1,-1,-1,-1,1,-1,-1,1,-1,1,1,-1,-1,1,-1,-1,-1,-1,1,-1,1,-1,-1,-1,1,1,-1,1,-1,-1,1,-1,-1,1,1,1,-1,-1,1,1,1,1,1,1,-1,-1,1,1,-1,1,-1,1,1,-298.82093225828544,1
1252,-1,1,-1,1,1,-1,1,1,-1,1,-1,-1,-1,1,1,-1,1,-1,1,-1,-1,-1,-1,-1,-1,-1,-1,1,-1,1,1,1,1,-1,-1,1,-1,-1,1,-1,1,1,1,1,-1,1,1,-1,1,1,1,1,1,1,1,-1,-1,-1,1,-1,1,1,-1,1,1,-1,1,-1,-1,-1,-1,1,1,1,1,-1,-1,-1,-1,1,-1,1,1,-1,-1,-1,-1,1,1,-1,1,-1,-1,-1,-1,-1,-1,-1,1,1,1,-1,-1,1,-1,-1,1,-1,-1,-1,-1,1,1,-1,-1,-1,1,1,-1,1,-1,-1,-1,-1,-1,-1,-1,-1,1,1,1,1,1,1,-1,1,-1,1,1,1,1,-1,1,1,-1,-1,1,1,-1,-1,-1,-1,1,-1,-1,-1,1,-1,-1,-1,-1,-1,1,-1,1,1,1,-1,1,1,-1,1,-1,-1,1,1,-1,1,1,1,1,-1,1,-1,1,1,-1,-1,-1,1,-1,1,-1,-1,1,1,-1,-1,-1,1,1,1,-1,-1,1,1,-1,-1,1,-1,-1,-1,-1,-1,1,1,-298.8115584461454,1
1253,-1,1,-1,1,1,1,1,1,-1,1,-1,1,-1,-1,-1,-1,1,1,1,-1,1,-1,-1,-1,-1,-1,-1,1,-1,1,1,1,1,-1,-1,-1,-1,-1,-1,-1,1,-1,1,1,-1,1,1,-1,1,1,1,1,1,1,1,-1,-1,-1,1,-1,1,1,-1,1,1,-1,1,-1,-1,-1,-1,1,1,1,1,-1,-1,-1,1,1,-1,-1,1,-1,-1,-1,-1,-1,1,-1,1,-1,-1,-1,-1,-1,1,-1,1,-1,1,1,-1,1,-1,1,-1,1,-1,-1,1,1,1,1,-1,-1,1,1,-1,-1,-1,-1,1,-1,-1,1,-1,-1,-1,1,1,1,1,1,-1,1,-1,1,1,1,1,-1,1,-1,-1,-1,1,1,-1,-1,-1,-1,1,-1,-1,1,1,-1,-1,-1,-1,-1,1,-1,1,1,1,-1,1,1,-1,1,-1,-1,1,1,-1,-1,-1,-1,1,-1,1,-1,1,-1,1,-1,1,1,-1,1,-1,-1,1,-1,-1,1,-1,1,1,-1,-1,-1,-1,-1,-1,1,1,-1,-1,1,-1,1,-1,1,-298.8103649079209,1
1254,1,1,-1,-1,1,1,1,1,-1,-1,-1,1,-1,1,-1,-1,1,1,1,-1,1,-1,1,-1,-1,-1,-1,-1,-1,1,1,-1,-1,-1,-1,-1,-1,-1,-1,1,1,-1,1,1,1,1,1,-1,1,1,-1,1,-1,-1,1,-1,-1,-1,1,-1,1,1,1,1,1,-1,1,1,-1,-1,1,1,1,1,-1,-1,-1,1,1,1,1,-1,1,1,1,-1,-1,1,1,1,1,-1,1,1,-1,1,1,1,1,-1,-1,-1,-1,1,-1,1,1,-1,-1,-1,1,1,1,1,-1,-1,-1,1,-1,-1,1,-1,1,-1,-1,1,-1,-1,1,1,1,-1,1,1,1,1,-1,1,1,-1,1,1,1,-1,1,1,1,1,-1,-1,-1,-1,1,-1,-1,-1,1,-1,-1,-1,-1,-1,1,-1,1,1,1,-1,1,1,-1,1,-1,-1,1,-1,-1,-1,-1,-1,1,-1,1,-1,1,1,1,1,-1,-1,1,-1,-1,1,-1,-1,-1,-1,-1,1,-1,-1,-1,1,-1,1,1,1,1,1,-1,1,1,1,-1,-1,-298.8095959478802,1
1255,-1,-1,1,1,-1,1,1,-1,1,1,1,1,1,-1,-1,1,-1,1,-1,1,1,-1,-1,-1,1,1,1,1,1,-1,-1,-1,-1,1,-1,-1,1,1,-1,-1,-1,1,1,1,1,1,-1,-1,-1,1,1,-1,1,1,1,-1,-1,-1,1,-1,1,1,-1,1,1,-1,-1,-1,-1,-1,-1,1,1,1,1,-1,-1,-1,1,1,-1,-1,1,-1,-1,-1,-1,-1,1,-1,1,-1,-1,-1,-1,-1,1,-1,1,-1,1,-1,-1,1,-1,1,-1,-1,1,-1,-1,-1,-1,1,-1,-1,1,-1,-1,-1,-1,-1,1,1,1,1,-1,-1,-1,1,1,1,-1,1,-1,-1,-1,1,1,-1,1,-1,1,-1,-1,-1,1,1,-1,-1,-1,-1,1,1,-1,1,-1,-1,-1,1,1,-1,-1,-1,1,-1,1,-1,-1,-1,-1,-1,-1,-1,-1,1,-1,-1,-1,-1,1,-1,1,-1,1,1,-1,-1,-1,-1,-1,1,1,-1,1,-1,-1,-1,-1,1,1,-1,-1,-1,-1,1,-1,1,1,-1,1,1,-1,1,-1,1,-298.8040349838037,1
1256,1,1,-1,-1,1,-1,-1,1,-1,-1,-1,-1,-1,1,-1,-1,1,-1,1,-1,-1,1,1,1,-1,-1,-1,-1,-1,1,1,1,1,-1,1,1,-1,-1,1,1,1,1,-1,-1,-1,-1,1,1,1,-1,-1,1,-1,-1,-1,1,1,1,-1,1,-1,-1,1,-1,-1,1,1,1,1,1,1,-1,-1,-1,-1,1,1,1,-1,-1,1,1,-1,1,-1,1,1,-1,-1,1,-1,-1,1,1,-1,1,-1,-1,-1,1,1,1,1,-1,1,-1,-1,1,-1,1,-1,1,1,-1,1,1,-1,1,-1,1,1,1,-1,-1,-1,-1,1,1,-1,-1,-1,1,1,-1,1,1,1,-1,-1,1,-1,1,-1,1,1,1,1,-1,1,-1,1,1,1,-1,1,1,1,1,1,-1,-1,-1,1,1,-1,1,-1,1,1,1,1,1,1,1,1,-1,1,1,1,1,-1,1,-1,1,-1,-1,1,1,1,1,1,-1,-1,1,-1,1,1,1,1,-1,-1,1,1,1,1,1,1,-1,-1,1,-1,-1,1,-1,1,1,-298.80283901974457,1
1257,-1,-1,1,1,-1,-1,-1,-1,1,-1,1,-1,1,-1,1,1,-1,-1,-1,1,-1,1,-1,1,1,1,1,-1,1,-1,-1,1,1,1,1,1,1,1,1,-1,-1,1,-1,-1,-1,-1,-1,1,-1,-1,1,-1,1,1,-1,1,1,1,-1,1,-1,-1,-1,-1,-1,1,-1,-1,1,1,-1,-1,-1,-1,1,1,1,-1,-1,-1,-1,1,-1,-1,-1,1,1,-1,-1,-1,-1,1,-1,-1,1,-1,-1,-1,-1,1,1,1,1,-1,1,-1,-1,1,1,1,-1,-1,-1,-1,1,1,1,-1,1,1,1,1,-1,1,1,-1,1,1,-1,-1,-1,1,-1,-1,-1,-1,1,-1,-1,1,-1,-1,-1,1,-1,-1,-1,-1,1,1,1,1,-1,1,1,1,-1,1,1,1,1,1,-1,1,-1,-1,-1,1,-1,-1,1,-1,1,1,-1,1,1,1,1,1,-1,1,-1,1,-1,-1,-1,-1,1,1,-1,1,1,-1,1,1,1,1,1,-1,-1,1,1,-1,1,-1,-1,-1,-1,-1,1,-1,-1,-1,1,1,-298.7972464096303,1
1258,-1,-1,1,1,-1,1,1,-1,1,1,1,1,1,-1,-1,1,-1,1,-1,1,1,-1,-1,-1,1,1,1,1,1,-1,-1,-1,-1,1,-1,-1,1,1,-1,-1,-1,1,1,1,1,1,-1,-1,-1,1,1,-1,1,1,-1,-1,-1,1,1,-1,1,1,-1,1,1,-1,-1,-1,-1,1,-1,1,1,1,1,-1,-1,-1,1,1,-1,-1,1,-1,1,-1,-1,1,1,-1,1,-1,-1,-1,-1,-1,1,1,1,-1,-1,-1,-1,1,-1,-1,1,-1,1,1,1,-1,-1,1,-1,-1,1,-1,1,1,-1,-1,1,1,1,1,-1,1,1,1,1,-1,-1,1,-1,-1,1,1,1,-1,1,-1,1,-1,-1,-1,1,1,-1,-1,-1,-1,1,1,-1,-1,-1,-1,-1,1,1,-1,-1,-1,1,-1,1,-1,-1,-1,-1,-1,-1,-1,-1,1,-1,-1,-1,-1,1,-1,1,-1,1,1,-1,-1,-1,-1,-1,1,1,-1,1,-1,-1,-1,-1,1,1,-1,-1,-1,-1,1,-1,1,1,-1,1,1,-1,1,-1,-1,-298.78038523126537,1
1259,1,1,-1,1,1,-1,1,1,-1,1,-1,-1,-1,-1,-1,-1,-1,1,1,-1,-1,-1,-1,-1,-1,-1,1,1,-1,1,1,1,-1,-1,-1,1,-1,-1,1,-1,1,1,1,1,-1,1,1,-1,1,1,1,1,1,1,1,-1,-1,-1,1,-1,1,1,-1,1,1,-1,1,-1,-1,-1,-1,1,1,1,1,-1,-1,-1,-1,1,-1,1,1,-1,-1,-1,-1,1,1,-1,1,-1,-1,-1,-1,-1,-1,-1,1,1,1,-1,-1,1,-1,-1,1,-1,-1,-1,1,1,1,-1,-1,-1,1,1,-1,1,-1,-1,-1,-1,-1,-1,-1,-1,1,1,1,-1,1,1,-1,1,-1,1,1,1,1,-1,1,1,-1,-1,1,1,-1,-1,-1,-1,1,-1,-1,-1,1,-1,-1,-1,-1,-1,1,-1,1,-1,1,-1,1,1,-1,1,-1,-1,1,1,-1,1,1,1,1,-1,1,-1,1,1,-1,-1,-1,1,-1,1,-1,-1,1,-1,-1,-1,-1,1,1,1,-1,-1,1,1,-1,1,1,-1,-1,-1,-1,-1,1,1,-298.7706925472982,1
1260,1,1,-1,-1,1,-1,-1,1,-1,-1,-1,-1,-1,1,1,-1,1,-1,1,-1,-1,1,1,1,-1,-1,-1,-1,-1,1,1,1,1,-1,1,-1,-1,-1,-1,1,1,-1,-1,-1,1,-1,1,1,1,-1,-1,1,-1,-1,-1,1,1,1,-1,1,-1,-1,1,-1,-1,1,1,1,1,1,1,-1,-1,-1,-1,1,1,1,-1,-1,1,1,-1,1,1,1,1,1,-1,1,-1,1,1,1,1,1,-1,1,-1,1,-1,1,1,-1,1,-1,1,1,-1,1,1,1,-1,-1,1,1,-1,1,1,1,1,1,-1,-1,-1,-1,1,1,1,-1,-1,-1,1,-1,1,1,1,-1,-1,1,-1,1,-1,1,1,1,-1,-1,1,1,1,1,-1,-1,1,-1,1,1,1,-1,-1,-1,1,1,-1,1,-1,1,1,1,1,1,1,1,1,-1,1,1,1,1,-1,1,-1,1,-1,-1,1,1,1,-1,1,-1,-1,1,-1,1,1,1,1,-1,-1,1,1,1,1,-1,1,-1,-1,1,-1,1,1,-1,-1,-1,-298.7687071408615,1
1261,-1,1,-1,1,1,-1,1,1,-1,1,-1,-1,-1,-1,-1,-1,1,-1,1,-1,-1,-1,-1,-1,1,-1,1,1,-1,1,-1,1,1,1,-1,1,1,-1,1,-1,1,1,1,1,-1,1,1,-1,-1,1,1,-1,1,1,1,-1,-1,-1,1,-1,1,1,-1,1,1,-1,-1,-1,-1,-1,-1,1,1,1,1,-1,-1,-1,1,1,-1,-1,1,-1,-1,-1,-1,-1,1,-1,1,-1,-1,-1,-1,-1,1,-1,1,-1,1,-1,-1,1,-1,1,-1,-1,1,-1,1,-1,1,1,-1,-1,1,-1,-1,-1,-1,-1,1,1,1,1,-1,-1,-1,1,1,1,1,1,-1,1,-1,1,1,-1,1,-1,1,-1,-1,-1,1,1,-1,-1,-1,-1,1,-1,-1,1,1,-1,-1,-1,-1,-1,1,-1,1,1,1,-1,1,1,-1,1,-1,-1,1,1,-1,1,1,1,1,-1,1,1,1,1,-1,-1,-1,1,-1,1,-1,-1,1,-1,-1,-1,-1,1,1,1,-1,-1,1,1,-1,1,1,-1,-1,-1,-1,-1,1,1,-298.76846111631914,1
1262,1,1,-1,-1,1,1,1,1,1,-1,-1,1,-1,1,1,-1,1,1,1,-1,1,-1,-1,-1,-1,-1,-1,-1,-1,1,1,1,1,-1,-1,1,-1,-1,-1,1,1,-1,1,1,-1,1,1,-1,1,1,1,1,1,1,1,-1,-1,-1,1,-1,1,1,-1,1,1,-1,1,-1,-1,-1,-1,1,1,1,1,-1,-1,-1,1,1,-1,-1,1,-1,-1,-1,-1,-1,1,-1,1,-1,-1,-1,-1,-1,1,-1,1,-1,1,-1,-1,1,-1,1,-1,-1,-1,-1,1,1,1,1,-1,-1,1,1,-1,-1,1,-1,1,-1,-1,1,1,-1,-1,1,1,1,1,1,-1,1,-1,1,1,-1,1,1,1,-1,-1,-1,1,1,-1,-1,-1,-1,1,-1,-1,1,1,-1,-1,-1,-1,-1,1,-1,1,1,1,-1,1,1,-1,1,-1,-1,1,1,-1,1,1,1,1,-1,1,-1,1,1,1,-1,-1,1,-1,1,1,-1,1,1,-1,-1,-1,1,1,-1,-1,-1,-1,-1,-1,1,1,-1,-1,1,-1,1,-1,1,-298.7668972145016,1
1263,-1,1,-1,1,1,-1,1,1,-1,1,-1,-1,-1,-1,-1,-1,1,-1,1,-1,-1,-1,-1,-1,-1,-1,1,1,-1,1,1,1,1,-1,-1,1,-1,-1,1,-1,1,1,1,1,-1,1,1,-1,1,1,1,1,1,1,1,-1,-1,-1,1,-1,1,1,-1,1,1,-1,1,-1,-1,-1,-1,1,1,1,1,-1,-1,-1,1,1,-1,-1,1,-1,-1,-1,1,-1,1,-1,1,-1,-1,-1,-1,-1,1,-1,1,-1,1,1,-1,1,-1,1,-1,1,-1,-1,1,1,1,1,-1,-1,1,1,-1,-1,-1,-1,1,-1,-1,1,-1,-1,-1,1,1,1,1,1,-1,1,-1,1,1,1,1,-1,1,-1,-1,-1,1,1,-1,-1,-1,-1,1,-1,-1,1,1,-1,-1,-1,-1,-1,1,-1,1,1,1,-1,1,1,-1,1,-1,-1,1,1,-1,1,1,1,1,-1,1,1,1,-1,-1,-1,1,1,-1,1,-1,-1,1,-1,-1,1,-1,1,1,1,-1,-1,1,1,-1,-1,1,-1,-1,-1,-1,-1,1,1,-298.7604482139818,1
1264,-1,-1,1,1,-1,1,1,-1,1,1,1,1,1,-1,-1,1,-1,1,-1,1,1,-1,-1,-1,1,1,1,1,1,-1,-1,-1,-1,1,-1,-1,1,1,-1,-1,-1,1,1,1,1,1,-1,-1,-1,1,1,-1,1,1,1,-1,-1,-1,1,-1,1,1,-1,1,1,-1,-1,-1,-1,-1,-1,1,1,1,1,-1,-1,-1,1,1,-1,-1,1,-1,-1,-1,1,-1,1,-1,1,-1,-1,-1,-1,-1,1,-1,1,-1,1,1,-1,1,-1,1,-1,1,1,-1,1,-1,1,1,-1,-1,-1,-1,-1,-1,-1,-1,1,1,1,1,-1,-1,-1,1,1,1,-1,1,-1,-1,-1,1,1,-1,1,-1,1,-1,-1,-1,1,1,-1,-1,-1,-1,1,1,-1,1,-1,-1,-1,1,1,1,-1,-1,1,-1,1,-1,-1,-1,-1,-1,-1,-1,-1,1,-1,-1,-1,-1,1,-1,1,-1,1,-1,-1,-1,1,-1,1,1,1,-1,1,-1,-1,1,-1,1,1,-1,-1,-1,-1,1,-1,1,1,-1,1,1,-1,1,-1,-1,-298.75862962674904,1
1265,-1,1,-1,1,1,-1,1,1,-1,1,-1,-1,-1,-1,-1,-1,1,-1,1,-1,-1,-1,-1,-1,-1,-1,1,1,-1,1,-1,1,1,1,-1,1,1,-1,1,-1,1,1,1,1,-1,1,1,-1,-1,1,1,-1,1,1,1,-1,-1,-1,1,-1,1,1,-1,1,1,-1,-1,-1,-1,-1,-1,1,1,1,1,-1,-1,-1,1,1,-1,-1,1,-1,-1,-1,-1,-1,1,-1,1,-1,-1,-1,-1,-1,1,-1,1,-1,1,-1,-1,1,-1,1,-1,-1,1,-1,1,-1,-1,1,-1,-1,1,-1,-1,-1,-1,-1,1,-1,1,1,-1,-1,-1,1,1,1,1,1,-1,1,-1,1,1,-1,1,-1,1,-1,-1,-1,1,1,-1,-1,-1,-1,1,-1,-1,1,1,-1,-1,-1,-1,-1,1,-1,1,1,1,-1,1,1,-1,1,-1,-1,1,1,-1,1,1,1,1,-1,1,1,1,1,-1,-1,-1,1,-1,1,-1,-1,1,-1,-1,-1,-1,1,1,1,-1,-1,1,1,-1,1,1,-1,-1,-1,-1,-1,1,1,-298.75822807554255,1
1266,-1,1,-1,1,1,-1,1,1,-1,1,-1,-1,-1,-1,-1,-1,1,-1,1,-1,-1,-1,-1,-1,-1,-1,1,1,-1,1,-1,1,1,1,-1,1,1,-1,1,-1,1,1,1,1,-1,1,1,-1,-1,1,1,-1,1,1,1,-1,-1,-1,1,-1,1,1,-1,1,1,-1,-1,-1,-1,-1,-1,1,1,1,1,-1,-1,-1,1,1,-1,-1,1,-1,-1,-1,-1,-1,1,-1,1,-1,-1,-1,-1,-1,1,-1,1,-1,1,-1,-1,1,-1,1,-1,-1,1,-1,1,-1,1,1,-1,-1,1,-1,-1,-1,-1,-1,1,-1,1,1,-1,-1,-1,1,1,1,1,1,-1,1,-1,1,1,-1,1,-1,1,-1,-1,-1,1,1,-1,-1,-1,-1,1,-1,-1,1,1,-1,-1,-1,-1,-1,1,-1,1,1,1,-1,1,1,-1,1,-1,-1,1,1,-1,1,1,1,1,-1,1,1,1,1,-1,-1,-1,1,-1,1,-1,-1,1,-1,-1,-1,-1,1,1,1,-1,-1,1,1,-1,1,1,-1,-1,-1,-1,-1,1,1,-298.7493294976575,4
1267,1,1,1,-1,1,-1,1,1,-1,1,-1,-1,-1,1,1,-1,1,-1,1,-1,-1,-1,-1,-1,-1,-1,-1,1,-1,1,1,1,1,-1,-1,1,-1,-1,1,-1,1,1,1,1,-1,1,1,-1,1,1,1,1,1,1,1,-1,-1,-1,1,-1,1,1,-1,1,1,-1,1,1,-1,-1,1,1,1,1,1,-1,-1,-1,1,1,-1,-1,1,-1,1,-1,-1,1,1,-1,1,-1,-1,1,-1,-1,1,1,1,-1,-1,-1,1,1,-1,1,1,-1,-1,-1,1,1,1,1,-1,-1,-1,1,-1,-1,-1,-1,1,-1,-1,1,-1,-1,1,1,1,-1,1,1,1,1,-1,1,1,1,1,1,1,-1,-1,-1,1,1,-1,-1,-1,-1,1,-1,-1,-1,1,-1,-1,-1,-1,-1,1,-1,1,1,1,-1,1,1,-1,1,-1,-1,1,1,-1,1,1,1,1,-1,1,-1,1,1,-1,-1,-1,1,-1,1,-1,-1,1,1,-1,-1,-1,1,1,1,-1,-1,1,1,-1,-1,1,-1,1,-1,-1,-1,1,1,-298.74749455992213,1
1268,-1,-1,1,1,-1,1,-1,-1,1,-1,1,1,1,-1,-1,1,-1,1,-1,1,-1,1,-1,1,1,1,1,-1,1,-1,-1,-1,-1,1,1,-1,1,1,-1,-1,-1,-1,-1,-1,1,-1,-1,1,-1,-1,-1,-1,1,-1,-1,1,1,1,-1,1,-1,-1,1,-1,-1,1,-1,-1,1,1,-1,-1,-1,-1,-1,1,1,1,-1,-1,1,1,-1,1,-1,1,1,-1,-1,1,-1,1,1,-1,1,1,-1,-1,-1,1,1,1,1,-1,1,-1,-1,1,1,1,-1,-1,-1,-1,1,1,1,-1,1,1,1,1,-1,1,1,-1,1,1,-1,-1,-1,1,-1,-1,-1,-1,1,-1,-1,1,-1,-1,-1,1,-1,-1,-1,-1,1,1,1,1,-1,1,1,1,-1,1,1,1,1,1,-1,1,-1,-1,-1,1,-1,-1,1,-1,1,1,-1,-1,1,-1,-1,-1,-1,1,-1,1,-1,-1,-1,1,1,-1,1,-1,-1,1,-1,-1,1,1,1,-1,-1,-1,1,1,-1,-1,1,1,-1,1,-1,1,1,1,-1,1,-298.7393125194762,1
1269,-1,1,-1,1,1,-1,1,1,-1,1,-1,-1,-1,-1,-1,-1,1,-1,1,-1,-1,-1,-1,-1,-1,-1,1,1,-1,1,1,1,1,-1,-1,1,-1,-1,1,-1,1,1,1,1,-1,1,1,-1,1,1,1,1,1,1,1,-1,-1,-1,1,-1,1,1,-1,1,1,-1,1,-1,-1,-1,-1,1,1,1,1,-1,-1,-1,1,1,-1,-1,1,-1,-1,-1,1,-1,1,-1,1,-1,-1,-1,-1,-1,1,-1,1,-1,1,1,-1,1,-1,1,-1,1,-1,-1,1,1,1,1,-1,-1,1,1,-1,-1,-1,-1,1,-1,-1,1,-1,-1,-1,1,1,1,1,1,-1,1,-1,1,1,1,1,-1,1,-1,-1,-1,1,1,-1,-1,-1,-1,1,-1,-1,1,1,-1,-1,-1,-1,-1,1,-1,1,1,1,-1,1,1,-1,1,-1,-1,1,1,-1,1,1,1,1,-1,1,1,1,-1,-1,-1,1,1,-1,1,-1,-1,1,-1,-1,1,-1,1,1,1,-1,-1,1,1,-1,1,1,-1,1,-1,-1,-1,1,1,-298.73318716090193,1
1270,1,1,-1,-1,1,1,1,1,1,-1,-1,1,-1,1,1,-1,1,1,1,-1,1,1,1,-1,-1,-1,-1,-1,-1,1,1,1,1,-1,-1,1,-1,-1,-1,1,1,-1,-1,1,-1,1,1,-1,1,1,1,1,-1,1,1,-1,-1,-1,1,-1,1,1,-1,1,1,-1,1,-1,-1,1,-1,1,1,1,1,-1,-1,-1,1,1,-1,-1,1,-1,-1,-1,-1,-1,1,-1,1,-1,-1,-1,-1,-1,1,-1,1,-1,1,-1,-1,1,-1,1,-1,-1,-1,-1,1,1,1,1,1,1,1,1,-1,-1,1,-1,1,-1,-1,1,1,-1,-1,1,1,1,1,1,-1,1,-1,1,1,-1,1,1,1,-1,1,1,1,1,-1,-1,-1,-1,1,-1,-1,1,1,-1,-1,-1,-1,-1,1,-1,1,1,1,-1,1,1,-1,1,-1,-1,1,1,-1,1,1,1,1,-1,1,-1,1,1,1,-1,-1,1,-1,1,1,-1,1,1,-1,-1,-1,1,1,-1,-1,-1,-1,-1,-1,1,1,-1,-1,1,-1,1,-1,1,-298.73265791922677,1
1271,-1,1,-1,1,1,1,1,1,1,1,-1,1,1,1,1,-1,1,1,1,-1,1,-1,-1,-1,-1,-1,-1,1,-1,1,1,1,1,-1,-1,1,-1,-1,-1,-1,1,-1,1,1,-1,1,1,-1,1,1,1,1,1,1,1,-1,-1,-1,1,-1,1,1,-1,1,1,-1,1,-1,-1,-1,-1,1,1,1,1,-1,-1,-1,-1,1,-1,1,1,-1,-1,-1,-1,1,1,-1,1,-1,-1,-1,-1,-1,-1,-1,1,1,1,-1,-1,1,-1,-1,1,-1,-1,-1,1,1,1,-1,-1,-1,1,1,-1,1,-1,-1,-1,-1,-1,-1,-1,-1,1,1,1,-1,1,1,-1,1,-1,1,1,1,1,-1,1,1,-1,-1,1,1,-1,-1,-1,-1,1,-1,-1,-1,1,-1,-1,-1,-1,-1,1,-1,1,1,1,-1,1,1,-1,1,-1,-1,1,1,-1,1,1,1,1,-1,1,-1,1,1,1,-1,-1,1,-1,1,1,-1,1,1,-1,-1,-1,1,1,-1,-1,-1,-1,-1,-1,1,1,-1,-1,1,-1,1,-1,-1,-298.72660130630555,1
1272,-1,1,-1,1,1,-1,1,1,-1,1,-1,-1,-1,-1,-1,-1,-1,1,1,-1,-1,-1,-1,-1,-1,-1,1,1,-1,1,1,-1,-1,-1,-1,1,-1,-1,1,1,1,1,1,1,-1,1,1,-1,1,1,1,1,1,1,1,-1,-1,-1,1,-1,1,1,-1,1,1,-1,1,-1,-1,-1,-1,1,1,1,1,-1,-1,-1,-1,1,-1,1,1,-1,-1,-1,-1,1,1,-1,1,-1,-1,1,-1,-1,-1,-1,1,1,1,-1,-1,1,-1,1,-1,-1,-1,-1,-1,1,1,-1,-1,-1,-1,1,-1,-1,-1,-1,1,-1,-1,-1,-1,-1,1,1,1,1,1,1,-1,1,-1,1,1,-1,1,-1,1,1,-1,-1,1,1,-1,-1,-1,-1,1,-1,-1,1,1,-1,-1,-1,-1,-1,1,-1,1,-1,1,-1,1,1,-1,1,-1,-1,1,1,-1,1,1,1,1,-1,1,-1,1,1,-1,-1,-1,1,-1,1,-1,-1,1,-1,-1,-1,-1,1,1,1,-1,-1,1,1,-1,1,1,-1,-1,-1,-1,-1,1,1,-298.7228072465895,1
1273,-1,-1,1,1,-1,1,1,-1,1,1,1,1,1,-1,-1,1,-1,1,-1,1,1,-1,-1,-1,1,1,1,1,1,-1,-1,-1,-1,1,-1,-1,1,1,-1,-1,-1,-1,1,1,1,1,-1,-1,-1,1,1,-1,1,1,-1,-1,-1,1,1,-1,1,1,-1,1,1,-1,-1,-1,-1,-1,-1,1,1,1,1,-1,-1,-1,-1,1,-1,1,1,-1,1,-1,-1,1,1,-1,1,-1,-1,-1,-1,-1,1,1,1,-1,-1,-1,-1,1,-1,-1,1,-1,1,1,1,-1,-1,1,-1,-1,1,-1,1,1,-1,-1,1,1,1,1,-1,1,1,1,1,-1,-1,1,-1,-1,1,1,1,-1,1,-1,1,1,-1,-1,1,1,-1,-1,-1,-1,1,1,-1,-1,-1,-1,-1,1,1,-1,-1,-1,1,-1,1,-1,-1,-1,-1,-1,-1,-1,-1,1,-1,-1,-1,-1,1,-1,1,-1,1,1,-1,-1,-1,-1,-1,1,1,-1,1,-1,-1,-1,1,-1,1,-1,-1,-1,-1,-1,-1,1,1,-1,1,1,-1,1,-1,-1,-298.715438316797,1
1274,1,-1,1,-1,-1,1,-1,-1,1,-1,1,1,1,1,1,1,-1,1,1,-1,1,1,1,1,-1,1,-1,-1,1,-1,1,-1,-1,-1,1,-1,-1,1,-1,1,-1,-1,-1,-1,1,-1,-1,1,1,-1,-1,1,-1,-1,-1,1,1,1,-1,1,-1,-1,1,-1,-1,1,1,1,1,1,1,-1,-1,-1,-1,1,1,1,-1,-1,1,1,-1,1,1,1,1,1,-1,1,-1,1,1,1,1,1,-1,1,-1,1,-1,1,1,-1,1,-1,1,1,-1,1,-1,1,-1,-1,1,1,-1,1,1,1,1,1,-1,-1,-1,-1,1,1,1,-1,-1,-1,-1,-1,1,-1,1,-1,-1,1,-1,1,-1,1,1,1,-1,-1,1,1,1,1,-1,1,1,-1,-1,1,1,1,1,1,-1,1,-1,-1,-1,1,-1,-1,1,1,1,1,-1,-1,1,-1,-1,-1,-1,1,-1,-1,-1,-1,1,1,1,-1,1,-1,1,1,-1,1,1,1,1,-1,-1,-1,1,1,-1,-1,1,-1,-1,1,1,1,1,1,-1,-1,-298.7122496132737,1
1275,-1,1,-1,1,1,-1,1,1,-1,1,-1,-1,-1,-1,-1,-1,1,1,1,-1,1,-1,-1,-1,-1,-1,-1,1,-1,1,1,1,1,-1,-1,-1,-1,-1,-1,1,1,-1,1,1,-1,1,1,-1,1,1,1,1,1,1,1,-1,-1,-1,1,-1,1,1,-1,1,1,-1,1,1,-1,-1,1,1,1,1,1,-1,-1,-1,1,1,-1,-1,1,-1,1,-1,-1,1,1,-1,1,-1,-1,1,-1,-1,1,1,1,-1,-1,-1,-1,1,-1,-1,1,-1,-1,-1,1,1,1,-1,-1,-1,1,1,-1,1,-1,-1,1,-1,-1,1,-1,-1,1,1,1,-1,1,1,1,1,-1,1,1,1,-1,-1,1,-1,-1,-1,1,1,-1,-1,-1,-1,1,-1,-1,-1,1,-1,-1,-1,-1,-1,1,-1,1,1,1,-1,1,-1,-1,1,-1,-1,1,1,-1,-1,-1,-1,1,-1,1,-1,1,1,1,-1,-1,1,-1,1,-1,-1,1,-1,-1,-1,-1,1,1,-1,-1,-1,1,-1,-1,1,1,-1,-1,1,-1,-1,1,1,-298.70832905649206,1
1276,1,1,-1,1,1,-1,1,1,-1,1,-1,-1,-1,-1,-1,-1,1,-1,1,-1,-1,-1,-1,-1,-1,-1,1,1,-1,1,1,-1,-1,-1,-1,1,-1,-1,1,1,1,1,1,1,-1,1,1,-1,1,1,1,1,-1,1,1,-1,-1,-1,1,-1,1,1,-1,1,1,-1,1,1,-1,-1,1,1,1,1,1,-1,-1,-1,1,1,-1,-1,1,-1,1,-1,-1,1,1,-1,1,-1,-1,1,-1,-1,1,1,1,-1,-1,-1,-1,1,-1,1,1,-1,-1,-1,1,1,1,1,-1,-1,-1,1,-1,-1,-1,-1,1,-1,-1,1,-1,-1,1,1,1,-1,1,1,1,1,-1,1,1,-1,1,-1,1,-1,1,1,1,1,-1,-1,-1,-1,1,-1,-1,-1,1,-1,-1,-1,-1,-1,1,-1,1,1,1,-1,1,1,-1,1,-1,-1,1,1,-1,1,1,1,1,-1,1,-1,1,1,-1,-1,-1,1,-1,1,-1,-1,1,-1,-1,-1,-1,1,1,1,-1,-1,1,1,-1,1,1,-1,-1,-1,-1,-1,1,1,-298.70344878962857,1
1277,-1,-1,1,1,-1,1,-1,-1,1,1,1,1,1,-1,-1,1,-1,1,-1,1,1,-1,-1,-1,1,1,1,1,1,-1,-1,-1,-1,1,-1,-1,1,1,-1,-1,-1,-1,1,1,1,1,-1,-1,-1,1,1,-1,1,1,1,-1,-1,-1,1,-1,1,1,-1,1,1,-1,-1,-1,-1,-1,-1,1,1,1,1,-1,-1,-1,1,1,-1,-1,1,-1,1,-1,-1,1,1,-1,1,1,-1,-1,1,-1,1,1,1,-1,-1,-1,-1,1,-1,1,1,-1,1,-1,1,-1,-1,1,-1,-1,1,-1,-1,-1,-1,-1,1,1,1,1,-1,-1,1,1,1,-1,-1,1,-1,-1,-1,1,-1,-1,1,-1,1,-1,-1,-1,-1,1,-1,1,-1,-1,-1,1,-1,-1,-1,-1,-1,1,1,1,-1,-1,1,-1,1,-1,-1,-1,-1,-1,-1,-1,-1,1,-1,-1,-1,-1,1,-1,1,-1,1,1,-1,-1,-1,-1,-1,1,1,-1,1,-1,-1,-1,-1,1,1,-1,-1,-1,-1,1,-1,1,1,-1,1,1,-1,1,-1,1,-298.66404769864954,1
1278,1,1,-1,-1,1,-1,1,1,-1,-1,-1,-1,-1,1,1,-1,1,-1,1,-1,-1,1,1,-1,-1,-1,-1,-1,-1,1,1,1,1,-1,-1,1,-1,-1,1,1,1,1,1,1,-1,1,1,-1,1,1,1,1,-1,1,1,-1,-1,-1,1,-1,1,1,-1,1,1,-1,1,-1,-1,1,-1,1,1,1,1,-1,-1,-1,1,1,-1,-1,1,-1,-1,-1,-1,-1,1,-1,1,-1,-1,-1,-1,-1,1,-1,1,-1,1,-1,-1,1,-1,1,-1,-1,-1,-1,1,1,1,1,1,1,1,1,-1,-1,1,-1,1,-1,-1,1,1,-1,-1,1,1,1,1,1,-1,1,-1,1,1,-1,1,1,1,-1,1,1,1,1,-1,-1,-1,-1,1,-1,-1,1,1,-1,-1,-1,-1,-1,1,-1,1,1,1,-1,1,1,-1,1,-1,-1,1,1,-1,1,1,1,1,-1,1,-1,1,1,-1,-1,-1,1,-1,1,-1,-1,1,1,-1,-1,-1,1,1,1,-1,-1,1,1,-1,-1,1,-1,-1,-1,-1,-1,1,1,-298.65695232768957,1
1279,-1,1,-1,1,1,1,1,1,-1,1,-1,1,1,-1,-1,1,1,1,-1,1,1,-1,-1,-1,1,1,-1,1,1,1,-1,-1,1,1,-1,-1,1,1,-1,-1,1,-1,1,1,1,1,1,-1,-1,1,-1,-1,1,-1,1,-1,-1,-1,1,-1,1,1,-1,1,1,-1,-1,-1,-1,-1,-1,1,1,1,1,-1,-1,-1,1,1,-1,-1,1,-1,-1,-1,-1,-1,1,-1,1,-1,-1,-1,-1,-1,1,-1,1,-1,1,-1,-1,1,-1,1,-1,-1,1,-1,1,-1,1,1,-1,-1,1,-1,-1,-1,-1,-1,1,1,1,1,-1,-1,-1,1,1,1,-1,1,-1,-1,-1,1,1,-1,1,-1,1,-1,-1,-1,1,1,-1,-1,-1,-1,1,1,-1,1,-1,-1,-1,-1,-1,-1,1,-1,1,1,1,-1,1,-1,-1,1,-1,-1,1,1,-1,1,1,1,-1,-1,1,-1,1,1,1,-1,-1,-1,-1,1,-1,-1,1,-1,-1,-1,-1,1,1,-1,-1,-1,-1,1,-1,1,1,-1,-1,1,-1,1,-1,-1,-298.6041851210935,1
1280,1,1,-1,-1,1,-1,1,1,-1,-1,-1,-1,-1,1,-1,-1,1,-1,1,-1,-1,-1,-1,-1,-1,-1,1,-1,-1,1,1,1,1,-1,-1,1,-1,-1,1,1,1,1,1,1,-1,1,1,-1,1,1,1,1,1,1,1,-1,-1,-1,1,-1,1,1,-1,1,1,-1,1,1,-1,-1,1,1,1,1,1,-1,-1,-1,1,1,-1,-1,1,-1,1,-1,-1,1,1,-1,1,-1,-1,1,-1,-1,1,1,1,-1,-1,-1,-1,1,-1,1,1,-1,-1,-1,1,1,1,1,-1,-1,-1,1,-1,-1,1,-1,1,-1,-1,1,-1,-1,1,1,1,-1,1,1,1,1,-1,1,1,-1,1,1,1,-1,-1,-1,1,1,-1,-1,-1,-1,1,-1,-1,-1,1,-1,-1,-1,-1,-1,1,-1,1,1,1,-1,1,1,-1,1,-1,-1,1,1,-1,1,1,1,1,-1,1,1,1,1,-1,-1,-1,1,-1,1,-1,-1,1,-1,-1,-1,-1,1,1,1,-1,-1,1,1,-1,1,1,-1,-1,-1,-1,-1,1,1,-298.59682589909164,1
1281,-1,1,-1,1,1,-1,1,1,-1,1,-1,-1,-1,-1,-1,-1,1,1,1,-1,1,-1,-1,-1,-1,-1,-1,1,-1,1,-1,1,1,1,-1,-1,1,1,-1,-1,1,-1,1,1,-1,1,1,-1,-1,1,1,-1,1,1,1,-1,-1,-1,1,-1,1,1,-1,1,1,-1,-1,-1,-1,-1,-1,1,1,1,1,-1,-1,-1,-1,1,-1,1,1,-1,-1,-1,-1,1,1,-1,1,-1,-1,-1,-1,-1,-1,-1,1,1,1,-1,-1,1,-1,-1,1,-1,1,-1,-1,-1,1,-1,-1,-1,1,-1,-1,1,-1,-1,-1,-1,1,-1,-1,-1,1,1,1,-1,1,1,-1,1,-1,1,1,-1,1,-1,1,1,-1,-1,1,1,-1,-1,-1,-1,1,-1,-1,-1,1,-1,-1,-1,-1,-1,1,-1,1,1,1,-1,1,-1,-1,1,-1,-1,1,1,-1,1,1,1,1,-1,1,-1,1,1,1,-1,-1,1,-1,1,-1,-1,1,-1,-1,-1,-1,1,1,-1,-1,-1,1,-1,-1,-1,1,-1,-1,1,-1,-1,1,1,-298.59402160414356,1
1282,-1,1,-1,1,1,-1,1,1,-1,1,-1,-1,-1,-1,-1,-1,1,-1,1,-1,-1,-1,-1,-1,1,-1,1,1,-1,1,-1,1,1,1,-1,1,1,-1,1,-1,1,1,1,1,-1,1,1,-1,-1,1,1,-1,1,1,1,-1,-1,-1,1,-1,1,1,-1,1,1,-1,1,1,-1,-1,1,1,1,1,1,-1,-1,-1,1,1,-1,-1,1,-1,1,-1,-1,1,1,-1,1,-1,-1,1,-1,-1,1,1,1,-1,-1,-1,-1,1,-1,1,1,-1,1,-1,1,-1,1,1,-1,-1,-1,-1,-1,-1,-1,-1,1,1,1,1,-1,-1,1,1,1,-1,1,1,1,1,-1,1,1,-1,1,-1,1,-1,-1,-1,1,1,-1,-1,-1,-1,1,-1,-1,-1,1,-1,-1,-1,-1,-1,1,-1,1,1,1,-1,1,1,-1,1,-1,-1,1,1,-1,1,1,1,1,-1,1,1,1,1,-1,-1,-1,1,-1,1,-1,-1,1,-1,-1,-1,-1,1,1,1,-1,-1,1,1,-1,1,1,-1,-1,-1,-1,-1,1,1,-298.59192312965376,1
1283,-1,1,-1,-1,1,-1,1,1,-1,-1,-1,-1,-1,1,1,-1,1,-1,1,-1,1,1,1,-1,-1,-1,-1,-1,-1,1,1,1,1,-1,-1,1,-1,-1,1,1,1,1,1,1,-1,1,1,-1,1,1,1,1,-1,1,1,-1,-1,-1,1,-1,1,1,-1,1,1,-1,1,1,-1,-1,1,1,1,1,1,-1,-1,-1,1,1,-1,-1,1,-1,1,-1,-1,1,1,-1,1,-1,-1,1,-1,-1,1,1,1,-1,-1,-1,-1,1,-1,1,1,-1,-1,-1,1,1,1,1,-1,-1,-1,1,-1,-1,1,-1,1,-1,-1,1,1,-1,1,1,1,-1,1,1,1,1,-1,1,1,-1,1,1,1,-1,1,1,1,1,-1,-1,-1,-1,1,-1,-1,-1,1,-1,-1,-1,-1,-1,1,-1,1,1,1,-1,1,1,-1,1,-1,-1,1,1,-1,1,1,1,1,-1,1,-1,1,1,1,-1,-1,1,-1,1,1,-1,1,1,-1,-1,-1,1,1,1,-1,-1,1,1,-1,-1,1,-1,-1,-1,-1,-1,1,1,-298.5866698947526,1
1284,-1,1,-1,1,1,1,1,1,1,1,-1,1,1,1,1,1,1,1,-1,1,1,-1,-1,-1,1,1,-1,1,1,1,-1,-1,1,1,-1,1,1,1,-1,-1,1,-1,1,1,-1,1,1,-1,-1,1,1,-1,1,1,1,-1,-1,-1,1,-1,1,1,-1,1,1,-1,-1,-1,-1,-1,-1,1,1,1,1,-1,-1,-1,1,1,-1,-1,1,-1,-1,-1,-1,1,1,-1,1,-1,-1,-1,-1,-1,1,-1,1,-1,1,-1,-1,1,-1,1,-1,-1,1,-1,1,-1,1,1,-1,-1,1,-1,-1,-1,-1,-1,1,1,1,1,-1,1,-1,1,1,1,-1,1,-1,-1,-1,1,1,-1,1,-1,1,-1,-1,-1,1,1,-1,-1,-1,-1,1,1,-1,1,-1,-1,-1,-1,-1,-1,1,-1,1,1,1,-1,1,-1,-1,1,-1,-1,1,1,-1,1,1,1,1,-1,1,-1,1,1,1,-1,-1,1,-1,1,1,-1,1,1,-1,-1,-1,1,1,-1,-1,-1,-1,-1,-1,1,1,-1,-1,1,-1,1,-1,1,-298.5857798881915,1
1285,-1,1,-1,1,1,1,1,1,1,1,-1,1,-1,1,1,-1,1,1,1,-1,1,-1,-1,-1,-1,-1,-1,1,-1,1,-1,1,1,-1,-1,1,-1,-1,-1,1,1,-1,1,1,-1,1,1,-1,1,1,1,1,1,1,1,-1,-1,-1,1,-1,1,1,-1,1,1,-1,1,-1,-1,1,-1,1,1,1,1,-1,-1,-1,1,1,-1,-1,1,-1,-1,-1,-1,-1,1,-1,1,-1,-1,-1,-1,-1,1,-1,1,-1,1,-1,-1,1,-1,1,-1,-1,-1,-1,1,1,1,1,1,1,1,1,-1,-1,-1,-1,1,-1,-1,1,-1,-1,-1,1,1,1,1,1,-1,1,-1,1,1,-1,1,-1,1,-1,-1,-1,1,1,-1,-1,-1,-1,1,-1,-1,1,1,-1,-1,-1,-1,-1,1,-1,1,1,1,-1,1,1,-1,1,-1,-1,1,1,-1,1,1,1,1,-1,1,-1,1,1,1,-1,-1,1,-1,1,1,-1,1,1,-1,-1,-1,1,1,-1,-1,-1,-1,-1,-1,1,1,-1,-1,1,-1,1,-1,1,-298.5843095074511,1
1286,1,1,-1,-1,1,-1,-1,1,-1,-1,-1,-1,-1,1,1,-1,1,-1,1,-1,1,1,1,-1,-1,-1,-1,-1,-1,1,1,1,1,-1,-1,1,-1,-1,1,1,1,1,-1,1,-1,-1,1,-1,1,1,1,1,-1,1,1,-1,-1,-1,1,-1,1,1,-1,1,1,-1,1,1,-1,-1,1,1,-1,1,1,1,-1,-1,1,1,-1,-1,1,-1,1,-1,-1,1,1,-1,1,-1,-1,1,-1,-1,1,1,1,-1,-1,-1,-1,1,-1,1,1,-1,-1,-1,1,1,1,1,1,-1,-1,1,-1,-1,1,1,1,-1,-1,1,1,-1,1,-1,-1,-1,1,1,1,1,-1,-1,-1,1,-1,1,1,-1,1,1,1,1,-1,-1,-1,-1,1,-1,-1,-1,1,-1,-1,-1,-1,-1,1,-1,1,1,1,-1,1,1,-1,1,-1,-1,1,1,-1,1,1,1,1,-1,1,-1,1,1,1,-1,-1,1,-1,1,1,-1,1,1,-1,-1,-1,1,1,1,-1,-1,1,1,-1,-1,1,-1,-1,-1,-1,-1,1,1,-298.58296317707294,1
1287,1,-1,1,1,-1,1,-1,-1,1,-1,1,1,1,-1,-1,1,-1,1,-1,1,-1,1,1,1,1,1,1,-1,1,-1,-1,-1,-1,1,1,-1,1,1,1,-1,-1,1,-1,-1,1,-1,-1,1,-1,-1,-1,-1,-1,-1,-1,1,1,1,-1,1,-1,-1,1,-1,-1,1,-1,1,1,1,1,-1,-1,-1,-1,1,1,1,-1,-1,1,1,-1,1,1,1,1,1,-1,1,-1,1,1,1,1,1,-1,1,-1,1,-1,1,1,-1,1,-1,1,1,1,1,-1,-1,-1,-1,1,1,-1,-1,1,1,1,1,-1,1,1,-1,1,1,1,-1,-1,-1,-1,-1,1,-1,1,-1,-1,1,-1,-1,-1,1,1,1,-1,-1,1,1,1,1,-1,1,1,-1,-1,1,1,1,1,1,-1,1,-1,-1,-1,1,-1,-1,1,-1,1,1,-1,-1,1,-1,-1,-1,-1,1,-1,1,-1,-1,-1,1,1,-1,1,-1,1,1,-1,-1,1,1,1,-1,-1,1,1,1,-1,1,1,1,-1,1,1,-1,1,1,-1,-1,-298.57863749887554,1
1288,-1,1,-1,1,1,-1,1,1,-1,1,-1,-1,-1,-1,-1,-1,1,-1,1,-1,-1,-1,-1,-1,-1,-1,1,1,-1,1,1,1,1,-1,-1,1,-1,-1,1,-1,1,1,1,1,-1,1,1,-1,1,1,1,1,1,1,1,-1,-1,-1,1,-1,1,1,-1,1,1,-1,1,-1,-1,-1,-1,1,1,1,1,-1,-1,-1,1,1,-1,-1,1,-1,-1,-1,-1,-1,1,-1,1,-1,-1,1,-1,-1,1,-1,1,-1,1,-1,-1,1,-1,1,-1,-1,-1,-1,1,1,1,1,-1,-1,-1,1,-1,-1,-1,-1,1,-1,-1,1,-1,-1,-1,1,1,1,1,1,-1,1,-1,1,1,1,1,-1,1,-1,-1,-1,1,1,-1,-1,-1,-1,1,-1,-1,1,1,-1,-1,-1,-1,-1,1,-1,1,1,1,-1,1,1,-1,1,-1,-1,1,1,-1,1,1,1,1,-1,1,1,1,1,-1,-1,-1,1,-1,1,-1,-1,1,-1,-1,-1,-1,1,1,1,-1,-1,1,1,-1,1,1,-1,-1,-1,-1,-1,1,1,-298.57739819371386,1
1289,-1,1,-1,1,1,-1,1,1,-1,1,-1,-1,-1,-1,-1,-1,1,-1,1,-1,-1,-1,-1,-1,-1,-1,1,1,-1,1,-1,1,1,1,-1,1,1,-1,1,-1,1,1,1,1,-1,1,1,-1,-1,1,1,-1,1,1,1,-1,-1,-1,1,-1,1,1,-1,1,1,-1,1,1,-1,-1,1,1,1,1,1,-1,-1,-1,1,1,-1,-1,1,-1,1,-1,-1,1,1,-1,1,-1,-1,1,-1,-1,1,1,1,-1,-1,-1,-1,1,-1,1,1,-1,1,-1,1,-1,1,1,-1,-1,-1,-1,-1,-1,-1,-1,1,-1,1,1,-1,-1,1,1,1,-1,1,1,1,1,-1,1,1,-1,1,-1,1,-1,-1,-1,1,1,-1,-1,-1,-1,1,-1,-1,-1,1,-1,-1,-1,-1,-1,1,-1,1,1,1,-1,1,1,-1,1,-1,-1,1,1,-1,1,1,1,1,-1,1,1,1,1,-1,-1,-1,1,-1,1,-1,-1,1,-1,-1,-1,-1,1,1,1,-1,-1,1,1,-1,1,1,-1,-1,-1,-1,-1,1,1,-298.57279151099226,2
1290,-1,1,-1,1,1,-1,1,1,-1,1,-1,-1,-1,-1,-1,-1,1,-1,1,-1,-1,-1,-1,-1,1,-1,-1,1,-1,1,-1,1,1,1,-1,-1,1,1,-1,-1,1,-1,1,1,-1,1,1,-1,-1,1,1,-1,1,1,1,-1,-1,-1,1,-1,1,1,-1,1,1,-1,-1,-1,-1,-1,-1,1,1,1,1,-1,-1,-1,-1,1,-1,1,1,-1,-1,-1,-1,1,1,-1,1,-1,-1,-1,-1,-1,-1,-1,1,1,1,-1,-1,1,-1,-1,1,-1,1,-1,-1,-1,1,-1,-1,-1,1,-1,-1,1,-1,-1,-1,1,1,-1,-1,-1,1,1,1,-1,1,1,-1,1,-1,1,1,-1,1,-1,1,1,-1,-1,1,1,-1,-1,-1,-1,1,-1,-1,-1,1,-1,-1,-1,-1,-1,1,-1,1,1,1,-1,1,-1,-1,1,-1,-1,1,1,-1,1,1,1,1,-1,1,-1,1,1,1,-1,-1,1,-1,1,-1,-1,1,-1,-1,-1,-1,1,1,-1,-1,-1,1,-1,-1,1,1,-1,-1,1,-1,-1,1,1,-298.5621833784232,1
1291,1,1,-1,-1,1,-1,1,1,-1,1,-1,-1,-1,1,-1,-1,1,-1,1,-1,-1,-1,-1,-1,-1,-1,1,1,-1,1,1,1,1,-1,-1,1,-1,-1,1,-1,1,1,1,1,-1,1,1,-1,1,1,1,1,1,1,1,-1,-1,-1,1,-1,1,1,-1,1,1,-1,1,-1,-1,-1,-1,1,1,1,1,-1,-1,-1,1,1,-1,-1,1,-1,-1,-1,-1,-1,1,-1,1,-1,-1,-1,-1,-1,1,-1,1,-1,1,-1,-1,1,-1,1,-1,-1,-1,-1,1,1,1,1,-1,-1,1,1,-1,-1,-1,-1,1,-1,-1,1,-1,-1,-1,1,1,1,1,1,-1,1,-1,1,1,1,1,1,1,-1,-1,-1,1,1,-1,-1,-1,-1,1,-1,-1,1,1,-1,-1,-1,-1,-1,1,-1,1,1,1,-1,1,1,-1,1,-1,-1,1,1,-1,1,1,1,1,-1,1,1,1,1,-1,-1,-1,1,-1,1,-1,-1,1,-1,-1,-1,-1,1,1,1,-1,-1,1,1,-1,1,1,-1,-1,-1,-1,-1,1,1,-298.5516043774227,1
1292,-1,1,-1,1,1,-1,1,1,-1,1,-1,-1,-1,-1,-1,-1,1,-1,1,-1,-1,-1,-1,-1,-1,-1,1,1,-1,1,-1,1,1,1,-1,1,1,-1,1,-1,1,1,1,1,-1,1,1,-1,-1,1,1,-1,1,1,1,-1,-1,-1,1,-1,1,1,-1,1,1,-1,-1,-1,-1,-1,-1,1,1,1,1,-1,-1,-1,1,1,-1,-1,1,-1,-1,-1,-1,-1,1,-1,1,-1,-1,-1,-1,-1,1,-1,1,-1,1,-1,-1,1,-1,1,-1,-1,1,-1,1,-1,-1,1,-1,-1,1,-1,-1,-1,-1,-1,1,-1,1,1,-1,-1,-1,1,1,1,1,1,-1,1,-1,1,1,-1,1,-1,1,-1,-1,-1,1,1,-1,-1,-1,-1,1,-1,-1,1,1,-1,-1,-1,-1,-1,1,-1,1,1,1,-1,1,1,-1,1,-1,-1,1,1,-1,1,1,1,1,-1,1,1,1,1,-1,-1,-1,1,-1,1,-1,-1,1,-1,-1,-1,-1,1,1,1,-1,-1,1,1,-1,1,1,-1,-1,-1,-1,-1,1,-1,-298.545180938726,1
1293,-1,-1,1,1,-1,1,1,-1,1,1,1,1,1,-1,1,1,-1,-1,-1,1,-1,-1,-1,1,1,1,1,1,1,-1,-1,-1,-1,1,-1,1,1,1,1,-1,-1,1,1,-1,-1,1,1,1,-1,1,1,-1,1,1,1,1,1,-1,-1,1,1,1,-1,1,-1,1,1,1,1,-1,1,-1,1,-1,1,-1,1,-1,1,-1,-1,1,-1,-1,-1,1,1,1,-1,-1,-1,1,-1,-1,1,-1,-1,-1,-1,1,1,1,1,-1,1,-1,-1,1,1,-1,-1,-1,1,-1,-1,-1,1,-1,-1,1,-1,-1,-1,1,1,-1,-1,-1,-1,1,1,1,-1,1,-1,-1,-1,1,1,-1,1,-1,1,-1,-1,-1,-1,1,1,1,-1,1,-1,1,1,1,-1,1,1,1,1,1,-1,1,-1,-1,-1,1,-1,-1,1,-1,1,1,-1,-1,1,1,1,1,-1,1,-1,1,-1,-1,-1,-1,1,1,-1,1,1,-1,1,1,1,1,1,-1,1,1,1,-1,-1,-1,-1,-1,-1,-1,1,-1,-1,1,1,1,-298.54412081923556,1
1294,-1,1,-1,1,1,-1,1,1,-1,1,-1,-1,-1,-1,-1,-1,1,1,1,-1,-1,-1,-1,-1,-1,-1,-1,1,-1,1,1,1,1,-1,-1,-1,-1,-1,-1,-1,1,-1,1,1,-1,1,1,-1,1,1,1,1,1,1,1,-1,-1,-1,1,-1,1,1,-1,1,1,-1,1,-1,-1,-1,-1,1,1,1,1,-1,-1,-1,1,1,-1,-1,1,-1,-1,-1,1,-1,1,-1,1,-1,-1,-1,-1,-1,1,-1,1,-1,1,-1,-1,1,-1,1,-1,1,-1,-1,1,1,1,1,-1,-1,1,1,-1,-1,-1,-1,1,-1,-1,1,-1,-1,-1,1,1,1,1,1,-1,1,-1,1,1,1,1,-1,1,-1,-1,-1,1,1,-1,-1,-1,-1,1,-1,-1,1,1,-1,-1,-1,-1,-1,1,-1,1,1,1,-1,1,-1,-1,1,-1,-1,1,1,-1,1,1,1,1,-1,1,-1,1,-1,1,-1,-1,1,-1,1,-1,-1,1,-1,-1,1,-1,1,1,-1,-1,-1,1,-1,-1,1,1,-1,-1,1,-1,-1,1,1,-298.543217816884,1
1295,-1,1,-1,1,1,-1,1,1,-1,1,-1,-1,-1,-1,-1,-1,1,-1,1,-1,-1,-1,-1,-1,-1,-1,1,1,-1,1,-1,1,1,1,-1,1,1,-1,1,-1,1,1,1,1,-1,1,1,-1,-1,1,1,-1,1,1,1,-1,-1,-1,1,-1,1,1,-1,1,1,-1,-1,-1,-1,-1,-1,1,1,1,1,-1,-1,-1,1,1,-1,-1,1,-1,-1,-1,-1,-1,1,-1,1,-1,-1,-1,-1,-1,1,-1,1,-1,1,-1,-1,1,-1,1,-1,-1,1,-1,1,-1,1,1,-1,-1,1,-1,-1,-1,-1,-1,1,-1,1,1,-1,-1,-1,1,1,1,1,1,-1,1,-1,1,1,-1,1,-1,1,-1,-1,-1,1,1,-1,-1,-1,-1,1,-1,-1,1,1,-1,-1,-1,-1,-1,1,-1,1,1,1,-1,1,1,-1,1,-1,-1,1,1,-1,1,1,1,1,-1,1,1,1,1,-1,-1,-1,1,-1,1,-1,-1,1,-1,-1,-1,-1,1,1,1,-1,-1,1,1,-1,1,1,-1,-1,-1,-1,-1,1,-1,-298.53628236084097,1
1296,1,-1,1,1,-1,1,-1,-1,1,1,1,1,1,-1,-1,1,-1,1,-1,1,-1,1,1,1,1,1,1,1,1,-1,-1,-1,-1,1,1,-1,1,1,1,-1,-1,1,-1,-1,1,-1,-1,1,-1,-1,-1,-1,-1,-1,-1,1,1,1,-1,1,-1,-1,1,-1,-1,1,-1,1,1,1,1,-1,-1,-1,-1,1,1,1,-1,-1,1,1,-1,1,1,1,1,1,-1,1,-1,1,1,1,1,1,-1,1,-1,1,-1,1,1,-1,1,-1,1,1,1,1,-1,-1,-1,-1,1,1,-1,-1,1,1,-1,1,-1,1,1,-1,1,1,1,-1,-1,-1,-1,-1,1,-1,1,-1,-1,1,-1,-1,-1,1,1,1,-1,-1,1,1,1,1,-1,1,1,-1,-1,1,1,1,1,1,-1,1,-1,-1,-1,1,-1,-1,1,-1,1,1,-1,-1,1,-1,-1,-1,-1,1,-1,1,-1,-1,-1,1,1,-1,1,-1,1,1,-1,-1,1,1,1,-1,-1,1,1,1,-1,1,1,1,-1,1,1,-1,1,1,-1,-1,-298.5361647681585,1
1297,1,-1,1,-1,-1,1,-1,-1,1,-1,1,1,1,1,1,1,-1,1,1,-1,1,1,1,1,-1,1,-1,-1,1,-1,1,-1,-1,-1,1,-1,-1,1,-1,1,-1,-1,-1,-1,1,-1,-1,1,1,-1,-1,1,-1,-1,-1,1,1,1,-1,1,-1,-1,1,-1,-1,1,-1,-1,1,1,-1,-1,-1,-1,-1,1,1,1,-1,-1,1,1,-1,1,-1,1,1,-1,-1,1,-1,1,1,-1,1,1,-1,-1,-1,1,1,1,1,-1,1,-1,-1,1,-1,1,-1,1,-1,-1,1,1,1,1,1,1,1,1,-1,-1,-1,-1,1,1,-1,-1,-1,1,-1,-1,-1,-1,1,-1,-1,1,-1,1,-1,1,1,1,-1,-1,1,1,1,1,-1,1,1,1,-1,1,1,1,1,1,-1,1,-1,-1,-1,1,-1,-1,1,1,1,1,-1,-1,1,-1,-1,-1,-1,1,-1,-1,-1,-1,1,1,1,-1,1,-1,1,1,-1,1,1,1,1,-1,-1,-1,1,1,-1,-1,1,-1,-1,1,1,1,1,1,-1,-1,-298.5357116266083,1
1298,1,1,1,-1,1,-1,-1,1,-1,-1,-1,-1,-1,1,1,-1,1,-1,1,-1,-1,1,1,1,-1,-1,-1,-1,-1,1,1,1,1,-1,1,1,-1,-1,1,1,1,1,-1,-1,-1,-1,1,1,1,-1,-1,1,-1,-1,-1,1,1,1,-1,1,-1,-1,1,-1,-1,1,1,1,1,1,1,-1,-1,-1,-1,1,1,1,1,-1,-1,-1,-1,1,1,1,-1,-1,-1,1,-1,1,1,1,1,1,1,1,-1,-1,-1,-1,1,-1,1,1,1,-1,-1,1,1,1,-1,1,1,1,-1,1,1,-1,1,1,1,-1,-1,1,1,1,1,-1,-1,-1,1,-1,1,1,1,-1,-1,1,-1,1,-1,-1,1,1,-1,-1,1,1,1,1,-1,-1,1,-1,1,1,1,-1,-1,1,1,1,-1,1,-1,1,1,1,1,1,1,1,1,-1,1,1,1,1,-1,1,-1,1,-1,1,-1,1,-1,1,-1,-1,-1,1,-1,1,1,-1,-1,1,1,1,1,1,-1,-1,1,-1,-1,1,1,-1,-1,-1,1,-1,-298.53490958891575,1
1299,1,1,-1,-1,1,-1,-1,1,-1,-1,-1,-1,-1,1,1,-1,1,-1,1,-1,1,1,1,-1,-1,-1,-1,-1,-1,1,1,1,1,-1,-1,1,-1,-1,-1,1,1,-1,-1,1,-1,1,1,-1,1,1,1,1,-1,1,1,-1,-1,-1,1,-1,1,1,-1,1,1,-1,1,1,-1,-1,1,1,-1,1,1,1,-1,-1,1,1,-1,-1,1,-1,1,-1,-1,1,1,-1,1,-1,-1,1,-1,-1,1,1,1,-1,-1,-1,-1,1,-1,1,1,-1,-1,-1,1,1,1,1,1,-1,1,1,-1,-1,1,1,1,-1,-1,1,1,-1,1,-1,-1,-1,1,1,1,1,-1,-1,-1,1,-1,1,1,-1,1,1,1,1,-1,-1,-1,-1,1,-1,-1,-1,1,-1,-1,-1,-1,-1,1,-1,1,1,1,-1,1,1,-1,1,-1,-1,1,1,-1,1,1,1,1,-1,1,-1,1,1,1,-1,-1,1,-1,1,-1,-1,1,1,-1,-1,-1,1,1,-1,-1,-1,1,-1,-1,-1,1,-1,-1,1,-1,-1,1,1,-298.52873637935534,1
1300,-1,1,-1,1,1,-1,1,1,-1,1,-1,-1,-1,-1,-1,-1,1,1,1,-1,-1,-1,-1,-1,-1,-1,-1,1,-1,1,1,1,1,-1,-1,-1,1,1,-1,-1,1,-1,1,1,-1,1,1,-1,1,1,1,1,1,1,1,-1,-1,-1,1,-1,1,1,-1,1,1,-1,1,-1,-1,-1,-1,1,1,1,1,-1,-1,-1,-1,1,-1,1,1,-1,-1,-1,-1,1,1,-1,1,-1,-1,-1,-1,-1,1,1,1,-1,-1,-1,-1,1,-1,1,1,-1,-1,-1,1,1,1,1,-1,-1,1,1,-1,-1,-1,-1,1,-1,-1,-1,-1,-1,1,1,1,-1,1,1,-1,1,-1,1,1,-1,1,-1,1,1,-1,-1,1,1,-1,-1,-1,-1,1,-1,-1,-1,1,-1,-1,-1,-1,-1,1,-1,1,1,1,-1,1,-1,-1,1,-1,-1,1,1,-1,1,1,1,1,-1,1,-1,1,1,1,-1,-1,1,-1,1,-1,-1,1,-1,-1,-1,-1,1,1,-1,-1,-1,1,-1,-1,1,1,-1,-1,1,-1,-1,1,1,-298.5238946230498,1
1301,-1,1,-1,1,1,1,1,1,1,1,-1,1,1,1,1,-1,1,1,1,-1,1,-1,-1,-1,-1,-1,-1,1,-1,1,1,1,1,-1,-1,1,-1,-1,-1,-1,1,-1,1,1,-1,1,1,-1,1,1,1,1,1,1,1,-1,-1,-1,1,-1,1,1,-1,1,1,-1,1,-1,-1,-1,-1,1,1,1,1,-1,-1,-1,-1,1,-1,1,1,-1,-1,-1,-1,1,1,-1,1,-1,-1,-1,-1,-1,-1,-1,1,1,1,-1,-1,1,-1,-1,1,-1,-1,-1,-1,1,1,-1,-1,-1,1,1,-1,1,-1,-1,-1,-1,-1,-1,-1,-1,1,1,1,-1,1,1,-1,1,-1,1,1,1,1,-1,1,1,-1,-1,1,1,-1,-1,-1,-1,1,-1,-1,1,1,-1,-1,-1,-1,-1,1,-1,1,1,1,-1,1,1,-1,1,-1,-1,1,1,-1,1,1,1,1,-1,1,-1,1,1,1,-1,-1,1,-1,1,1,-1,1,1,-1,-1,-1,1,1,-1,-1,-1,-1,-1,-1,1,1,-1,-1,1,-1,1,-1,1,-298.5211978933851,1
1302,-1,1,-1,1,1,1,1,1,-1,1,-1,1,-1,-1,-1,-1,1,1,1,-1,1,-1,-1,-1,-1,-1,-1,1,-1,1,1,1,1,-1,-1,-1,-1,-1,-1,1,1,-1,1,1,-1,1,-1,-1,1,1,1,1,1,1,1,-1,-1,-1,1,-1,1,1,-1,1,1,-1,1,-1,-1,-1,-1,1,1,1,1,-1,-1,-1,1,1,-1,-1,1,-1,-1,-1,-1,-1,1,-1,1,-1,-1,-1,-1,-1,1,-1,1,-1,1,-1,-1,1,-1,1,-1,-1,-1,-1,1,1,1,1,-1,-1,1,1,-1,-1,-1,-1,1,-1,-1,1,-1,-1,-1,1,1,1,1,1,-1,1,-1,1,1,1,1,-1,1,-1,-1,-1,1,1,-1,-1,-1,-1,1,-1,-1,1,1,-1,-1,-1,-1,-1,1,-1,1,1,1,-1,1,-1,-1,1,-1,-1,1,1,-1,-1,-1,-1,1,-1,1,-1,1,1,1,-1,-1,1,-1,1,-1,-1,1,-1,-1,-1,-1,1,1,-1,-1,-1,-1,-1,-1,1,1,-1,-1,1,-1,1,-1,-1,-298.51826752965786,1
1303,-1,1,-1,1,1,-1,1,1,-1,1,-1,-1,-1,-1,-1,-1,1,1,1,-1,-1,-1,-1,-1,-1,-1,-1,1,-1,1,1,1,1,-1,-1,-1,-1,-1,-1,-1,1,-1,1,1,-1,1,1,-1,1,1,1,1,1,1,1,-1,-1,-1,1,-1,1,1,-1,1,1,-1,1,-1,-1,-1,-1,1,1,1,1,-1,-1,-1,-1,1,-1,1,1,-1,-1,-1,-1,1,1,-1,1,-1,-1,-1,-1,-1,-1,-1,1,1,1,-1,-1,1,-1,-1,1,-1,-1,-1,-1,1,1,-1,-1,-1,1,1,-1,1,-1,-1,-1,-1,-1,-1,-1,-1,1,1,1,-1,1,1,-1,1,-1,1,1,1,1,-1,1,1,-1,-1,1,1,-1,1,-1,-1,1,-1,-1,-1,1,-1,-1,-1,-1,-1,1,-1,1,1,1,-1,1,1,-1,1,-1,-1,1,1,-1,1,1,1,1,-1,1,-1,1,1,1,-1,-1,1,-1,1,-1,-1,1,-1,-1,-1,-1,1,1,-1,-1,-1,1,-1,-1,1,1,-1,-1,1,-1,-1,1,1,-298.5151958534466,1
1304,-1,1,-1,1,1,-1,1,1,-1,1,-1,-1,-1,-1,-1,-1,1,1,-1,1,1,-1,-1,-1,1,-1,1,1,-1,1,-1,1,1,1,-1,-1,1,1,-1,-1,1,-1,1,1,-1,1,1,-1,-1,1,1,-1,1,1,1,-1,-1,-1,1,-1,1,1,-1,1,1,-1,1,1,-1,-1,1,1,1,1,1,-1,-1,-1,1,1,-1,-1,1,-1,1,-1,-1,1,1,-1,1,-1,-1,1,-1,-1,1,1,1,-1,-1,-1,1,1,-1,1,1,-1,1,-1,1,-1,1,1,-1,-1,-1,-1,-1,-1,-1,-1,1,1,1,1,-1,-1,1,1,1,-1,1,1,1,1,-1,1,1,-1,1,-1,1,-1,-1,-1,1,1,-1,-1,-1,-1,1,-1,-1,-1,1,-1,-1,-1,-1,-1,1,-1,1,1,1,-1,1,-1,-1,-1,-1,-1,1,1,-1,1,1,1,1,-1,1,-1,1,1,1,-1,-1,1,-1,1,-1,-1,1,-1,-1,-1,-1,1,1,-1,-1,-1,1,-1,-1,1,1,-1,-1,1,-1,-1,1,1,-298.5069846582361,1
1305,-1,1,-1,-1,1,1,1,1,-1,1,-1,1,-1,1,-1,-1,1,1,1,-1,1,-1,1,-1,-1,-1,-1,1,-1,1,1,-1,-1,-1,-1,-1,-1,-1,-1,1,1,-1,1,1,1,1,1,-1,1,1,-1,1,-1,-1,1,-1,-1,-1,1,-1,1,1,1,1,1,-1,1,1,-1,-1,1,1,1,1,-1,-1,-1,1,1,1,1,-1,1,1,1,-1,-1,1,1,1,1,-1,1,1,-1,1,1,1,1,-1,-1,-1,-1,1,-1,1,1,-1,-1,-1,1,1,1,1,-1,-1,-1,1,-1,-1,-1,-1,1,-1,-1,1,-1,-1,1,1,1,-1,1,1,1,1,-1,1,1,-1,1,1,1,-1,1,1,1,1,-1,-1,-1,-1,1,-1,-1,-1,1,-1,-1,-1,-1,-1,1,-1,1,1,1,-1,1,1,-1,1,-1,-1,1,-1,-1,-1,-1,-1,-1,-1,1,-1,1,1,1,1,-1,-1,1,-1,-1,1,-1,-1,-1,-1,-1,1,1,-1,-1,1,-1,1,1,1,1,1,-1,1,1,1,-1,-1,-298.50342647984706,1
1306,-1,1,-1,1,1,-1,1,1,-1,1,-1,-1,-1,-1,-1,-1,1,-1,1,-1,-1,-1,-1,-1,-1,-1,1,1,-1,1,1,1,1,-1,-1,1,-1,-1,1,1,1,1,1,1,-1,1,1,-1,1,1,1,1,1,1,1,-1,-1,-1,1,-1,1,1,-1,1,1,-1,1,1,-1,-1,1,1,1,1,1,-1,-1,-1,1,1,-1,-1,1,-1,1,-1,-1,1,1,-1,1,-1,-1,1,-1,-1,1,1,1,-1,-1,-1,-1,1,-1,1,1,-1,-1,-1,1,1,1,1,-1,-1,-1,1,-1,-1,-1,-1,1,-1,-1,1,1,-1,1,1,1,-1,1,1,1,1,-1,1,1,-1,1,-1,1,-1,-1,-1,1,1,-1,-1,-1,-1,1,-1,-1,-1,1,-1,-1,-1,-1,-1,1,-1,1,1,1,-1,1,1,-1,1,-1,-1,1,1,-1,1,1,1,1,-1,1,1,1,1,-1,-1,-1,1,-1,1,-1,-1,1,-1,-1,-1,-1,1,1,1,-1,-1,1,1,-1,1,1,-1,-1,-1,-1,-1,1,1,-298.4979921598549,1
1307,-1,-1,1,1,-1,1,1,-1,1,1,1,1,1,-1,-1,1,-1,1,-1,1,1,-1,-1,-1,1,1,1,1,1,-1,-1,-1,-1,1,-1,-1,1,1,-1,-1,-1,1,1,1,1,1,-1,-1,-1,1,1,-1,1,1,1,-1,-1,-1,1,-1,1,1,-1,1,1,-1,-1,-1,-1,-1,-1,1,1,1,1,-1,-1,-1,-1,1,-1,1,1,-1,1,-1,-1,1,1,1,1,-1,1,-1,-1,1,1,1,-1,-1,-1,-1,-1,1,-1,-1,1,-1,1,-1,1,-1,-1,1,-1,-1,1,-1,1,1,-1,-1,1,1,1,1,-1,-1,1,1,1,-1,-1,1,-1,-1,-1,1,1,-1,1,-1,1,1,-1,-1,1,1,-1,-1,-1,-1,1,1,-1,-1,-1,-1,-1,1,1,-1,-1,-1,1,-1,1,-1,-1,-1,-1,-1,-1,-1,-1,1,-1,-1,-1,-1,1,-1,1,-1,1,1,-1,-1,-1,-1,-1,-1,1,-1,-1,-1,-1,-1,-1,1,1,-1,-1,1,-1,1,-1,1,1,-1,1,1,-1,1,-1,-1,-298.48392112360006,1
1308,1,1,-1,-1,1,-1,-1,1,-1,-1,-1,-1,-1,1,1,-1,1,-1,1,-1,-1,1,1,-1,-1,-1,-1,-1,-1,1,1,1,1,-1,-1,1,-1,-1,1,1,1,1,-1,1,-1,-1,1,-1,1,1,1,1,-1,1,1,-1,-1,-1,1,-1,1,1,-1,1,1,-1,1,1,-1,-1,1,1,-1,1,1,1,-1,-1,1,1,-1,-1,1,-1,1,-1,-1,1,-1,-1,1,-1,-1,1,-1,-1,1,1,1,-1,-1,-1,-1,1,-1,1,1,-1,-1,-1,1,1,1,1,1,-1,1,1,-1,-1,1,1,1,-1,-1,1,1,-1,1,-1,-1,-1,1,1,1,1,-1,-1,-1,1,-1,1,1,-1,1,1,1,1,-1,-1,-1,-1,1,-1,-1,-1,1,-1,-1,-1,-1,-1,1,-1,1,1,1,-1,1,1,-1,1,-1,-1,1,1,-1,1,1,1,1,-1,1,-1,1,1,-1,-1,-1,1,-1,1,-1,-1,1,1,-1,-1,-1,1,1,1,-1,-1,1,1,-1,-1,1,-1,-1,-1,-1,-1,1,1,-298.4831871166007,1
1309,-1,1,-1,1,1,-1,1,1,-1,1,-1,-1,-1,-1,-1,-1,1,1,1,-1,-1,-1,-1,-1,-1,-1,-1,1,-1,1,-1,1,1,1,-1,-1,1,1,-1,-1,1,-1,1,1,-1,1,1,-1,-1,1,1,-1,1,1,1,-1,-1,-1,1,-1,1,1,-1,1,1,-1,-1,-1,-1,-1,-1,1,1,1,1,-1,-1,-1,-1,1,-1,1,1,-1,-1,-1,-1,1,1,-1,1,-1,-1,-1,-1,-1,-1,-1,1,1,1,-1,-1,1,-1,-1,1,-1,1,-1,1,-1,1,-1,-1,-1,1,-1,-1,1,-1,-1,-1,-1,1,-1,-1,-1,1,1,1,1,1,1,-1,1,-1,1,1,-1,1,-1,1,1,-1,-1,1,1,-1,-1,-1,-1,1,-1,-1,1,1,-1,-1,-1,-1,-1,1,-1,1,1,1,-1,1,-1,-1,1,-1,-1,1,1,-1,1,1,1,1,-1,1,-1,1,1,1,-1,-1,1,-1,1,-1,-1,1,-1,-1,-1,-1,1,1,-1,-1,-1,1,-1,-1,1,1,-1,-1,1,-1,-1,1,-1,-298.4801891802313,1
1310,1,1,-1,-1,1,1,1,1,1,1,-1,1,-1,1,1,-1,1,1,1,-1,1,-1,-1,-1,1,-1,-1,1,-1,1,-1,1,1,1,-1,1,1,1,-1,-1,1,-1,1,1,-1,1,1,-1,-1,1,1,-1,1,1,1,-1,-1,-1,1,-1,1,1,-1,1,1,-1,-1,-1,-1,-1,-1,1,1,1,1,-1,-1,-1,1,1,-1,-1,1,-1,-1,-1,-1,-1,1,-1,1,-1,-1,-1,-1,-1,1,-1,1,-1,1,-1,-1,1,-1,1,-1,-1,1,-1,1,-1,1,1,-1,-1,1,-1,-1,-1,-1,-1,1,1,1,1,-1,-1,-1,1,1,1,1,1,-1,1,-1,1,1,-1,1,1,1,-1,-1,-1,1,1,-1,-1,-1,-1,1,-1,-1,1,1,-1,-1,-1,-1,-1,1,-1,1,1,1,-1,1,-1,-1,1,-1,-1,1,1,-1,1,1,1,1,-1,1,-1,1,1,1,-1,-1,1,-1,1,1,-1,1,1,-1,-1,-1,1,1,-1,-1,-1,-1,-1,-1,1,1,-1,-1,1,-1,1,-1,1,-298.47905333352196,1
1311,1,-1,1,-1,-1,1,-1,-1,1,-1,1,1,-1,1,1,-1,-1,-1,1,-1,1,1,1,1,-1,-1,1,-1,-1,-1,1,1,-1,-1,1,1,-1,-1,1,1,-1,1,-1,-1,-1,-1,-1,1,1,-1,1,1,-1,1,-1,1,1,1,-1,1,-1,-1,1,-1,-1,1,1,1,1,1,1,-1,-1,-1,-1,1,1,1,-1,-1,1,1,-1,1,1,1,1,1,-1,1,-1,1,1,1,1,1,-1,1,-1,1,-1,1,1,-1,1,-1,1,1,-1,1,-1,1,1,-1,1,1,-1,1,1,1,1,1,-1,-1,-1,-1,1,1,1,-1,-1,-1,1,-1,1,1,1,-1,-1,1,-1,1,-1,1,1,1,-1,-1,1,1,1,1,-1,-1,1,-1,1,1,1,1,1,1,-1,1,-1,-1,-1,1,-1,1,1,1,1,1,-1,-1,1,-1,-1,-1,1,1,-1,1,-1,-1,-1,1,1,1,1,-1,1,-1,-1,1,1,1,1,-1,-1,1,1,1,-1,-1,1,-1,-1,1,1,-1,1,1,1,1,-298.47404830258984,1
1312,-1,1,-1,1,1,-1,1,1,-1,1,-1,-1,1,-1,-1,1,1,1,-1,1,-1,-1,-1,-1,1,1,-1,1,1,1,-1,-1,1,1,-1,-1,1,1,-1,-1,1,-1,1,1,-1,1,1,-1,-1,1,1,-1,1,1,1,-1,-1,-1,1,-1,1,1,-1,1,1,-1,-1,-1,-1,-1,-1,1,1,1,1,-1,-1,-1,-1,1,-1,1,1,-1,-1,-1,-1,1,1,1,1,-1,-1,1,-1,-1,-1,-1,1,1,1,-1,-1,1,-1,1,-1,-1,1,-1,-1,-1,1,-1,-1,-1,-1,-1,-1,-1,-1,-1,1,1,1,-1,-1,-1,1,1,1,1,-1,1,-1,-1,-1,1,1,-1,1,-1,1,1,-1,-1,1,1,-1,-1,-1,-1,1,1,-1,1,-1,-1,-1,-1,-1,-1,1,-1,1,1,1,-1,1,-1,-1,1,-1,-1,1,1,-1,1,1,1,1,-1,1,-1,1,1,1,-1,-1,1,-1,1,-1,-1,1,-1,-1,-1,-1,1,1,-1,-1,1,1,-1,-1,1,1,-1,-1,1,-1,-1,1,1,-298.472363838551,1
1313,-1,1,-1,1,1,-1,1,1,-1,1,-1,-1,-1,-1,-1,-1,1,1,1,-1,-1,-1,-1,-1,-1,-1,1,1,-1,1,-1,1,1,1,-1,-1,1,1,-1,-1,1,-1,1,1,-1,1,1,-1,-1,1,1,-1,1,1,1,-1,-1,-1,1,-1,1,1,-1,1,1,-1,-1,-1,-1,-1,-1,1,1,1,1,-1,-1,-1,-1,1,-1,1,1,-1,-1,-1,-1,1,1,-1,1,-1,-1,-1,-1,-1,-1,-1,1,1,1,-1,-1,1,-1,-1,1,-1,1,-1,-1,-1,1,-1,-1,-1,1,-1,-1,1,-1,-1,-1,-1,1,-1,-1,-1,1,1,1,-1,1,1,-1,1,-1,1,1,-1,1,-1,1,1,-1,-1,1,1,-1,-1,-1,-1,1,-1,-1,-1,1,-1,-1,-1,-1,-1,1,-1,1,1,1,-1,1,-1,-1,1,-1,-1,1,1,-1,1,1,1,1,-1,1,1,1,1,1,-1,-1,1,-1,1,-1,-1,1,-1,-1,-1,-1,1,1,-1,-1,-1,1,-1,-1,1,1,-1,-1,1,-1,-1,1,1,-298.471791198764,1
1314,1,-1,1,-1,-1,1,-1,-1,1,-1,1,1,1,1,1,1,-1,1,-1,1,1,1,1,1,-1,1,1,-1,1,-1,1,-1,-1,-1,1,1,-1,-1,1,1,-1,1,-1,-1,1,-1,-1,1,1,-1,-1,1,-1,-1,-1,1,1,1,-1,1,-1,-1,1,-1,-1,1,-1,-1,1,1,-1,-1,-1,-1,-1,1,1,1,-1,-1,1,1,-1,1,-1,1,1,-1,-1,1,-1,1,1,-1,1,1,-1,-1,-1,1,1,1,1,-1,1,-1,-1,1,-1,1,-1,1,-1,-1,1,1,-1,1,1,1,1,1,-1,-1,-1,-1,1,1,-1,-1,-1,1,-1,-1,-1,-1,1,-1,-1,1,-1,1,-1,1,1,1,-1,-1,1,1,1,1,-1,1,1,1,-1,1,1,1,1,1,-1,1,-1,-1,-1,1,-1,1,1,-1,1,1,-1,-1,1,-1,-1,-1,-1,1,-1,1,-1,-1,-1,1,1,-1,1,-1,1,1,-1,1,1,1,1,-1,-1,1,1,1,-1,1,1,-1,-1,1,1,-1,1,1,-1,1,-298.4667516116265,1
1315,1,1,-1,-1,1,-1,-1,1,-1,-1,-1,-1,-1,1,1,-1,1,-1,1,-1,-1,1,1,1,-1,-1,-1,-1,-1,1,1,1,1,-1,1,1,-1,-1,1,1,1,1,-1,-1,-1,-1,1,1,1,-1,-1,1,-1,-1,-1,1,1,1,-1,1,-1,-1,1,-1,-1,1,1,1,1,1,1,-1,-1,-1,-1,1,1,1,-1,-1,1,1,-1,1,1,1,-1,1,-1,1,-1,1,1,1,1,1,-1,1,-1,1,-1,-1,1,-1,1,-1,1,-1,-1,1,-1,1,-1,-1,1,1,-1,1,1,1,1,1,-1,-1,-1,-1,1,1,1,-1,-1,-1,1,-1,1,1,1,-1,-1,1,-1,1,-1,1,1,1,-1,-1,1,1,1,1,-1,-1,1,-1,1,1,1,-1,-1,1,1,1,-1,1,-1,1,1,1,1,1,1,1,1,-1,1,1,1,-1,-1,1,-1,1,-1,1,1,1,-1,1,1,-1,-1,1,-1,1,1,-1,-1,1,-1,1,1,1,1,1,1,-1,-1,1,-1,-1,1,-1,1,1,-298.4644996053929,1
1316,-1,1,-1,1,1,-1,1,1,-1,1,-1,-1,-1,-1,-1,-1,1,-1,1,-1,-1,-1,-1,-1,-1,-1,1,1,-1,1,-1,1,1,1,-1,1,-1,-1,1,-1,1,1,1,1,-1,1,1,-1,-1,1,1,-1,1,1,1,-1,-1,-1,1,-1,1,1,-1,1,1,-1,-1,-1,-1,-1,-1,1,1,1,1,-1,-1,-1,1,1,-1,-1,1,-1,-1,-1,-1,-1,1,-1,1,-1,-1,-1,-1,-1,1,-1,1,-1,1,-1,-1,1,-1,1,-1,-1,1,-1,1,-1,-1,1,-1,-1,1,-1,-1,-1,-1,-1,1,-1,1,1,-1,-1,-1,1,1,1,1,1,-1,1,-1,1,1,1,1,-1,1,-1,-1,-1,1,1,-1,-1,-1,-1,1,-1,-1,1,1,-1,-1,-1,-1,-1,1,-1,1,1,1,-1,1,1,-1,1,-1,-1,1,1,-1,1,1,1,1,-1,1,1,1,1,-1,-1,-1,1,-1,1,-1,-1,1,-1,-1,-1,-1,1,1,1,-1,-1,1,1,-1,1,1,-1,-1,-1,-1,-1,1,1,-298.44056237582595,1
1317,1,-1,1,-1,-1,1,-1,-1,1,-1,1,1,1,1,1,1,-1,1,-1,1,1,1,1,1,1,1,-1,-1,1,-1,1,-1,-1,-1,1,-1,1,1,-1,1,-1,-1,-1,-1,1,-1,-1,1,1,-1,-1,1,-1,-1,-1,1,1,1,-1,1,-1,-1,1,-1,-1,1,1,1,1,1,1,-1,-1,-1,-1,1,1,1,-1,-1,1,1,-1,1,1,1,1,1,-1,1,-1,1,1,1,1,1,-1,1,-1,1,-1,1,1,-1,1,-1,1,1,-1,1,-1,1,1,-1,1,1,-1,1,1,1,1,1,-1,1,-1,-1,1,1,1,-1,-1,-1,-1,-1,1,-1,1,-1,-1,-1,-1,1,-1,1,1,1,-1,-1,1,1,1,1,-1,1,1,-1,-1,1,1,1,1,1,-1,1,-1,-1,-1,1,-1,-1,1,-1,1,1,-1,-1,1,-1,-1,-1,-1,1,-1,-1,-1,-1,1,1,1,-1,1,-1,1,1,-1,1,1,1,1,-1,-1,-1,1,1,-1,-1,1,-1,-1,1,1,1,1,1,-1,-1,-298.44056237582595,1
1318,-1,1,-1,1,1,-1,1,1,-1,1,-1,-1,-1,-1,-1,-1,1,-1,1,-1,-1,-1,-1,-1,1,-1,1,1,-1,1,-1,1,1,1,-1,1,1,-1,1,-1,1,1,1,1,-1,1,1,-1,-1,1,1,-1,1,1,1,-1,-1,-1,1,-1,1,1,-1,1,1,-1,-1,-1,-1,-1,-1,1,1,1,1,-1,-1,-1,1,1,-1,-1,1,-1,-1,-1,-1,1,1,-1,1,-1,-1,-1,-1,-1,1,-1,1,-1,1,-1,-1,1,-1,1,-1,-1,1,-1,1,-1,1,1,-1,-1,1,-1,-1,-1,-1,-1,1,1,1,1,-1,-1,-1,1,1,1,1,1,-1,1,-1,1,1,-1,1,-1,1,-1,-1,-1,1,1,-1,-1,-1,-1,1,-1,-1,1,1,-1,-1,-1,-1,-1,1,-1,1,1,1,-1,1,1,-1,1,-1,-1,1,1,-1,1,1,1,1,-1,1,1,1,1,-1,-1,-1,1,-1,1,-1,-1,1,-1,-1,-1,-1,1,1,1,-1,-1,1,1,-1,1,1,-1,-1,-1,-1,-1,1,1,-298.4374344764499,1
1319,-1,1,-1,-1,1,1,1,1,-1,-1,-1,1,-1,1,-1,-1,1,1,1,-1,1,-1,1,-1,-1,-1,-1,-1,-1,1,1,-1,-1,-1,-1,-1,-1,-1,-1,1,1,-1,1,1,1,1,1,-1,1,1,-1,1,-1,-1,1,-1,-1,-1,1,-1,1,1,1,1,1,-1,1,1,-1,-1,1,1,1,1,-1,-1,-1,1,1,1,1,-1,1,1,1,-1,-1,1,1,1,1,-1,1,1,-1,1,1,1,1,-1,-1,-1,-1,1,-1,1,1,-1,-1,-1,1,1,1,1,-1,-1,-1,1,-1,-1,1,-1,1,-1,-1,1,-1,-1,1,1,1,-1,1,1,1,1,-1,1,1,-1,1,1,1,-1,1,1,1,1,-1,-1,-1,-1,1,-1,-1,-1,1,-1,-1,-1,-1,-1,1,-1,1,1,1,-1,1,1,-1,1,-1,-1,1,-1,-1,-1,-1,-1,1,-1,1,-1,1,1,1,1,-1,-1,1,-1,-1,1,-1,-1,-1,-1,-1,1,1,-1,-1,1,-1,1,1,1,1,1,-1,1,1,1,-1,-1,-298.4322899235845,1
1320,-1,1,-1,1,1,-1,1,1,-1,1,-1,-1,-1,-1,-1,-1,-1,1,1,-1,-1,-1,-1,-1,-1,-1,1,1,-1,1,1,-1,-1,-1,-1,1,-1,-1,1,1,1,1,1,1,-1,1,1,-1,1,1,1,1,1,1,1,-1,-1,-1,1,-1,1,1,-1,1,1,-1,1,-1,-1,-1,-1,1,1,1,1,-1,-1,-1,1,1,-1,-1,1,-1,-1,-1,1,1,1,-1,1,-1,-1,-1,-1,-1,1,-1,1,-1,1,1,-1,1,-1,1,-1,1,-1,-1,1,1,1,1,-1,-1,1,1,-1,-1,-1,-1,1,-1,-1,1,-1,-1,-1,1,1,1,1,1,-1,1,-1,1,1,-1,1,-1,1,-1,-1,-1,1,1,-1,-1,-1,-1,1,-1,-1,1,1,-1,-1,-1,-1,-1,1,-1,1,-1,1,-1,1,1,-1,1,-1,-1,1,1,-1,1,1,1,1,-1,1,-1,1,-1,-1,-1,1,1,-1,1,-1,-1,1,-1,-1,1,-1,1,1,1,-1,-1,1,1,-1,1,1,-1,-1,-1,-1,-1,1,1,-298.4238226233725,1
1321,1,1,-1,-1,1,-1,-1,1,-1,-1,-1,-1,-1,1,1,-1,1,-1,1,-1,-1,1,1,1,-1,-1,-1,-1,-1,1,1,1,1,-1,1,1,-1,-1,1,1,1,-1,-1,-1,-1,-1,1,1,1,-1,-1,1,-1,-1,-1,1,1,1,-1,1,-1,-1,1,-1,-1,1,1,1,1,1,1,-1,-1,-1,-1,1,1,1,-1,-1,1,1,-1,1,1,1,1,1,-1,1,-1,1,1,1,1,1,-1,1,-1,1,-1,1,1,-1,1,-1,1,1,-1,1,-1,1,-1,-1,1,1,-1,1,1,1,1,1,-1,-1,-1,-1,1,1,1,-1,-1,-1,1,-1,1,1,1,-1,-1,1,-1,1,-1,1,1,1,-1,-1,1,1,1,1,-1,-1,1,-1,1,1,1,-1,1,-1,1,1,-1,1,-1,1,1,1,1,1,1,1,1,-1,1,1,1,1,-1,1,-1,1,-1,-1,1,1,1,1,1,-1,-1,1,-1,1,1,1,1,-1,-1,1,1,1,1,-1,1,-1,-1,1,-1,-1,1,-1,1,1,-298.42229530715207,1
1322,-1,1,-1,1,1,-1,1,1,-1,1,-1,-1,-1,-1,-1,-1,1,-1,1,-1,-1,-1,-1,-1,-1,-1,1,1,-1,1,-1,1,1,1,-1,1,1,-1,1,-1,1,1,1,1,-1,1,1,-1,-1,1,1,-1,1,1,1,-1,-1,-1,1,-1,1,1,-1,1,1,-1,-1,-1,-1,-1,-1,1,1,1,1,-1,-1,-1,1,1,-1,-1,1,-1,-1,-1,-1,1,1,-1,1,-1,-1,-1,-1,-1,1,-1,1,-1,1,-1,-1,1,-1,1,-1,-1,1,-1,1,-1,1,1,-1,-1,1,-1,-1,-1,-1,-1,1,-1,1,1,-1,-1,-1,1,1,1,1,1,-1,1,-1,1,1,-1,1,-1,1,-1,-1,-1,1,1,-1,-1,-1,-1,1,-1,-1,1,1,-1,-1,-1,-1,-1,1,-1,1,1,1,-1,1,1,-1,1,-1,-1,1,1,-1,1,1,1,1,-1,1,1,1,1,-1,-1,-1,1,-1,1,-1,-1,1,-1,-1,-1,-1,1,1,1,-1,-1,1,1,-1,1,1,-1,-1,-1,-1,-1,1,1,-298.41830285778826,1
1323,1,1,-1,-1,1,-1,-1,1,-1,-1,-1,-1,-1,1,-1,-1,1,-1,1,-1,-1,1,1,-1,-1,-1,1,-1,-1,1,1,1,1,-1,-1,1,-1,-1,1,1,1,1,-1,1,-1,-1,1,-1,1,1,1,1,-1,1,1,-1,-1,-1,1,-1,1,1,-1,1,1,-1,1,1,-1,-1,1,1,-1,1,1,1,-1,-1,1,1,-1,-1,1,-1,1,-1,-1,-1,1,-1,1,-1,-1,1,-1,-1,1,1,1,-1,-1,-1,-1,1,-1,1,1,-1,-1,-1,1,1,-1,1,1,-1,-1,1,-1,-1,1,1,1,-1,-1,1,1,-1,1,-1,-1,-1,1,1,1,1,-1,-1,-1,1,-1,1,1,-1,1,1,1,1,-1,-1,-1,-1,1,-1,-1,-1,1,-1,-1,-1,-1,-1,1,-1,1,1,1,-1,1,1,-1,1,-1,-1,1,1,-1,1,1,1,1,-1,1,1,1,1,-1,-1,-1,1,-1,1,-1,-1,1,-1,-1,-1,-1,1,1,1,-1,-1,1,1,-1,1,1,-1,-1,-1,-1,-1,1,-1,-298.41662015879484,1
1324,-1,1,-1,1,1,-1,1,1,-1,1,-1,-1,1,-1,-1,1,1,-1,-1,1,1,-1,-1,-1,1,1,-1,1,1,1,-1,-1,1,1,-1,-1,1,1,-1,-1,1,-1,1,-1,-1,1,-1,-1,-1,1,1,-1,1,1,1,-1,-1,-1,1,-1,1,1,-1,1,1,-1,-1,-1,-1,-1,-1,1,1,1,1,-1,-1,-1,1,1,-1,-1,1,-1,-1,-1,-1,-1,1,-1,1,-1,-1,-1,-1,-1,1,-1,1,-1,1,-1,-1,1,-1,1,-1,-1,1,-1,1,-1,-1,1,-1,-1,1,-1,-1,-1,-1,-1,1,1,1,1,-1,-1,-1,1,1,1,-1,1,-1,-1,-1,1,1,-1,1,-1,1,-1,-1,-1,1,1,-1,-1,-1,-1,1,1,-1,1,-1,-1,-1,-1,-1,-1,1,-1,1,1,1,-1,1,-1,-1,-1,-1,-1,1,1,-1,1,1,1,1,-1,1,-1,1,1,1,-1,-1,1,-1,1,-1,-1,1,-1,-1,-1,-1,1,1,-1,-1,-1,1,-1,-1,-1,1,-1,-1,1,-1,-1,1,1,-298.4152843085022,1
1325,-1,1,-1,1,1,-1,1,1,-1,1,-1,-1,-1,-1,-1,-1,1,-1,1,-1,-1,-1,-1,-1,-1,-1,1,1,-1,1,1,1,1,-1,-1,1,-1,-1,1,-1,1,1,1,1,-1,1,1,-1,1,1,1,1,1,1,1,-1,-1,-1,1,-1,1,1,-1,1,1,-1,1,-1,-1,-1,-1,1,1,1,1,-1,-1,-1,1,1,-1,-1,1,-1,-1,-1,-1,1,1,-1,-1,1,-1,-1,1,-1,-1,-1,1,1,1,-1,-1,1,-1,-1,-1,-1,-1,-1,-1,1,1,-1,-1,-1,1,1,-1,1,-1,-1,-1,-1,-1,-1,-1,-1,-1,1,1,1,1,1,-1,1,-1,1,1,1,1,-1,1,-1,-1,-1,1,1,-1,1,-1,-1,1,-1,-1,-1,1,-1,-1,-1,-1,1,1,-1,1,1,1,-1,1,1,-1,1,-1,-1,1,1,-1,1,1,1,1,-1,1,1,1,1,-1,-1,-1,1,-1,1,-1,-1,1,-1,-1,-1,-1,1,1,1,-1,-1,1,1,-1,1,1,-1,-1,-1,-1,-1,1,1,-298.40661863130276,1
1326,-1,1,-1,1,1,-1,1,1,-1,1,-1,-1,-1,-1,-1,-1,1,1,-1,1,-1,-1,-1,-1,1,-1,1,1,-1,1,-1,1,1,1,-1,-1,1,1,-1,-1,1,-1,1,1,-1,1,1,-1,-1,1,1,-1,1,1,1,-1,-1,-1,1,-1,1,1,-1,1,1,-1,-1,-1,-1,-1,-1,1,1,1,1,-1,-1,-1,-1,1,-1,1,1,-1,-1,-1,-1,1,1,-1,1,-1,-1,-1,-1,-1,-1,-1,1,1,1,-1,-1,1,-1,-1,1,-1,1,-1,-1,-1,1,-1,-1,-1,1,-1,-1,1,-1,-1,-1,1,1,-1,-1,-1,1,1,1,1,1,1,-1,1,-1,1,1,-1,1,-1,1,1,-1,-1,1,1,-1,-1,-1,-1,1,-1,-1,-1,1,-1,-1,-1,-1,-1,1,-1,1,1,1,-1,1,-1,-1,-1,-1,-1,1,1,-1,1,1,1,1,-1,1,-1,1,1,1,-1,-1,1,-1,1,-1,-1,1,-1,-1,-1,-1,1,1,-1,-1,-1,1,-1,-1,1,1,-1,-1,1,-1,-1,1,1,-298.39994713683217,1
1327,1,1,1,-1,1,-1,-1,1,-1,-1,-1,-1,-1,1,1,-1,1,-1,1,-1,-1,1,1,1,-1,-1,-1,-1,-1,1,1,1,1,-1,1,1,-1,-1,1,1,1,1,-1,-1,-1,-1,1,1,1,-1,1,1,-1,1,-1,1,1,1,-1,1,-1,-1,1,-1,-1,1,1,1,1,1,1,-1,-1,-1,1,1,1,-1,1,-1,-1,-1,-1,-1,1,1,1,-1,-1,-1,-1,1,-1,1,1,-1,-1,-1,-1,1,1,1,1,-1,1,1,-1,1,-1,1,-1,1,-1,-1,1,1,-1,1,1,-1,1,1,-1,-1,-1,1,1,1,-1,-1,-1,1,1,-1,1,1,1,-1,-1,1,-1,1,-1,-1,1,1,-1,-1,1,1,1,1,-1,-1,1,1,1,1,1,-1,-1,1,1,1,-1,1,-1,1,1,1,1,1,1,1,1,-1,1,1,1,1,-1,1,-1,1,-1,-1,-1,-1,1,1,-1,1,-1,-1,1,1,1,1,1,-1,-1,1,1,-1,1,-1,-1,-1,-1,-1,1,-1,-1,-1,1,1,-298.3990307083311,1
1328,1,-1,1,-1,-1,1,-1,-1,1,-1,1,1,1,1,1,1,-1,-1,-1,1,-1,1,1,1,-1,1,1,-1,1,-1,1,-1,-1,-1,1,1,-1,1,1,1,-1,1,-1,-1,1,-1,-1,1,1,-1,-1,1,-1,-1,-1,1,1,1,-1,1,-1,-1,1,-1,-1,1,1,1,1,1,1,-1,-1,-1,-1,1,1,1,-1,-1,1,1,-1,1,1,1,1,1,-1,1,-1,1,1,1,1,1,-1,1,-1,1,-1,1,1,-1,1,-1,1,1,-1,1,-1,1,-1,-1,1,1,-1,1,1,1,1,1,-1,-1,-1,-1,1,1,1,-1,-1,-1,-1,-1,1,-1,1,-1,-1,1,-1,1,-1,1,1,1,-1,-1,1,1,1,1,-1,1,1,-1,-1,1,1,1,1,1,-1,1,-1,-1,-1,1,-1,1,1,-1,1,1,-1,-1,1,1,1,1,-1,1,-1,1,-1,-1,-1,1,1,-1,1,-1,1,1,-1,1,1,1,1,-1,-1,1,1,1,-1,1,1,-1,-1,1,1,-1,1,1,-1,-1,-298.39386835551977,1
1329,1,1,-1,-1,1,-1,-1,1,-1,-1,-1,-1,-1,1,-1,-1,1,1,1,-1,1,1,1,-1,-1,-1,-1,-1,-1,1,1,1,1,-1,1,-1,-1,-1,-1,1,1,-1,-1,1,1,-1,-1,-1,1,-1,-1,1,-1,-1,-1,-1,-1,1,1,-1,-1,-1,1,-1,1,-1,-1,-1,-1,1,-1,1,-1,1,-1,1,-1,1,-1,1,1,-1,1,1,1,-1,-1,-1,1,1,1,-1,1,1,-1,1,1,1,1,-1,-1,-1,-1,1,-1,1,1,-1,-1,1,1,1,-1,1,1,1,-1,1,1,-1,1,1,1,-1,-1,1,1,1,1,-1,-1,-1,1,-1,1,1,1,-1,-1,1,-1,1,-1,1,1,1,1,-1,-1,-1,1,-1,1,-1,-1,-1,1,-1,-1,-1,-1,-1,1,-1,1,1,1,-1,1,1,-1,1,-1,-1,1,1,-1,-1,-1,-1,1,-1,1,-1,1,1,1,1,-1,-1,1,-1,-1,1,-1,-1,-1,-1,-1,1,-1,-1,-1,1,1,1,1,-1,1,1,-1,1,1,-1,-1,-1,-298.372930385008,1
1330,-1,1,-1,1,1,-1,1,1,-1,1,-1,-1,-1,-1,-1,-1,1,1,1,-1,-1,-1,-1,-1,-1,-1,1,1,-1,1,-1,1,1,1,-1,1,1,-1,1,-1,1,1,1,1,-1,1,1,-1,-1,1,1,-1,1,1,1,-1,-1,-1,1,-1,1,1,-1,1,1,-1,-1,-1,-1,-1,-1,1,1,1,1,-1,-1,-1,1,1,-1,-1,1,-1,-1,-1,-1,-1,1,-1,1,-1,-1,-1,-1,-1,1,-1,1,-1,1,-1,-1,1,-1,1,-1,-1,1,-1,1,-1,-1,1,-1,-1,1,-1,-1,-1,-1,-1,1,-1,1,1,-1,-1,-1,1,1,1,1,1,-1,1,-1,1,1,-1,1,-1,1,-1,-1,-1,1,1,-1,-1,-1,-1,1,-1,-1,1,1,-1,-1,-1,-1,-1,1,-1,1,1,1,-1,1,1,-1,1,-1,-1,1,1,-1,1,1,1,1,-1,1,1,1,1,-1,-1,-1,1,-1,1,-1,-1,1,-1,-1,-1,-1,1,1,1,-1,-1,1,1,-1,1,1,-1,-1,-1,-1,-1,1,1,-298.3716222858048,1
1331,-1,-1,1,-1,-1,-1,-1,-1,1,-1,1,-1,1,-1,1,1,-1,-1,-1,1,-1,1,-1,1,1,1,1,-1,1,-1,-1,1,1,1,1,1,1,1,1,-1,-1,1,-1,-1,-1,-1,-1,1,-1,-1,1,-1,1,1,-1,1,1,1,-1,1,-1,-1,-1,-1,-1,1,-1,-1,1,1,-1,-1,-1,-1,1,1,1,-1,-1,-1,-1,1,-1,-1,-1,1,1,-1,-1,-1,-1,1,-1,-1,1,-1,-1,-1,-1,1,1,1,1,-1,1,-1,-1,1,1,1,-1,-1,-1,-1,1,1,1,-1,1,1,1,1,-1,1,1,-1,1,1,-1,-1,-1,1,-1,-1,-1,-1,1,-1,-1,1,-1,-1,-1,1,-1,-1,-1,-1,1,1,1,1,-1,1,1,1,-1,1,1,1,1,1,-1,1,-1,-1,-1,1,-1,-1,1,-1,1,1,-1,1,1,1,1,1,1,1,-1,1,-1,-1,-1,-1,1,1,-1,1,1,-1,1,1,1,1,1,-1,-1,1,1,-1,1,-1,-1,-1,-1,-1,1,-1,-1,-1,1,1,-298.37147953507673,1
1332,1,-1,1,-1,-1,1,-1,-1,1,-1,1,1,1,1,1,1,-1,1,-1,1,1,1,1,1,1,1,-1,-1,1,-1,1,-1,-1,-1,1,-1,-1,1,-1,1,-1,-1,-1,-1,1,-1,-1,1,1,-1,-1,1,-1,-1,-1,1,1,1,-1,1,-1,-1,1,-1,-1,1,-1,-1,1,1,-1,-1,-1,-1,-1,1,1,1,-1,-1,1,1,-1,1,-1,1,1,-1,-1,1,-1,1,1,-1,1,1,-1,-1,-1,1,1,1,1,-1,1,-1,-1,1,-1,1,-1,1,-1,-1,1,1,1,1,1,1,1,1,-1,1,-1,-1,1,1,-1,-1,-1,1,-1,-1,-1,-1,1,-1,-1,1,-1,1,-1,1,1,1,-1,-1,1,1,1,1,-1,1,1,1,-1,1,1,1,1,1,-1,1,-1,-1,-1,1,-1,-1,1,-1,1,1,-1,-1,1,-1,-1,-1,-1,1,-1,-1,-1,-1,1,1,1,-1,1,-1,1,1,-1,1,1,1,1,-1,-1,-1,1,1,-1,-1,1,-1,-1,1,1,1,1,1,-1,1,-298.3597443741756,1
1333,1,1,1,-1,1,-1,-1,1,1,-1,-1,-1,-1,1,1,-1,1,-1,1,-1,-1,1,1,1,-1,-1,-1,-1,-1,1,1,1,1,-1,1,1,-1,-1,1,1,1,1,-1,-1,1,-1,1,1,1,-1,-1,1,-1,-1,-1,1,1,1,-1,1,-1,-1,1,-1,-1,1,-1,1,1,1,1,-1,-1,-1,-1,1,1,1,-1,-1,1,1,-1,1,1,1,1,1,-1,1,-1,1,1,1,1,1,-1,1,-1,1,-1,1,1,-1,1,-1,1,1,-1,1,-1,1,-1,-1,1,1,-1,1,1,1,1,1,-1,-1,-1,-1,1,1,1,-1,-1,-1,1,-1,1,1,1,-1,-1,1,-1,1,-1,1,1,1,-1,-1,1,1,1,1,-1,-1,1,-1,1,1,1,-1,-1,1,1,1,-1,1,-1,1,1,1,1,1,1,1,1,-1,1,1,1,1,-1,1,-1,1,-1,-1,-1,1,1,-1,1,-1,1,1,-1,1,1,1,1,-1,-1,1,1,1,1,1,1,-1,-1,1,1,-1,1,-1,1,1,-298.3365652673986,1
1334,1,1,-1,-1,1,-1,-1,1,-1,-1,-1,-1,-1,1,1,-1,1,-1,1,-1,-1,1,1,1,-1,-1,-1,-1,-1,1,1,1,1,-1,1,1,-1,-1,1,1,1,-1,-1,-1,-1,-1,1,1,1,-1,-1,1,-1,-1,-1,1,1,1,-1,1,-1,-1,1,-1,-1,-1,1,1,1,1,1,-1,-1,-1,-1,1,1,1,-1,-1,1,1,-1,1,1,1,1,1,-1,1,-1,1,1,1,1,1,-1,1,-1,1,-1,1,1,-1,1,-1,1,1,-1,1,-1,1,1,-1,1,1,-1,1,1,1,1,1,-1,-1,-1,-1,1,1,1,-1,-1,-1,1,-1,1,1,1,-1,-1,1,-1,1,-1,1,1,1,-1,-1,1,1,1,1,-1,-1,1,-1,1,1,1,-1,-1,1,1,1,-1,1,-1,1,1,1,1,1,1,1,1,-1,1,1,1,1,-1,1,-1,1,-1,-1,1,1,1,1,1,-1,-1,1,-1,1,1,1,1,-1,-1,1,1,1,1,-1,1,-1,-1,1,-1,-1,1,-1,1,-1,-298.32571518695636,1
1335,-1,1,-1,1,1,-1,1,1,-1,1,-1,-1,-1,-1,-1,-1,1,1,1,-1,-1,-1,-1,-1,-1,-1,1,1,-1,1,1,1,1,-1,-1,-1,-1,-1,1,-1,1,1,1,1,-1,1,1,-1,1,1,1,1,1,1,1,-1,-1,-1,1,-1,1,1,-1,1,1,-1,1,1,-1,-1,1,1,1,1,1,-1,-1,-1,1,1,-1,-1,1,-1,1,-1,-1,1,1,-1,1,-1,-1,1,-1,-1,1,1,1,-1,-1,-1,-1,1,-1,1,1,-1,-1,-1,1,1,1,1,-1,-1,-1,1,-1,-1,-1,-1,1,-1,-1,1,-1,-1,1,1,1,-1,1,1,1,1,-1,1,1,1,1,-1,1,-1,-1,-1,1,1,-1,-1,-1,-1,1,-1,-1,-1,1,-1,-1,-1,-1,-1,1,-1,1,1,1,-1,1,-1,-1,1,-1,-1,1,1,-1,1,1,1,1,-1,1,1,1,1,-1,-1,-1,1,-1,1,-1,-1,1,-1,-1,-1,-1,1,1,1,1,-1,1,1,-1,1,1,-1,-1,-1,-1,-1,1,1,-298.31886188782397,1
1336,-1,1,-1,1,1,-1,1,1,-1,1,-1,-1,-1,-1,-1,-1,1,1,1,-1,-1,-1,-1,-1,-1,-1,-1,1,-1,1,1,1,1,-1,-1,-1,-1,-1,-1,-1,1,-1,1,1,-1,1,1,-1,1,1,1,1,1,1,1,-1,-1,-1,1,-1,1,1,-1,1,1,-1,1,-1,-1,-1,-1,1,1,1,1,-1,-1,-1,1,1,-1,-1,1,-1,-1,-1,-1,-1,1,1,1,-1,1,-1,-1,1,1,-1,1,-1,1,-1,-1,1,-1,1,-1,-1,-1,-1,1,1,1,1,-1,-1,1,1,-1,-1,-1,-1,1,-1,-1,1,-1,-1,-1,1,1,1,1,1,-1,1,-1,1,1,1,1,-1,1,-1,-1,-1,1,1,-1,-1,-1,-1,1,-1,-1,1,1,-1,-1,-1,-1,-1,1,-1,1,1,1,-1,1,-1,-1,1,-1,-1,1,1,-1,1,-1,-1,1,-1,1,-1,1,1,1,-1,-1,1,-1,-1,-1,-1,-1,-1,-1,-1,-1,1,1,-1,-1,1,1,-1,-1,1,1,-1,-1,1,-1,-1,1,1,-298.2882238239843,1
1337,-1,1,-1,1,1,-1,1,1,-1,1,-1,-1,-1,-1,-1,-1,1,-1,1,-1,-1,-1,-1,-1,-1,-1,1,1,-1,1,1,1,1,-1,-1,1,-1,-1,1,-1,1,1,1,1,-1,1,1,-1,1,1,1,1,1,1,1,-1,-1,-1,1,-1,1,1,-1,1,1,-1,1,-1,-1,-1,-1,1,1,1,1,-1,-1,-1,1,1,-1,-1,1,-1,-1,-1,-1,-1,1,-1,1,1,-1,-1,1,-1,1,-1,1,-1,1,-1,-1,1,-1,1,-1,-1,-1,-1,1,1,1,1,-1,-1,1,1,-1,-1,-1,-1,1,-1,-1,1,-1,-1,-1,1,1,1,1,1,-1,1,-1,1,1,1,1,-1,1,-1,-1,-1,1,1,-1,1,-1,-1,1,-1,-1,-1,1,-1,-1,-1,-1,1,1,-1,1,1,1,-1,1,1,-1,1,-1,-1,1,1,-1,1,1,1,1,-1,1,1,1,1,-1,-1,-1,1,-1,1,-1,-1,1,-1,-1,-1,-1,1,1,1,-1,-1,1,1,-1,1,1,-1,-1,-1,-1,-1,1,1,-298.2794301424684,1
1338,-1,1,-1,-1,1,-1,1,1,-1,1,-1,-1,-1,1,-1,-1,1,-1,1,-1,-1,-1,1,-1,-1,-1,1,1,-1,1,1,-1,-1,-1,-1,1,-1,-1,1,1,1,1,1,1,-1,1,1,-1,1,1,1,1,-1,1,1,-1,-1,-1,1,-1,1,1,-1,1,1,-1,1,1,-1,-1,1,1,1,1,1,-1,-1,-1,1,1,-1,-1,1,-1,1,-1,-1,1,1,-1,1,-1,-1,1,-1,-1,1,1,1,-1,-1,-1,-1,1,-1,1,1,-1,-1,-1,1,1,1,1,-1,-1,-1,1,-1,-1,-1,-1,1,-1,-1,1,-1,-1,1,1,1,-1,1,1,1,1,-1,1,1,-1,1,1,1,-1,1,1,1,1,-1,-1,-1,-1,1,-1,-1,-1,1,-1,-1,-1,-1,-1,1,-1,1,1,1,-1,1,1,-1,1,-1,-1,1,1,-1,1,1,1,1,-1,1,-1,1,1,-1,-1,-1,1,-1,1,-1,-1,1,-1,-1,-1,-1,1,1,1,-1,-1,1,1,-1,1,1,-1,-1,-1,-1,-1,1,-1,-298.2654457585913,1
1339,-1,1,-1,1,1,-1,1,1,-1,1,-1,-1,-1,1,1,-1,1,-1,1,-1,-1,-1,-1,-1,-1,-1,-1,1,-1,1,1,1,1,-1,-1,1,-1,-1,1,-1,1,1,1,1,-1,1,1,-1,1,1,1,1,1,1,1,-1,-1,-1,1,-1,1,1,-1,1,1,-1,1,-1,-1,-1,-1,1,1,1,1,-1,-1,-1,-1,1,-1,1,1,-1,-1,-1,-1,1,1,-1,1,-1,-1,-1,-1,-1,-1,-1,1,1,1,-1,-1,1,-1,-1,1,-1,-1,-1,-1,1,1,-1,-1,-1,1,1,-1,1,-1,-1,-1,-1,-1,-1,-1,-1,1,1,1,-1,1,1,-1,1,-1,1,1,1,1,-1,1,1,-1,-1,1,1,-1,-1,-1,-1,1,-1,-1,-1,1,-1,-1,-1,-1,-1,1,-1,1,1,1,-1,1,1,-1,1,-1,-1,1,1,-1,1,1,1,1,-1,1,-1,1,1,-1,-1,-1,1,-1,1,-1,-1,1,1,-1,-1,-1,1,1,1,-1,-1,1,1,-1,-1,1,-1,1,-1,-1,-1,1,1,-298.2469924710085,1
1340,-1,1,-1,1,1,-1,1,1,-1,1,-1,-1,-1,-1,-1,-1,1,1,1,-1,-1,-1,-1,-1,-1,-1,-1,1,-1,1,1,1,1,-1,-1,-1,-1,-1,-1,1,1,-1,1,1,-1,1,1,-1,1,1,1,1,1,1,1,-1,-1,-1,1,-1,1,1,-1,1,1,-1,1,-1,-1,-1,-1,1,1,1,1,-1,-1,-1,1,1,-1,-1,1,-1,-1,-1,-1,1,1,-1,-1,1,-1,-1,1,-1,-1,-1,1,1,1,-1,-1,1,-1,-1,1,-1,-1,-1,-1,1,1,-1,-1,-1,1,1,-1,1,-1,-1,-1,-1,-1,-1,-1,-1,-1,1,1,1,1,1,-1,1,-1,1,1,-1,1,-1,1,-1,-1,-1,-1,1,-1,1,-1,-1,1,-1,-1,-1,1,-1,-1,-1,-1,1,1,-1,1,1,1,-1,1,-1,-1,1,-1,-1,1,1,-1,1,1,1,1,-1,1,-1,1,1,1,-1,-1,1,-1,1,-1,-1,1,-1,-1,-1,-1,1,1,-1,-1,-1,1,-1,-1,1,1,-1,-1,1,-1,-1,1,1,-298.23742958872435,1
1341,-1,-1,1,1,-1,1,1,-1,1,1,1,1,1,-1,-1,1,-1,1,-1,1,1,-1,-1,-1,1,1,1,1,1,-1,-1,-1,-1,1,-1,-1,1,1,-1,-1,-1,1,1,1,1,1,-1,-1,-1,1,1,-1,1,1,1,-1,-1,-1,1,-1,1,1,-1,1,1,-1,-1,-1,-1,-1,-1,1,1,1,1,-1,-1,-1,1,1,1,-1,1,-1,-1,-1,1,-1,1,-1,1,-1,-1,-1,-1,-1,1,-1,1,-1,1,1,-1,1,-1,1,-1,1,1,-1,1,-1,-1,1,-1,-1,1,-1,-1,-1,-1,-1,1,1,1,1,-1,-1,-1,1,1,1,-1,1,-1,-1,-1,1,1,-1,1,-1,1,-1,-1,-1,1,1,-1,-1,-1,-1,1,1,-1,1,1,-1,-1,1,1,-1,-1,-1,1,-1,1,-1,-1,-1,-1,-1,-1,-1,-1,1,-1,-1,-1,-1,1,-1,1,-1,1,-1,-1,-1,1,-1,1,1,1,-1,1,-1,-1,1,-1,1,1,-1,-1,-1,-1,1,-1,1,1,-1,1,1,-1,1,-1,1,-298.2244752322183,1
1342,1,1,-1,-1,1,-1,-1,1,-1,-1,-1,-1,-1,1,1,-1,1,-1,1,-1,1,1,1,-1,-1,-1,-1,-1,-1,1,1,1,1,-1,-1,1,-1,-1,1,1,1,1,-1,1,-1,-1,1,-1,1,1,1,1,1,1,1,-1,-1,-1,1,-1,1,1,-1,1,1,-1,1,1,-1,-1,1,1,-1,1,1,1,-1,-1,1,1,-1,-1,1,-1,1,-1,-1,1,1,-1,1,-1,-1,1,-1,-1,1,1,1,-1,-1,-1,1,1,-1,1,1,-1,-1,-1,1,1,1,1,1,-1,-1,1,-1,-1,1,1,1,-1,-1,1,1,-1,1,-1,-1,-1,1,1,1,1,-1,-1,-1,1,-1,1,1,-1,1,1,1,1,-1,-1,-1,-1,1,-1,-1,-1,1,-1,-1,-1,-1,-1,1,-1,1,1,1,-1,1,1,-1,1,-1,-1,1,1,-1,1,1,1,1,-1,1,-1,1,1,1,-1,-1,1,-1,1,1,-1,1,1,-1,-1,-1,1,1,1,-1,-1,1,1,-1,-1,1,-1,-1,-1,-1,-1,1,1,-298.1718265624498,1
1343,1,1,-1,-1,1,-1,-1,1,-1,-1,-1,-1,-1,1,1,-1,1,-1,1,-1,-1,1,1,1,-1,-1,-1,-1,-1,1,1,1,1,-1,1,1,-1,-1,1,1,1,-1,-1,-1,-1,-1,1,1,1,-1,-1,1,-1,-1,-1,1,1,1,-1,1,-1,-1,1,-1,-1,1,1,1,1,1,1,-1,-1,-1,-1,1,1,1,-1,-1,1,1,-1,1,1,1,1,1,-1,1,-1,1,1,1,1,1,-1,1,-1,1,-1,1,1,-1,1,1,1,1,-1,1,-1,1,1,-1,1,1,-1,1,1,1,1,1,-1,-1,-1,-1,1,1,1,-1,-1,-1,1,-1,1,1,1,-1,-1,1,-1,1,-1,1,1,1,-1,-1,1,1,1,1,-1,-1,1,-1,1,1,1,-1,-1,1,1,1,-1,1,-1,1,1,1,1,1,1,1,1,-1,1,1,1,1,-1,1,-1,1,-1,-1,1,1,1,1,1,-1,-1,1,-1,1,1,1,1,-1,-1,1,1,1,1,-1,1,-1,-1,1,-1,-1,1,-1,1,-1,-298.1614440519147,1
1344,-1,-1,1,1,-1,-1,-1,-1,1,1,1,-1,1,-1,1,1,-1,-1,-1,1,-1,1,-1,1,1,1,1,1,1,-1,-1,1,1,1,1,1,1,1,1,-1,-1,1,-1,-1,-1,-1,-1,1,-1,-1,1,-1,1,1,-1,1,1,1,-1,1,-1,-1,-1,-1,-1,1,-1,-1,1,1,-1,-1,-1,-1,1,1,1,-1,-1,-1,-1,1,-1,-1,-1,1,1,-1,-1,-1,-1,1,-1,-1,1,-1,-1,-1,-1,1,1,1,1,-1,1,-1,-1,1,1,1,-1,-1,-1,-1,1,1,-1,-1,1,1,-1,1,-1,1,1,-1,1,1,-1,-1,-1,1,-1,-1,-1,-1,1,-1,-1,1,-1,-1,-1,1,-1,-1,-1,-1,1,1,1,1,-1,1,1,1,-1,1,1,1,1,1,-1,1,-1,-1,-1,1,-1,-1,1,-1,1,1,-1,1,1,1,1,1,-1,1,-1,1,-1,-1,-1,-1,1,1,-1,1,1,-1,1,1,1,1,1,-1,1,1,1,-1,1,-1,-1,-1,-1,-1,1,-1,-1,-1,1,-1,-298.1583474433695,1
1345,-1,1,-1,1,1,-1,1,1,-1,-1,-1,-1,-1,-1,-1,-1,1,1,1,-1,-1,-1,-1,-1,-1,-1,-1,-1,-1,1,1,1,1,-1,-1,-1,-1,-1,-1,1,1,-1,1,1,-1,1,1,-1,1,1,1,1,1,1,1,-1,-1,-1,1,-1,1,1,-1,1,1,-1,1,1,-1,-1,1,1,1,1,1,-1,-1,-1,1,1,-1,-1,1,-1,1,-1,-1,1,1,-1,1,-1,-1,1,-1,-1,1,1,1,-1,-1,-1,-1,1,-1,1,1,-1,-1,-1,1,1,1,1,-1,-1,1,1,-1,-1,1,-1,1,-1,-1,1,1,-1,1,1,1,-1,1,1,1,1,-1,1,1,1,1,-1,1,-1,-1,-1,1,1,-1,-1,-1,-1,1,-1,-1,-1,1,-1,-1,-1,-1,-1,1,-1,1,1,1,-1,1,-1,-1,1,-1,-1,1,1,-1,1,1,1,1,-1,1,-1,1,1,1,-1,-1,1,-1,1,-1,-1,1,-1,-1,-1,-1,1,1,-1,-1,-1,1,-1,-1,1,1,-1,-1,1,-1,-1,1,1,-298.1348095920072,1
1346,-1,1,-1,1,1,1,1,1,1,1,-1,1,-1,1,1,-1,1,1,1,-1,1,-1,-1,-1,-1,-1,-1,1,-1,1,1,1,1,-1,-1,1,-1,-1,1,-1,1,1,1,1,-1,1,1,-1,1,1,1,1,1,1,1,-1,-1,-1,1,-1,1,1,-1,1,1,-1,1,-1,-1,-1,-1,1,1,1,1,-1,-1,-1,1,1,-1,-1,1,-1,-1,-1,-1,-1,1,-1,1,-1,-1,-1,-1,-1,1,-1,1,-1,1,-1,-1,1,-1,1,-1,-1,-1,-1,1,1,1,1,-1,-1,1,1,-1,-1,-1,-1,1,-1,-1,1,-1,-1,-1,1,1,1,1,1,-1,1,-1,1,1,1,1,-1,1,-1,-1,-1,1,1,-1,-1,-1,-1,1,-1,-1,1,1,-1,-1,-1,-1,-1,1,-1,1,1,1,-1,1,1,-1,1,-1,-1,1,1,-1,1,1,1,1,-1,1,-1,1,1,1,-1,-1,1,-1,1,1,-1,1,1,-1,-1,-1,1,1,-1,-1,-1,-1,1,-1,1,1,-1,1,-1,-1,1,1,-1,-298.11916160642517,1
1347,1,-1,1,-1,-1,1,-1,-1,1,-1,1,1,1,1,1,1,-1,1,-1,1,1,1,1,1,1,1,-1,-1,1,-1,-1,-1,-1,1,1,-1,1,1,-1,1,-1,-1,-1,-1,1,-1,-1,1,-1,-1,-1,-1,-1,-1,-1,1,1,1,-1,1,-1,-1,1,-1,-1,1,-1,-1,1,1,-1,-1,-1,-1,-1,1,1,1,-1,-1,1,1,-1,1,-1,1,1,-1,-1,1,-1,1,1,-1,1,1,-1,-1,-1,1,1,1,-1,-1,1,-1,-1,1,1,1,-1,-1,-1,-1,1,1,1,-1,1,1,1,1,-1,1,1,-1,1,1,-1,-1,-1,1,-1,-1,-1,-1,1,-1,-1,-1,-1,1,-1,1,1,1,-1,-1,1,1,1,1,-1,1,1,1,-1,1,1,1,1,1,-1,1,-1,-1,-1,1,-1,-1,1,-1,1,1,-1,-1,1,-1,-1,-1,-1,1,-1,-1,-1,-1,1,1,1,-1,1,-1,1,1,-1,1,1,1,1,-1,-1,-1,1,-1,-1,-1,1,-1,-1,1,1,1,1,1,-1,1,-298.1046106752052,1
1348,1,1,-1,-1,1,-1,-1,1,-1,-1,-1,-1,-1,1,-1,-1,1,1,1,-1,-1,1,1,-1,-1,-1,1,-1,-1,1,1,1,1,-1,-1,1,-1,-1,1,1,1,1,-1,1,-1,-1,1,-1,1,1,1,1,1,1,1,-1,-1,-1,1,-1,1,1,-1,1,1,-1,1,1,-1,-1,1,1,-1,1,1,1,-1,-1,1,1,-1,-1,1,-1,1,-1,-1,-1,1,-1,1,-1,-1,1,-1,-1,1,1,1,-1,-1,-1,-1,1,-1,1,1,-1,-1,-1,1,1,-1,1,1,-1,-1,1,-1,-1,1,1,1,-1,-1,1,1,-1,1,-1,-1,-1,1,1,1,1,-1,-1,-1,1,-1,1,1,-1,1,1,1,1,-1,-1,-1,-1,1,-1,-1,-1,1,-1,-1,-1,-1,-1,1,-1,1,1,1,-1,1,1,-1,1,-1,-1,1,1,-1,1,1,1,1,-1,1,1,1,1,-1,-1,-1,1,-1,1,-1,-1,1,-1,-1,-1,-1,1,1,1,-1,-1,1,1,-1,1,1,-1,-1,-1,-1,-1,1,1,-298.0915573078308,1
1349,1,-1,1,-1,-1,1,-1,-1,1,-1,1,1,1,1,1,1,-1,-1,-1,1,-1,1,1,1,1,1,1,-1,1,-1,-1,-1,-1,1,1,1,1,1,1,1,-1,1,-1,-1,1,-1,-1,1,-1,-1,-1,-1,-1,-1,-1,1,1,1,-1,1,-1,-1,1,-1,-1,1,-1,1,1,1,1,-1,-1,-1,-1,1,1,1,-1,-1,1,1,-1,1,1,1,1,-1,-1,-1,-1,1,-1,1,1,-1,-1,1,-1,1,-1,1,1,-1,1,-1,1,1,1,1,-1,-1,-1,-1,1,1,-1,-1,1,1,1,1,-1,1,1,-1,1,1,1,-1,-1,-1,-1,-1,1,-1,1,-1,-1,-1,-1,1,-1,1,1,1,-1,-1,1,1,1,1,-1,1,1,-1,-1,1,1,1,1,1,-1,1,-1,-1,-1,1,-1,1,1,-1,1,1,-1,-1,1,1,1,1,-1,1,-1,1,-1,-1,-1,1,1,-1,1,1,1,1,1,1,1,1,1,-1,-1,1,1,-1,-1,1,1,1,-1,1,1,-1,1,1,-1,1,-298.0892221790506,1
1350,1,-1,1,-1,-1,-1,-1,-1,1,-1,1,-1,1,1,1,1,-1,-1,-1,1,-1,1,1,1,1,1,1,-1,1,-1,-1,-1,-1,1,1,1,1,1,1,1,-1,1,-1,-1,1,-1,-1,1,-1,-1,-1,-1,-1,-1,-1,1,1,1,-1,1,-1,-1,1,-1,-1,1,-1,-1,1,1,-1,-1,-1,-1,-1,1,1,1,-1,-1,1,1,-1,1,-1,1,1,-1,-1,-1,-1,1,-1,-1,1,-1,-1,-1,-1,1,1,1,1,-1,1,-1,-1,1,1,1,-1,-1,-1,-1,1,1,1,-1,1,1,1,1,-1,1,1,-1,1,1,-1,-1,-1,1,-1,-1,-1,-1,1,-1,-1,-1,1,1,-1,1,1,1,-1,-1,1,1,1,1,-1,1,1,1,-1,1,1,1,1,1,-1,1,-1,-1,-1,1,-1,1,1,-1,1,1,-1,-1,1,1,1,1,-1,1,-1,1,-1,-1,-1,1,1,-1,1,-1,1,1,1,1,1,1,1,-1,-1,1,1,-1,1,1,1,-1,-1,1,1,-1,1,-1,1,1,-298.0877606148688,1
1351,1,1,-1,-1,1,-1,-1,1,-1,-1,-1,-1,-1,1,1,-1,1,-1,1,-1,-1,1,1,-1,-1,-1,-1,-1,-1,1,1,1,1,-1,-1,1,-1,-1,1,1,1,1,-1,1,-1,-1,1,-1,1,1,1,1,-1,1,1,-1,-1,-1,1,-1,1,1,-1,1,1,-1,1,-1,-1,-1,-1,1,1,1,1,1,-1,-1,-1,1,-1,1,1,-1,-1,-1,-1,1,1,-1,1,-1,-1,-1,-1,-1,-1,-1,1,1,1,-1,-1,1,-1,-1,1,-1,-1,-1,-1,1,1,-1,1,-1,1,1,-1,1,1,1,-1,-1,-1,-1,1,-1,1,-1,-1,1,1,1,-1,1,-1,1,-1,-1,1,1,1,1,1,1,1,1,-1,-1,-1,-1,1,-1,-1,-1,1,-1,-1,-1,-1,-1,1,-1,1,1,1,-1,1,1,-1,1,-1,-1,1,1,-1,1,1,1,1,-1,1,-1,1,1,-1,-1,-1,1,-1,1,-1,-1,1,1,-1,-1,-1,1,1,1,-1,-1,1,1,-1,-1,1,-1,-1,-1,-1,-1,1,1,-298.0539237636753,2
1352,-1,1,1,-1,1,-1,1,1,-1,1,-1,-1,-1,1,1,-1,1,-1,1,-1,-1,-1,-1,-1,-1,-1,-1,1,-1,1,1,1,1,-1,-1,1,-1,-1,1,1,1,1,1,1,-1,1,1,-1,1,1,1,1,1,1,1,-1,-1,-1,1,-1,1,1,-1,1,1,-1,1,-1,-1,-1,-1,1,1,1,1,-1,-1,-1,1,1,-1,-1,1,-1,-1,-1,-1,-1,1,-1,1,-1,-1,-1,-1,-1,1,-1,1,-1,1,-1,-1,1,-1,1,-1,-1,-1,-1,1,1,1,1,-1,-1,1,1,-1,-1,-1,-1,1,-1,-1,1,-1,-1,-1,1,1,1,1,1,-1,1,-1,1,1,-1,1,1,1,-1,-1,-1,1,1,-1,-1,-1,-1,1,-1,-1,1,1,-1,-1,-1,-1,-1,1,-1,1,1,1,-1,1,1,-1,1,-1,-1,1,1,-1,1,1,1,1,-1,1,-1,1,1,-1,-1,-1,1,-1,1,-1,-1,1,1,-1,-1,-1,1,1,1,-1,-1,1,1,-1,-1,1,-1,1,-1,-1,-1,1,1,-298.0280214346113,1
1353,1,1,-1,-1,1,-1,-1,1,-1,-1,-1,-1,-1,1,1,-1,1,-1,1,-1,-1,1,1,1,-1,-1,-1,-1,-1,1,1,1,1,-1,1,-1,-1,-1,-1,1,1,-1,-1,-1,1,-1,1,1,1,-1,-1,1,-1,-1,-1,1,1,1,-1,1,-1,-1,1,-1,-1,1,1,1,1,1,1,-1,-1,-1,-1,1,1,1,1,-1,1,-1,-1,1,1,1,1,-1,-1,1,-1,1,1,1,1,1,1,1,-1,-1,-1,1,1,-1,1,1,-1,1,-1,1,-1,1,-1,1,1,1,-1,1,1,-1,1,1,1,-1,-1,1,1,1,-1,-1,-1,-1,1,-1,1,1,1,-1,-1,1,-1,1,-1,-1,1,1,-1,-1,1,1,1,1,-1,-1,1,1,1,1,1,-1,-1,1,1,1,-1,1,-1,1,1,1,1,1,1,1,1,-1,1,1,1,1,-1,1,-1,1,-1,-1,1,1,1,-1,1,-1,-1,1,-1,1,1,1,1,-1,-1,-1,-1,1,1,-1,1,-1,-1,1,-1,1,1,-1,-1,1,-298.0066044016621,1
1354,1,1,-1,1,1,-1,1,1,-1,1,-1,-1,-1,-1,-1,-1,1,1,1,-1,1,-1,-1,-1,-1,-1,-1,1,-1,1,-1,1,1,1,-1,-1,1,1,-1,-1,1,-1,1,1,-1,1,1,-1,-1,1,1,-1,1,1,1,-1,-1,-1,1,-1,1,1,-1,1,1,-1,-1,-1,-1,-1,-1,1,1,1,1,-1,-1,-1,-1,1,-1,1,1,-1,-1,-1,-1,1,1,-1,1,-1,-1,-1,-1,-1,-1,-1,1,1,1,-1,-1,1,-1,-1,1,-1,1,-1,1,-1,1,-1,-1,-1,1,-1,-1,1,-1,-1,-1,-1,1,-1,-1,-1,1,1,1,-1,1,1,-1,1,-1,1,1,-1,1,-1,1,1,-1,-1,1,1,-1,-1,-1,-1,1,-1,-1,-1,1,-1,-1,-1,-1,-1,1,-1,1,1,1,-1,1,-1,-1,1,-1,-1,1,1,-1,1,1,1,1,-1,1,-1,1,1,1,-1,-1,1,-1,1,-1,-1,1,-1,-1,-1,-1,1,1,-1,-1,-1,1,-1,-1,1,1,-1,-1,1,-1,-1,1,1,-298.00488529196514,1
1355,1,1,-1,-1,1,-1,-1,1,-1,-1,-1,-1,-1,1,1,-1,1,-1,1,-1,-1,1,1,1,-1,-1,-1,-1,-1,1,1,1,1,-1,1,1,-1,-1,1,1,1,-1,-1,-1,-1,-1,1,1,1,-1,-1,1,-1,-1,-1,1,1,1,-1,1,-1,-1,1,-1,-1,1,1,1,1,1,1,-1,-1,-1,-1,1,1,1,-1,-1,-1,1,-1,1,1,1,-1,1,-1,1,-1,1,1,1,1,1,-1,1,-1,-1,-1,-1,1,-1,1,-1,1,-1,-1,1,-1,1,-1,-1,1,1,-1,1,1,1,1,1,-1,-1,-1,-1,1,1,1,-1,-1,-1,1,-1,1,1,1,-1,-1,1,-1,1,-1,1,1,1,-1,-1,1,1,1,1,-1,-1,1,-1,1,1,1,-1,-1,1,1,1,-1,1,-1,1,1,1,1,1,1,1,1,-1,1,1,1,1,-1,1,-1,1,-1,1,1,1,-1,1,-1,-1,-1,1,-1,1,1,-1,1,-1,-1,1,1,1,1,-1,1,-1,-1,1,-1,-1,1,-1,1,-1,-298.0045254585974,1
1356,-1,1,-1,1,1,-1,1,1,-1,1,-1,-1,-1,-1,-1,-1,1,1,1,-1,-1,-1,-1,-1,-1,-1,-1,1,-1,1,1,1,1,-1,-1,-1,-1,-1,-1,1,1,-1,1,1,-1,1,1,-1,1,1,1,1,1,1,1,-1,-1,-1,1,-1,1,1,-1,1,1,-1,1,1,-1,-1,1,1,1,1,1,-1,-1,-1,1,1,-1,-1,1,-1,1,-1,-1,1,1,-1,1,1,-1,-1,1,-1,1,1,1,-1,-1,-1,-1,1,-1,-1,1,-1,-1,-1,1,1,1,1,-1,-1,1,1,-1,1,-1,-1,1,-1,-1,1,-1,-1,1,1,1,-1,1,1,1,1,-1,1,1,-1,1,-1,1,-1,-1,-1,-1,1,-1,1,-1,-1,-1,-1,-1,-1,1,-1,-1,-1,-1,-1,1,-1,1,1,1,-1,1,-1,-1,1,-1,-1,1,1,-1,1,1,1,1,-1,1,-1,1,1,1,-1,-1,1,-1,1,-1,-1,1,-1,-1,-1,-1,1,1,-1,-1,-1,1,-1,-1,1,1,-1,-1,1,-1,-1,1,1,-298.0002241031444,1
1357,-1,1,-1,1,1,1,1,1,-1,1,-1,1,-1,-1,-1,-1,1,1,1,-1,1,-1,-1,-1,-1,-1,-1,1,-1,1,1,-1,-1,-1,-1,-1,-1,-1,-1,1,1,-1,1,1,1,1,1,-1,1,1,-1,1,-1,-1,1,-1,-1,-1,1,-1,1,1,1,1,1,-1,1,-1,-1,-1,-1,1,1,1,-1,-1,-1,1,1,1,1,-1,1,1,-1,-1,-1,-1,1,1,1,-1,1,-1,-1,1,1,-1,1,-1,1,-1,-1,1,-1,1,-1,-1,-1,-1,1,1,1,1,-1,-1,1,1,-1,-1,-1,-1,1,-1,-1,1,-1,-1,-1,1,1,1,1,1,-1,1,-1,1,1,-1,1,-1,1,-1,-1,-1,1,1,-1,-1,-1,-1,1,-1,-1,1,1,-1,-1,-1,-1,-1,1,-1,1,1,1,-1,1,1,-1,1,-1,-1,1,-1,-1,-1,-1,-1,-1,-1,1,-1,1,1,1,1,-1,-1,1,-1,-1,1,-1,-1,-1,-1,-1,1,-1,-1,-1,1,-1,1,1,1,1,1,-1,1,1,1,-1,-1,-297.99509022515673,1
1358,-1,1,-1,1,1,-1,1,1,-1,1,-1,-1,-1,-1,-1,-1,-1,1,1,-1,-1,-1,-1,-1,-1,-1,1,1,-1,1,-1,1,-1,1,-1,1,1,-1,1,-1,1,1,1,1,-1,1,1,-1,-1,1,1,-1,1,1,1,-1,-1,-1,1,-1,1,1,-1,1,1,-1,1,1,-1,-1,1,1,1,1,1,-1,-1,-1,1,1,-1,-1,1,-1,1,-1,-1,1,1,-1,1,-1,-1,1,-1,-1,1,1,1,-1,-1,-1,-1,1,-1,1,1,-1,1,-1,1,-1,1,1,-1,-1,-1,-1,-1,-1,-1,-1,1,-1,1,1,-1,-1,1,1,1,-1,1,1,1,1,-1,1,1,-1,1,-1,1,-1,-1,-1,1,1,-1,-1,-1,-1,1,-1,-1,-1,1,-1,-1,-1,-1,-1,1,-1,1,-1,1,-1,1,1,-1,1,-1,-1,1,1,-1,1,1,1,1,-1,1,-1,1,1,-1,-1,-1,1,-1,1,-1,-1,1,-1,-1,-1,-1,1,1,1,-1,-1,1,1,-1,1,1,-1,-1,-1,-1,-1,1,1,-297.96325470105836,1
1359,1,1,-1,-1,1,-1,-1,1,-1,-1,-1,-1,-1,1,1,-1,1,-1,1,-1,-1,1,1,1,-1,-1,-1,-1,-1,1,1,1,1,-1,1,1,-1,-1,1,1,1,-1,-1,-1,-1,-1,1,1,1,-1,-1,1,-1,-1,-1,1,1,1,-1,1,-1,-1,1,-1,-1,1,1,1,1,1,1,-1,-1,-1,-1,1,1,1,-1,-1,1,1,-1,1,1,1,-1,-1,-1,1,1,-1,1,1,1,1,1,1,-1,-1,-1,-1,1,-1,1,1,1,-1,-1,1,1,1,-1,1,1,1,-1,1,1,-1,1,1,1,-1,-1,1,1,1,1,-1,-1,-1,1,-1,1,1,1,-1,-1,1,-1,1,-1,1,1,1,-1,-1,1,-1,1,1,-1,-1,1,1,1,1,1,-1,-1,-1,1,1,-1,1,-1,1,1,1,1,1,1,1,1,-1,1,1,1,1,-1,1,-1,1,-1,1,1,1,-1,1,-1,-1,-1,1,-1,1,1,-1,1,-1,-1,1,1,1,1,-1,1,-1,-1,1,-1,-1,1,-1,1,1,-297.94690622829563,1
1360,-1,1,-1,-1,1,-1,1,1,-1,1,-1,-1,-1,1,1,-1,1,-1,1,-1,-1,-1,-1,-1,-1,-1,-1,1,-1,1,1,1,1,-1,-1,1,-1,-1,1,-1,1,1,1,1,-1,1,1,-1,1,1,1,1,1,1,1,-1,-1,-1,1,-1,1,1,-1,1,1,-1,1,-1,-1,-1,-1,1,1,1,1,-1,-1,-1,-1,1,-1,1,1,-1,-1,-1,-1,1,1,-1,1,-1,-1,-1,-1,-1,-1,-1,1,1,1,-1,-1,1,-1,-1,1,-1,-1,-1,1,1,1,-1,-1,-1,1,1,-1,1,-1,-1,-1,-1,-1,-1,-1,-1,1,1,1,-1,1,1,-1,1,-1,1,1,1,1,1,1,1,-1,-1,1,1,-1,-1,-1,-1,1,-1,-1,-1,1,-1,-1,-1,-1,-1,1,-1,1,1,1,-1,1,1,-1,1,-1,-1,1,1,-1,1,1,1,1,-1,1,-1,1,1,-1,-1,-1,1,-1,1,-1,-1,1,1,-1,-1,-1,1,1,1,-1,-1,1,1,-1,-1,1,-1,-1,-1,-1,-1,1,-1,-297.9351518987662,1
1361,-1,1,-1,1,1,-1,1,1,-1,1,-1,-1,-1,-1,-1,-1,1,-1,1,-1,-1,-1,-1,-1,1,-1,1,1,-1,1,-1,1,1,1,-1,1,1,-1,1,-1,1,1,1,1,-1,1,1,-1,-1,1,1,-1,1,1,1,-1,-1,-1,1,-1,1,1,-1,1,1,-1,-1,-1,-1,-1,-1,1,1,1,1,-1,-1,-1,-1,1,-1,1,1,-1,-1,-1,-1,1,1,-1,1,-1,-1,-1,-1,-1,-1,-1,1,1,1,-1,-1,1,-1,-1,1,-1,1,-1,1,-1,1,-1,-1,-1,1,-1,-1,1,-1,-1,-1,1,1,-1,-1,-1,1,1,1,-1,1,1,-1,1,-1,1,1,-1,1,-1,1,1,-1,-1,1,1,-1,-1,-1,-1,1,-1,-1,-1,1,-1,-1,-1,-1,-1,1,-1,1,1,1,-1,1,1,-1,1,-1,-1,1,1,-1,1,1,1,1,-1,1,1,1,1,-1,-1,-1,1,-1,1,-1,-1,1,-1,-1,-1,-1,1,1,1,-1,-1,1,1,-1,1,1,-1,-1,-1,-1,-1,1,1,-297.93272935143693,1
1362,-1,1,-1,1,1,-1,1,1,-1,1,-1,-1,-1,-1,-1,-1,1,-1,1,-1,-1,-1,-1,-1,-1,-1,1,1,-1,1,1,1,1,-1,-1,-1,-1,-1,1,-1,1,1,1,1,-1,1,1,-1,1,1,1,1,1,1,1,-1,-1,-1,1,-1,1,1,-1,1,1,-1,1,1,-1,-1,1,1,1,1,1,-1,-1,-1,1,1,-1,-1,1,-1,1,-1,-1,1,1,1,1,-1,1,1,-1,1,1,1,1,-1,-1,-1,-1,1,-1,1,1,-1,-1,-1,1,1,1,1,-1,-1,-1,1,-1,-1,-1,-1,1,-1,-1,1,-1,-1,1,1,1,-1,1,1,1,1,-1,1,1,1,-1,-1,1,-1,-1,-1,1,1,-1,-1,-1,-1,1,-1,-1,-1,1,-1,-1,-1,-1,-1,1,-1,1,1,1,-1,1,-1,-1,1,-1,-1,1,1,-1,1,-1,-1,1,-1,1,1,1,1,-1,-1,-1,1,-1,-1,-1,-1,-1,-1,-1,-1,-1,1,1,1,-1,1,1,1,-1,1,1,-1,-1,-1,-1,-1,1,1,-297.92118226149177,1
1363,1,1,-1,-1,1,-1,1,1,-1,-1,-1,-1,-1,1,1,-1,1,-1,1,-1,-1,1,1,-1,-1,-1,-1,-1,-1,1,1,1,1,-1,-1,1,-1,-1,1,1,1,1,-1,1,-1,-1,1,-1,1,1,1,1,1,1,1,-1,-1,-1,1,-1,1,1,-1,1,1,-1,1,-1,-1,-1,-1,1,1,1,1,1,-1,-1,-1,1,-1,1,1,-1,-1,-1,-1,1,1,-1,1,-1,-1,-1,-1,-1,-1,-1,1,1,1,-1,-1,1,-1,-1,1,-1,-1,-1,-1,1,1,-1,1,-1,1,1,-1,1,1,1,-1,-1,-1,-1,1,-1,1,-1,-1,1,1,1,-1,1,-1,1,1,-1,1,1,-1,1,1,1,1,1,-1,-1,-1,-1,1,-1,-1,-1,1,-1,-1,-1,-1,-1,1,-1,1,1,1,-1,1,1,-1,1,-1,-1,1,1,-1,1,1,1,1,-1,1,-1,1,1,-1,-1,-1,1,-1,1,-1,-1,1,1,-1,-1,-1,1,1,1,-1,-1,1,1,-1,-1,1,-1,-1,-1,-1,-1,1,1,-297.91996337919636,1
1364,-1,1,-1,1,1,-1,1,1,-1,1,-1,-1,-1,-1,-1,-1,1,1,1,-1,-1,-1,-1,-1,-1,-1,1,1,-1,1,-1,1,1,1,-1,-1,1,1,-1,-1,1,-1,1,1,-1,1,1,-1,-1,1,1,-1,1,1,1,-1,-1,-1,1,-1,1,1,-1,1,1,-1,-1,-1,-1,-1,-1,1,1,1,1,-1,-1,-1,1,1,-1,-1,1,-1,-1,-1,1,-1,1,-1,1,-1,-1,-1,-1,-1,1,-1,1,-1,1,1,-1,1,-1,1,-1,1,1,-1,1,-1,-1,1,-1,-1,1,-1,-1,-1,-1,-1,1,-1,1,1,-1,-1,-1,1,1,1,1,1,-1,1,-1,1,1,-1,1,-1,1,-1,-1,-1,1,1,-1,-1,-1,-1,1,-1,-1,1,1,-1,-1,-1,-1,-1,1,-1,1,1,1,-1,1,-1,-1,1,-1,-1,1,1,-1,1,1,1,1,-1,1,-1,1,-1,1,-1,1,1,-1,1,-1,-1,1,-1,-1,1,-1,1,1,-1,-1,-1,1,-1,-1,1,1,-1,-1,1,-1,-1,1,1,-297.9190655364111,1
1365,-1,1,-1,1,1,-1,1,1,-1,1,-1,-1,-1,-1,-1,-1,1,-1,1,-1,-1,-1,-1,-1,1,-1,1,1,-1,1,-1,1,1,1,-1,1,1,-1,1,-1,1,1,1,1,-1,1,1,-1,-1,1,1,-1,1,1,1,-1,-1,-1,1,-1,1,1,-1,1,1,-1,-1,-1,-1,-1,-1,1,1,1,1,-1,-1,-1,-1,1,-1,1,1,-1,1,-1,-1,1,1,-1,1,-1,-1,-1,-1,-1,1,1,1,-1,-1,-1,-1,1,-1,-1,1,-1,1,-1,1,-1,-1,1,-1,-1,1,-1,1,1,-1,-1,1,1,1,1,-1,-1,1,1,1,-1,1,1,-1,1,-1,1,1,-1,1,-1,1,1,-1,-1,1,1,-1,-1,-1,-1,1,-1,-1,-1,1,-1,-1,-1,-1,-1,1,-1,1,1,1,-1,1,1,-1,1,-1,-1,1,1,-1,1,1,1,1,-1,1,1,1,1,-1,-1,-1,1,-1,1,-1,-1,1,-1,-1,-1,-1,1,1,1,-1,-1,1,1,-1,1,1,-1,-1,-1,-1,-1,1,1,-297.9142143208146,1
1366,1,1,-1,-1,1,-1,1,1,-1,1,-1,-1,-1,1,1,-1,1,-1,1,-1,-1,-1,-1,-1,-1,-1,-1,1,-1,1,1,1,1,-1,-1,1,-1,-1,1,-1,1,1,1,1,-1,1,1,-1,1,1,1,1,1,1,1,-1,-1,-1,1,-1,1,1,-1,1,1,-1,1,1,-1,-1,-1,1,1,1,1,-1,-1,-1,1,1,-1,-1,1,-1,-1,-1,-1,-1,1,-1,1,-1,-1,-1,-1,-1,1,-1,1,-1,1,-1,-1,1,-1,1,-1,-1,-1,-1,1,1,1,1,-1,-1,1,1,-1,-1,-1,-1,1,-1,-1,1,-1,-1,-1,1,1,1,1,1,-1,1,-1,1,1,1,1,1,1,-1,-1,-1,1,1,-1,-1,-1,-1,1,-1,-1,1,1,-1,-1,-1,-1,-1,1,-1,1,1,1,-1,1,-1,-1,1,-1,-1,1,1,-1,1,1,1,1,-1,1,-1,1,1,-1,-1,-1,1,-1,1,-1,-1,1,1,-1,-1,-1,1,1,1,-1,-1,1,1,-1,-1,1,-1,-1,-1,-1,-1,1,1,-297.91349279418233,1
1367,-1,1,-1,1,1,1,1,1,-1,1,-1,1,-1,-1,-1,-1,1,1,1,-1,1,-1,-1,-1,-1,-1,-1,1,-1,1,1,-1,-1,-1,-1,-1,-1,-1,-1,1,1,-1,1,1,1,1,1,-1,1,1,-1,1,-1,-1,1,-1,-1,-1,1,-1,1,1,1,1,1,-1,1,-1,-1,-1,-1,1,1,1,-1,-1,-1,1,1,1,1,-1,1,1,-1,-1,-1,-1,1,1,1,-1,1,-1,-1,1,1,-1,1,-1,1,-1,-1,1,-1,1,-1,-1,-1,-1,1,1,1,1,-1,-1,1,1,-1,-1,-1,-1,1,-1,-1,1,-1,-1,-1,1,1,1,1,1,-1,1,-1,1,1,-1,1,-1,1,-1,-1,-1,1,1,-1,-1,-1,-1,1,-1,-1,1,1,-1,-1,-1,-1,-1,1,-1,1,1,1,-1,1,1,-1,1,-1,-1,1,-1,-1,-1,-1,-1,1,-1,1,-1,1,1,1,1,-1,-1,1,-1,-1,1,-1,-1,-1,-1,-1,1,1,-1,-1,1,-1,1,1,1,1,1,-1,1,1,1,-1,-1,-297.9116041306442,1
1368,1,1,-1,-1,1,-1,1,1,-1,-1,-1,-1,-1,1,-1,-1,1,-1,1,-1,-1,1,1,-1,-1,-1,1,-1,-1,1,1,1,1,-1,-1,1,-1,-1,1,1,1,1,1,1,-1,1,1,-1,1,1,1,1,-1,1,1,-1,-1,-1,1,-1,1,1,-1,1,1,-1,1,-1,-1,1,-1,1,1,1,1,-1,-1,-1,1,1,-1,-1,1,-1,-1,-1,-1,-1,1,-1,1,-1,-1,-1,-1,-1,1,-1,1,-1,1,-1,-1,1,-1,1,-1,-1,-1,-1,1,1,1,1,1,1,1,1,-1,-1,1,-1,1,-1,-1,1,1,-1,-1,1,1,1,1,1,-1,1,-1,1,1,-1,1,1,1,-1,1,1,1,1,-1,-1,-1,-1,1,-1,-1,1,1,-1,-1,-1,-1,-1,1,-1,1,1,1,-1,1,1,-1,1,-1,-1,1,1,-1,1,1,1,1,-1,1,1,1,1,-1,-1,-1,1,-1,1,-1,-1,1,-1,-1,-1,-1,1,1,1,-1,-1,1,1,-1,1,1,-1,-1,-1,-1,-1,1,1,-297.9047079994916,1
1369,1,-1,1,-1,-1,1,-1,-1,1,-1,1,1,1,1,1,1,-1,1,-1,1,1,1,1,1,1,1,-1,-1,1,-1,1,-1,-1,-1,1,-1,-1,1,-1,1,-1,-1,-1,-1,1,-1,-1,1,1,-1,-1,1,-1,-1,-1,1,1,1,-1,1,-1,-1,1,-1,-1,1,1,1,1,1,1,-1,-1,-1,-1,1,1,1,-1,-1,1,1,-1,1,1,1,1,1,-1,1,-1,1,1,1,1,1,-1,1,-1,1,-1,1,1,-1,1,-1,1,1,-1,1,-1,1,-1,-1,1,1,-1,1,1,1,1,1,-1,1,-1,-1,1,1,1,-1,-1,-1,-1,-1,1,-1,1,-1,-1,1,-1,1,-1,1,1,1,-1,-1,1,1,1,1,-1,1,1,-1,-1,1,1,1,1,1,-1,1,-1,-1,-1,1,-1,-1,1,-1,1,1,-1,-1,1,-1,-1,-1,-1,1,-1,-1,-1,1,1,1,1,-1,1,-1,1,1,-1,1,1,1,1,-1,-1,-1,1,1,-1,-1,1,-1,-1,1,1,1,1,1,-1,-1,-297.90061278738835,1
1370,1,1,-1,-1,1,-1,-1,1,-1,-1,-1,-1,-1,1,-1,-1,1,1,1,-1,1,1,1,-1,-1,-1,-1,-1,-1,1,1,1,1,-1,1,-1,-1,-1,-1,1,1,-1,-1,1,1,-1,-1,-1,1,-1,-1,1,-1,-1,-1,-1,-1,1,1,-1,-1,-1,1,-1,1,-1,-1,-1,-1,1,-1,1,-1,1,-1,1,-1,1,-1,1,1,-1,1,1,1,-1,-1,-1,1,1,1,-1,1,1,-1,1,1,1,1,-1,-1,-1,1,1,-1,1,1,-1,-1,1,1,1,-1,1,1,1,-1,1,1,-1,1,1,1,-1,-1,1,1,1,1,-1,-1,-1,1,-1,1,1,1,-1,-1,1,-1,1,-1,1,1,1,1,-1,-1,-1,1,-1,1,-1,-1,-1,1,-1,-1,-1,-1,-1,1,-1,1,1,1,-1,1,1,-1,1,-1,-1,1,1,-1,-1,-1,-1,1,-1,1,-1,1,1,1,1,-1,-1,1,-1,-1,1,-1,-1,-1,-1,-1,1,-1,-1,-1,1,1,1,1,-1,1,1,-1,1,1,-1,-1,1,-297.9002508316111,1
1371,-1,1,-1,1,1,-1,1,1,-1,1,-1,-1,-1,-1,-1,-1,1,-1,1,-1,-1,-1,-1,-1,-1,-1,1,1,-1,1,-1,1,1,1,-1,1,1,-1,1,-1,1,1,1,1,-1,1,1,-1,-1,1,1,-1,1,1,1,-1,-1,-1,1,-1,1,1,-1,1,1,-1,-1,-1,-1,-1,-1,1,1,1,1,-1,-1,-1,1,1,-1,-1,1,-1,-1,-1,-1,-1,1,-1,1,-1,-1,-1,-1,-1,1,-1,1,-1,1,-1,-1,1,-1,1,-1,-1,1,-1,1,-1,-1,1,-1,-1,1,-1,-1,-1,-1,-1,1,-1,1,1,-1,-1,-1,1,1,1,1,1,-1,1,-1,1,1,-1,1,-1,1,-1,-1,-1,1,1,-1,-1,-1,-1,1,-1,-1,1,1,-1,-1,-1,-1,-1,1,-1,1,1,1,-1,1,-1,-1,1,-1,-1,1,1,-1,1,1,1,1,-1,1,1,1,1,-1,-1,-1,1,-1,1,-1,-1,1,-1,-1,-1,-1,1,1,1,-1,-1,1,1,-1,1,1,-1,-1,-1,-1,-1,1,-1,-297.89693008244495,1
1372,-1,1,-1,1,1,-1,1,1,-1,1,-1,-1,-1,-1,-1,-1,1,-1,1,-1,-1,-1,-1,-1,-1,-1,1,1,-1,1,-1,1,1,1,-1,1,1,-1,1,-1,1,1,1,1,-1,1,1,-1,-1,1,1,-1,1,1,1,-1,-1,-1,1,-1,1,1,-1,1,1,-1,-1,-1,-1,-1,-1,1,1,1,1,-1,-1,-1,-1,1,-1,1,1,-1,1,-1,-1,1,1,-1,1,-1,-1,-1,-1,-1,1,1,1,-1,-1,-1,-1,1,-1,-1,1,-1,1,-1,1,-1,-1,1,-1,-1,1,-1,1,1,-1,-1,1,-1,1,1,-1,-1,1,1,1,-1,1,1,-1,1,-1,1,1,-1,1,-1,1,1,-1,-1,1,1,-1,-1,-1,-1,1,-1,-1,-1,1,-1,-1,-1,-1,-1,1,-1,1,1,1,-1,1,1,-1,1,-1,-1,1,1,-1,1,1,1,1,-1,1,1,1,1,-1,-1,-1,1,-1,1,-1,-1,1,-1,-1,-1,-1,1,1,1,-1,-1,1,1,-1,1,1,-1,-1,-1,-1,-1,1,1,-297.895082702153,1
1373,-1,-1,-1,1,-1,1,1,-1,1,1,1,1,1,-1,-1,1,-1,1,-1,1,1,-1,-1,-1,1,1,1,1,1,-1,-1,-1,-1,1,-1,-1,1,1,-1,-1,-1,1,1,1,1,1,-1,-1,-1,1,1,-1,1,1,1,-1,-1,-1,1,-1,1,1,-1,1,1,-1,-1,-1,-1,-1,-1,1,1,1,1,-1,-1,-1,1,1,1,-1,1,-1,-1,-1,1,-1,1,-1,1,-1,-1,-1,-1,-1,1,-1,1,-1,1,1,-1,1,-1,1,-1,1,1,-1,-1,-1,-1,1,-1,-1,1,-1,-1,-1,-1,-1,1,1,1,1,-1,-1,-1,1,1,1,-1,1,-1,-1,-1,1,1,-1,1,-1,1,-1,-1,-1,1,1,-1,-1,-1,-1,1,1,-1,1,-1,-1,-1,1,1,1,-1,-1,1,-1,1,-1,-1,-1,-1,-1,-1,-1,-1,1,-1,-1,-1,-1,1,-1,1,-1,1,-1,-1,-1,1,-1,1,1,1,-1,1,-1,-1,1,-1,1,1,-1,-1,-1,-1,1,-1,1,1,-1,-1,1,-1,1,-1,1,-297.88214314365626,1
1374,-1,-1,1,1,-1,1,1,-1,1,1,1,1,1,-1,-1,1,-1,1,-1,1,1,-1,-1,-1,1,1,1,1,1,-1,-1,-1,-1,1,-1,-1,1,1,-1,-1,-1,-1,1,1,-1,1,-1,-1,-1,1,1,-1,1,1,1,-1,-1,-1,1,-1,1,1,-1,1,1,-1,-1,-1,-1,-1,-1,1,1,1,1,-1,-1,-1,1,1,-1,-1,1,1,1,-1,-1,1,1,-1,1,1,-1,-1,1,-1,1,1,1,-1,-1,-1,-1,1,-1,-1,1,-1,1,-1,1,-1,-1,1,-1,-1,1,-1,1,1,-1,-1,1,1,1,1,-1,-1,1,1,1,-1,-1,1,-1,-1,-1,1,1,-1,1,-1,1,-1,-1,-1,-1,1,-1,1,-1,-1,-1,1,-1,-1,-1,-1,-1,1,1,1,-1,-1,1,-1,1,-1,-1,-1,-1,-1,-1,-1,-1,1,-1,-1,-1,-1,1,-1,1,-1,1,1,1,-1,-1,1,-1,1,1,-1,1,-1,-1,-1,-1,1,1,-1,-1,-1,-1,-1,-1,1,1,-1,1,1,-1,1,-1,1,-297.88006140945583,1
1375,1,-1,1,-1,-1,-1,-1,-1,-1,-1,1,-1,1,1,1,1,1,-1,-1,1,1,1,1,1,1,1,-1,-1,1,-1,-1,-1,1,1,1,-1,1,1,-1,1,-1,-1,-1,-1,-1,-1,-1,1,-1,-1,-1,-1,-1,-1,-1,1,1,1,-1,1,-1,-1,1,-1,-1,1,-1,1,1,1,1,-1,-1,-1,-1,1,1,1,-1,-1,1,1,-1,1,1,1,1,1,-1,1,-1,1,1,1,1,1,-1,1,-1,1,-1,1,1,-1,1,-1,1,1,1,1,-1,-1,-1,-1,1,1,-1,-1,1,1,1,1,-1,1,1,-1,1,1,1,-1,-1,-1,-1,-1,1,-1,1,-1,-1,-1,-1,1,-1,1,1,1,-1,-1,1,1,1,1,-1,1,1,-1,-1,1,1,1,1,1,-1,1,-1,1,-1,1,-1,-1,1,-1,1,1,-1,-1,1,-1,-1,-1,-1,1,-1,1,-1,-1,1,1,1,-1,1,-1,-1,1,-1,1,1,1,1,-1,-1,1,1,1,-1,-1,1,-1,-1,1,1,1,1,-1,1,-1,-297.86319412639267,1
1376,1,1,-1,-1,1,-1,1,1,-1,-1,-1,-1,-1,1,1,-1,1,-1,1,-1,-1,1,1,-1,-1,-1,-1,-1,-1,1,1,1,1,-1,-1,1,-1,-1,1,1,1,1,-1,1,-1,-1,1,-1,1,1,1,1,-1,1,1,-1,-1,-1,1,-1,1,1,-1,1,1,-1,1,-1,-1,-1,-1,1,1,1,1,1,-1,-1,-1,1,-1,1,1,-1,-1,-1,-1,1,1,-1,1,-1,-1,-1,-1,-1,-1,-1,1,1,1,-1,-1,1,-1,-1,1,-1,-1,-1,1,1,1,-1,1,-1,1,1,-1,1,1,1,-1,-1,-1,-1,1,-1,1,-1,-1,1,1,1,-1,1,-1,1,1,-1,1,1,1,1,1,1,1,1,-1,-1,-1,-1,1,-1,-1,-1,1,-1,-1,-1,-1,-1,1,-1,1,1,1,-1,1,1,-1,1,-1,-1,1,1,-1,1,1,1,1,-1,1,-1,1,1,-1,-1,-1,1,-1,1,-1,-1,1,1,-1,-1,-1,1,1,1,-1,-1,1,1,-1,-1,1,-1,-1,-1,-1,-1,1,1,-297.84938923172143,1
1377,-1,-1,1,1,-1,1,1,-1,1,1,1,1,1,-1,-1,1,-1,1,-1,1,1,-1,-1,-1,1,1,1,1,1,-1,-1,-1,-1,1,-1,1,1,1,1,-1,-1,1,1,1,1,1,-1,-1,-1,1,1,-1,1,1,1,-1,-1,-1,1,-1,1,1,-1,1,1,-1,-1,-1,-1,-1,-1,1,1,1,1,-1,-1,-1,1,1,-1,-1,1,-1,1,-1,-1,1,1,-1,1,1,-1,-1,1,-1,1,1,1,-1,-1,-1,-1,1,-1,-1,1,-1,1,-1,1,-1,-1,1,-1,-1,1,-1,1,1,-1,-1,1,1,1,1,-1,-1,1,1,1,-1,-1,1,-1,-1,-1,1,1,-1,1,-1,1,-1,-1,-1,-1,1,-1,1,-1,-1,-1,1,-1,-1,1,-1,-1,1,1,1,-1,-1,1,-1,1,-1,-1,-1,-1,-1,-1,-1,-1,1,-1,-1,-1,-1,1,-1,1,-1,1,1,-1,-1,-1,1,-1,1,1,-1,1,-1,-1,-1,-1,1,1,-1,-1,-1,-1,1,-1,1,1,-1,1,-1,-1,1,-1,1,-297.8476242915787,1
1378,1,1,-1,-1,1,-1,-1,1,-1,-1,-1,-1,-1,1,1,-1,1,-1,1,-1,-1,1,1,-1,-1,-1,-1,-1,-1,1,1,1,1,-1,-1,1,-1,-1,1,1,1,1,-1,1,-1,-1,1,-1,1,1,1,1,-1,1,1,-1,-1,-1,1,-1,1,1,-1,1,1,-1,1,-1,-1,-1,-1,1,1,1,1,1,-1,-1,-1,1,-1,1,1,-1,-1,-1,-1,1,1,-1,1,-1,-1,-1,-1,-1,-1,-1,1,1,1,-1,-1,1,-1,-1,1,-1,-1,-1,-1,1,1,-1,1,-1,1,1,-1,1,1,1,-1,-1,-1,-1,1,-1,1,-1,-1,1,1,1,-1,1,-1,1,-1,-1,1,1,1,1,1,1,1,1,-1,-1,-1,-1,1,-1,-1,-1,1,-1,-1,-1,-1,-1,1,-1,1,1,1,-1,1,1,-1,1,-1,-1,1,1,-1,1,1,1,1,-1,1,-1,1,1,-1,-1,-1,1,-1,1,-1,-1,1,1,-1,-1,-1,1,1,1,-1,-1,1,1,-1,-1,1,-1,-1,-1,-1,-1,1,-1,-297.84087662685863,1
1379,1,1,-1,1,1,-1,1,1,-1,-1,-1,-1,-1,1,1,-1,1,-1,1,-1,-1,1,1,-1,-1,-1,-1,-1,-1,1,1,1,1,-1,-1,1,-1,-1,1,1,1,1,-1,1,-1,1,1,-1,1,1,1,1,-1,1,1,-1,-1,-1,1,-1,1,1,-1,1,1,-1,1,-1,-1,1,-1,1,1,1,1,-1,-1,-1,1,1,-1,-1,1,-1,-1,-1,-1,-1,1,-1,1,-1,-1,-1,-1,-1,1,-1,1,-1,1,-1,-1,1,-1,1,-1,-1,-1,-1,1,1,1,1,1,1,1,1,-1,-1,1,-1,1,-1,-1,1,1,-1,-1,1,1,1,1,1,-1,1,-1,1,1,-1,1,1,1,-1,1,1,1,1,-1,-1,-1,-1,1,-1,-1,1,1,-1,-1,-1,-1,-1,1,-1,1,1,1,-1,1,1,-1,1,-1,-1,1,1,-1,1,1,1,1,-1,1,-1,1,1,-1,-1,-1,1,-1,1,-1,-1,1,1,-1,-1,-1,1,1,1,-1,-1,1,1,-1,-1,1,-1,-1,-1,-1,-1,1,-1,-297.8211545926154,1
1380,-1,1,-1,1,1,-1,1,1,-1,1,-1,-1,-1,-1,-1,-1,1,-1,1,-1,-1,-1,-1,-1,-1,-1,1,1,-1,1,-1,1,1,1,-1,1,-1,-1,1,-1,1,1,1,1,-1,1,1,-1,-1,1,1,-1,1,1,1,-1,-1,-1,1,-1,1,1,-1,1,1,-1,-1,-1,-1,-1,-1,1,1,1,1,-1,-1,-1,1,1,-1,-1,1,-1,1,-1,-1,1,1,-1,1,-1,-1,-1,-1,-1,1,1,1,-1,-1,-1,-1,1,-1,-1,1,-1,1,-1,1,-1,-1,1,-1,-1,1,-1,1,1,-1,-1,1,-1,1,1,-1,-1,1,1,1,-1,1,1,-1,1,-1,1,1,1,-1,-1,1,-1,-1,-1,1,1,-1,-1,-1,-1,1,-1,-1,-1,1,-1,-1,-1,-1,-1,1,-1,1,1,1,-1,1,1,-1,1,-1,-1,1,1,-1,1,1,1,1,-1,1,1,1,1,-1,-1,-1,1,-1,1,-1,-1,1,-1,-1,-1,-1,1,1,1,-1,-1,1,1,-1,1,1,-1,-1,-1,-1,-1,1,1,-297.80129199500504,1
1381,-1,1,-1,1,1,-1,1,1,-1,1,-1,-1,-1,-1,-1,-1,1,1,1,-1,-1,-1,-1,-1,-1,-1,-1,1,-1,1,-1,1,1,1,-1,-1,1,1,-1,-1,1,-1,1,1,-1,1,1,-1,-1,1,1,-1,1,1,1,-1,-1,-1,1,-1,1,1,-1,1,1,-1,1,-1,-1,-1,-1,1,1,1,1,-1,-1,-1,-1,1,-1,1,1,-1,-1,-1,-1,1,1,-1,1,-1,-1,-1,-1,-1,-1,-1,1,1,1,-1,-1,1,-1,-1,1,-1,1,-1,-1,-1,1,-1,-1,-1,1,-1,-1,1,-1,-1,-1,-1,1,-1,-1,-1,1,1,1,1,1,1,-1,1,-1,1,1,-1,1,-1,1,1,-1,-1,1,1,-1,-1,-1,-1,1,-1,-1,-1,1,-1,-1,-1,-1,-1,1,-1,1,1,1,-1,1,-1,-1,1,-1,-1,1,1,-1,1,1,1,1,-1,1,-1,1,-1,1,-1,-1,1,-1,1,-1,-1,1,-1,-1,-1,-1,1,1,-1,-1,-1,1,-1,-1,1,1,-1,-1,1,-1,-1,1,1,-297.7880266536651,1
1382,1,1,-1,-1,1,1,-1,1,-1,-1,-1,1,-1,1,-1,-1,1,1,1,-1,1,1,1,-1,-1,-1,-1,-1,-1,1,1,1,1,-1,1,-1,-1,-1,-1,1,1,-1,-1,1,1,-1,-1,-1,1,-1,-1,1,-1,-1,-1,-1,-1,1,1,-1,-1,-1,1,-1,1,-1,-1,-1,-1,1,-1,1,-1,1,-1,1,-1,1,-1,1,1,-1,1,1,1,1,-1,1,-1,1,-1,-1,1,1,-1,1,-1,1,1,1,-1,-1,-1,1,-1,1,1,-1,-1,1,-1,1,-1,-1,1,1,-1,1,1,-1,1,1,-1,-1,-1,-1,1,1,1,-1,-1,-1,1,-1,1,1,1,-1,-1,1,-1,1,-1,1,1,1,1,-1,-1,-1,1,-1,1,-1,-1,-1,1,-1,-1,-1,-1,-1,1,-1,1,1,1,-1,1,1,1,1,-1,-1,1,1,-1,-1,-1,-1,1,-1,1,-1,1,1,1,1,-1,-1,1,-1,-1,1,-1,-1,-1,-1,-1,1,1,-1,-1,1,-1,1,1,1,1,1,-1,1,1,1,-1,-1,-297.7842610128389,1
1383,-1,1,1,1,1,-1,1,1,-1,1,-1,-1,-1,1,1,-1,1,-1,1,-1,1,-1,-1,-1,-1,-1,-1,1,-1,1,1,1,1,-1,-1,1,-1,-1,1,-1,1,1,1,1,-1,1,1,-1,1,1,1,1,1,1,1,-1,-1,-1,1,-1,1,1,-1,1,1,-1,1,-1,-1,-1,-1,1,1,1,1,-1,-1,-1,-1,1,-1,1,1,-1,-1,-1,-1,1,1,-1,1,-1,-1,-1,-1,-1,-1,-1,1,1,1,-1,-1,1,-1,-1,1,-1,-1,-1,-1,1,1,-1,-1,-1,1,1,-1,1,-1,-1,-1,-1,-1,-1,-1,-1,1,1,1,-1,1,1,-1,1,-1,1,1,1,1,-1,1,1,-1,-1,1,1,-1,-1,-1,-1,1,-1,-1,-1,1,-1,-1,-1,-1,-1,1,-1,1,1,1,-1,1,1,-1,1,-1,-1,1,1,-1,1,1,1,1,-1,1,-1,1,1,1,-1,-1,1,-1,1,1,-1,1,1,-1,-1,-1,1,1,1,-1,-1,1,1,-1,-1,1,-1,1,-1,-1,-1,1,1,-297.7635336524362,1
1384,1,-1,1,-1,-1,-1,-1,-1,-1,-1,1,-1,-1,-1,-1,1,-1,-1,-1,1,-1,1,1,1,1,1,1,-1,1,-1,-1,-1,-1,1,1,-1,1,1,-1,-1,-1,-1,-1,-1,1,-1,-1,1,-1,-1,-1,-1,-1,-1,-1,1,1,1,-1,1,-1,-1,1,-1,-1,1,-1,1,1,1,1,-1,-1,-1,-1,1,1,1,-1,-1,1,1,-1,1,1,1,1,1,-1,1,-1,1,1,1,1,1,-1,1,-1,1,-1,1,1,-1,1,-1,1,1,1,1,-1,-1,-1,-1,1,1,-1,-1,1,1,1,1,-1,1,1,-1,1,1,1,-1,-1,-1,-1,-1,1,-1,1,-1,-1,1,-1,1,-1,1,1,1,-1,-1,1,1,1,1,-1,1,1,-1,-1,1,1,1,1,1,-1,1,-1,-1,-1,1,-1,-1,1,-1,1,1,-1,-1,1,-1,-1,-1,-1,1,-1,1,-1,-1,-1,1,1,-1,1,-1,-1,1,-1,-1,1,1,1,-1,-1,1,1,1,1,-1,1,-1,-1,1,-1,1,1,-1,-1,-1,-297.74549641885267,1
1385,-1,1,-1,1,1,-1,1,1,-1,1,-1,-1,-1,-1,-1,-1,1,1,1,-1,-1,-1,-1,-1,1,-1,1,1,-1,1,-1,1,1,1,-1,1,1,-1,1,-1,1,1,1,1,-1,1,1,-1,-1,1,1,-1,1,1,1,-1,-1,-1,1,-1,1,1,-1,1,1,-1,-1,-1,-1,-1,-1,1,1,1,1,-1,-1,-1,1,1,-1,-1,1,-1,-1,-1,-1,-1,1,-1,1,-1,-1,-1,-1,-1,1,-1,1,-1,1,-1,-1,1,-1,1,-1,-1,1,-1,1,-1,-1,1,-1,-1,1,-1,-1,-1,-1,-1,1,1,1,1,-1,-1,-1,1,1,1,1,1,-1,1,-1,1,1,-1,1,-1,1,-1,-1,-1,1,1,-1,-1,-1,-1,1,-1,-1,1,1,-1,-1,-1,-1,-1,1,-1,1,1,1,-1,1,-1,-1,1,-1,-1,1,1,-1,1,1,1,1,-1,1,1,1,1,-1,-1,-1,1,-1,1,-1,-1,1,-1,-1,-1,-1,1,1,1,-1,-1,1,1,-1,1,1,-1,-1,-1,-1,-1,1,1,-297.74250304818537,1
1386,1,1,-1,-1,1,-1,-1,1,-1,-1,-1,-1,-1,1,1,-1,1,-1,1,-1,1,1,1,-1,-1,-1,-1,-1,-1,1,1,1,1,-1,-1,1,-1,-1,1,1,1,1,-1,1,-1,-1,1,-1,1,1,1,1,-1,1,1,-1,-1,-1,1,-1,1,1,-1,1,1,-1,1,1,-1,-1,1,1,-1,1,1,1,-1,-1,1,1,-1,-1,1,-1,1,-1,1,-1,1,-1,1,-1,-1,1,-1,-1,1,1,1,-1,-1,-1,-1,1,-1,1,1,-1,-1,-1,1,1,-1,1,1,-1,-1,1,-1,-1,1,1,1,-1,-1,1,1,-1,1,-1,-1,-1,1,1,1,1,-1,-1,-1,1,-1,1,1,-1,1,1,1,1,-1,-1,-1,-1,1,-1,-1,-1,1,-1,-1,-1,-1,-1,1,-1,1,1,1,-1,1,1,-1,1,-1,-1,1,1,-1,1,1,1,1,-1,1,-1,1,1,1,-1,-1,1,-1,1,1,-1,1,1,-1,-1,-1,1,1,1,-1,-1,1,1,-1,-1,1,-1,-1,-1,-1,-1,1,1,-297.73689012631974,1
1387,1,1,-1,-1,1,1,1,1,1,1,-1,1,-1,1,1,-1,1,1,1,-1,1,-1,-1,-1,-1,-1,-1,1,-1,1,-1,1,1,1,-1,1,1,1,-1,-1,1,-1,1,1,-1,1,1,-1,-1,1,1,-1,1,1,1,-1,-1,-1,1,-1,1,1,-1,1,1,-1,-1,-1,-1,-1,-1,1,1,1,1,-1,-1,-1,-1,1,-1,1,1,-1,-1,-1,-1,1,1,-1,1,-1,-1,-1,-1,-1,-1,-1,1,1,1,-1,-1,1,-1,-1,1,-1,1,-1,-1,-1,1,-1,-1,-1,1,-1,-1,1,-1,-1,-1,-1,1,-1,-1,-1,1,1,1,-1,1,1,-1,1,-1,1,1,-1,1,1,1,1,-1,-1,1,1,-1,-1,-1,-1,1,-1,-1,-1,1,-1,-1,-1,-1,-1,1,-1,1,1,1,-1,1,-1,-1,1,-1,-1,1,1,-1,1,1,1,1,-1,1,-1,1,1,1,-1,-1,1,-1,1,1,-1,1,1,-1,-1,-1,1,1,-1,-1,-1,-1,-1,-1,1,1,-1,-1,1,-1,1,-1,-1,-297.6475214313812,1
1388,1,1,1,-1,1,-1,-1,1,-1,-1,-1,-1,-1,1,1,-1,1,-1,1,-1,-1,1,1,1,-1,-1,-1,-1,-1,1,1,1,1,-1,1,1,-1,-1,1,1,1,-1,-1,-1,-1,-1,1,1,1,-1,-1,1,-1,-1,-1,1,1,1,-1,1,-1,-1,1,-1,-1,1,1,1,1,1,1,-1,-1,-1,-1,1,1,1,-1,-1,-1,1,-1,1,1,1,-1,-1,-1,1,-1,1,1,1,1,1,-1,1,-1,1,-1,-1,1,-1,1,-1,1,-1,-1,1,1,1,-1,-1,1,1,-1,1,1,1,1,1,-1,-1,-1,-1,1,1,1,-1,-1,-1,1,-1,1,1,1,-1,-1,1,-1,1,-1,1,1,1,-1,-1,1,1,1,1,-1,-1,1,-1,1,1,1,-1,-1,1,1,1,-1,1,-1,1,1,1,1,1,1,1,1,-1,1,1,1,1,-1,1,-1,1,-1,1,1,1,-1,1,-1,-1,-1,1,-1,1,1,-1,1,-1,-1,1,1,1,-1,-1,1,-1,-1,1,1,-1,1,-1,1,-1,-297.64704209199635,1
1389,-1,1,-1,1,1,-1,1,1,-1,1,-1,-1,-1,-1,-1,-1,1,-1,1,-1,-1,-1,-1,-1,-1,-1,1,1,-1,1,1,1,1,-1,-1,-1,-1,-1,1,-1,1,1,1,1,-1,1,-1,-1,1,1,1,1,1,1,1,-1,-1,-1,1,-1,1,1,-1,1,1,-1,1,-1,-1,-1,-1,1,1,1,1,-1,-1,-1,1,1,-1,-1,1,-1,-1,-1,-1,1,1,-1,-1,1,-1,-1,1,-1,-1,-1,1,1,1,-1,-1,1,-1,-1,1,-1,-1,-1,-1,1,1,-1,-1,-1,1,1,-1,1,-1,-1,-1,-1,-1,-1,-1,-1,-1,1,1,1,1,1,-1,1,-1,1,1,1,1,-1,1,-1,-1,-1,-1,1,-1,1,-1,-1,1,-1,-1,-1,1,-1,-1,-1,1,1,1,-1,1,1,1,-1,1,-1,-1,1,-1,-1,1,1,-1,1,-1,-1,1,-1,1,-1,1,1,-1,-1,-1,1,-1,1,-1,-1,1,-1,-1,-1,-1,1,1,1,-1,-1,1,1,-1,1,1,-1,-1,-1,-1,-1,1,1,-297.64654492005303,1
1390,-1,1,-1,1,1,-1,1,1,-1,1,-1,-1,-1,-1,-1,-1,1,-1,1,-1,-1,-1,-1,-1,-1,-1,1,1,-1,1,1,1,1,-1,-1,1,-1,-1,1,1,1,1,1,1,-1,1,1,-1,1,1,1,1,1,1,1,-1,-1,-1,1,-1,1,1,-1,1,1,-1,1,-1,-1,-1,-1,1,1,1,1,-1,-1,-1,1,1,-1,-1,1,1,-1,-1,-1,-1,1,-1,1,-1,-1,-1,-1,-1,1,-1,1,-1,1,-1,-1,1,-1,1,-1,-1,-1,-1,1,1,1,1,-1,-1,1,1,-1,-1,-1,-1,1,-1,-1,1,-1,-1,-1,1,1,1,1,1,-1,1,-1,1,1,-1,1,-1,1,-1,-1,-1,1,1,-1,-1,-1,-1,1,-1,-1,1,1,-1,-1,-1,-1,-1,1,-1,1,1,1,-1,1,1,-1,1,-1,-1,1,1,-1,1,1,1,1,-1,1,1,1,1,-1,-1,-1,1,-1,1,-1,-1,1,-1,-1,-1,-1,1,1,1,-1,-1,1,1,-1,1,1,-1,-1,-1,-1,-1,1,-1,-297.6410599226646,1
1391,1,-1,1,-1,-1,1,-1,-1,1,-1,1,1,1,1,1,1,-1,-1,-1,1,-1,1,1,1,1,1,1,-1,1,-1,-1,-1,-1,1,1,1,1,1,1,1,-1,1,-1,-1,1,-1,-1,1,-1,-1,-1,-1,-1,-1,-1,1,1,1,-1,1,-1,-1,1,-1,-1,1,-1,1,1,1,1,-1,-1,-1,-1,1,1,1,-1,-1,1,1,-1,1,1,1,-1,1,-1,1,-1,1,1,-1,1,1,-1,1,-1,1,-1,-1,1,-1,1,-1,1,-1,1,1,-1,-1,-1,-1,1,1,1,-1,1,1,1,1,-1,1,1,-1,1,1,1,-1,-1,-1,-1,-1,1,-1,1,-1,-1,-1,-1,1,-1,1,1,1,-1,-1,1,1,1,1,-1,1,1,-1,-1,1,1,1,1,1,-1,1,-1,-1,-1,1,-1,1,1,-1,1,1,-1,-1,1,1,1,1,-1,1,-1,1,-1,1,-1,1,-1,-1,1,-1,1,1,-1,1,1,-1,1,-1,-1,1,1,1,-1,1,1,-1,-1,1,1,-1,1,1,-1,-1,-297.6342697056167,1
1392,-1,-1,1,-1,-1,1,-1,-1,1,-1,1,1,1,1,1,1,1,-1,-1,1,1,1,1,1,1,1,-1,-1,1,-1,-1,1,1,1,1,-1,1,1,-1,-1,-1,-1,-1,-1,1,-1,-1,1,-1,-1,-1,-1,-1,-1,-1,1,1,1,-1,1,-1,-1,1,-1,-1,1,-1,1,1,1,1,-1,-1,-1,-1,1,1,1,1,-1,1,-1,-1,1,1,1,1,-1,-1,1,-1,1,1,1,1,1,1,1,-1,-1,-1,1,1,-1,1,1,-1,1,1,1,1,-1,-1,1,1,1,-1,-1,1,-1,1,1,1,1,1,1,1,1,-1,-1,-1,-1,-1,-1,1,-1,1,-1,-1,1,-1,1,-1,-1,1,1,-1,-1,1,-1,1,1,-1,1,1,1,-1,1,1,1,1,1,-1,1,-1,1,-1,1,-1,-1,1,-1,1,1,-1,-1,1,-1,-1,-1,-1,1,-1,1,-1,-1,1,1,1,-1,1,-1,1,1,-1,1,1,1,1,-1,-1,-1,1,1,-1,-1,1,-1,-1,1,1,1,1,1,-1,1,-297.6298028064459,1
1393,1,-1,1,-1,-1,-1,-1,-1,-1,-1,1,-1,-1,-1,-1,1,-1,-1,-1,1,-1,1,1,1,1,1,1,-1,1,-1,-1,-1,-1,1,1,-1,1,1,-1,1,-1,-1,-1,-1,1,-1,-1,1,-1,-1,-1,-1,-1,-1,-1,1,1,1,-1,1,-1,-1,1,-1,-1,1,-1,1,1,1,1,-1,-1,-1,-1,1,1,1,-1,-1,1,1,-1,1,1,1,1,1,-1,1,-1,1,1,1,1,1,-1,1,-1,1,-1,1,1,-1,1,-1,1,1,1,1,-1,-1,-1,-1,1,1,-1,-1,1,1,1,1,-1,1,1,-1,1,1,1,-1,-1,-1,-1,-1,1,-1,1,-1,-1,-1,-1,1,-1,1,1,1,-1,-1,1,1,1,1,-1,1,1,-1,-1,1,1,1,1,1,-1,1,-1,-1,-1,1,-1,-1,1,-1,1,1,-1,-1,1,-1,-1,-1,-1,1,-1,1,-1,1,-1,1,1,-1,1,-1,-1,1,-1,-1,1,1,1,-1,-1,1,1,1,1,-1,1,-1,-1,1,1,1,1,-1,-1,-1,-297.62633102866545,1
1394,-1,1,-1,1,1,-1,1,1,-1,1,-1,-1,-1,-1,-1,-1,1,1,1,-1,-1,-1,-1,-1,-1,-1,1,1,-1,1,1,1,1,-1,-1,1,-1,-1,1,-1,1,1,1,1,-1,1,1,-1,1,1,1,1,1,1,1,-1,-1,-1,1,-1,1,1,-1,1,1,-1,1,-1,-1,-1,-1,1,1,1,1,-1,-1,-1,1,1,-1,-1,1,-1,-1,-1,-1,-1,1,-1,1,-1,-1,-1,-1,-1,1,-1,1,1,1,-1,-1,1,-1,1,-1,-1,-1,-1,-1,1,1,-1,-1,-1,1,1,-1,-1,-1,-1,1,-1,-1,1,-1,-1,-1,1,1,1,1,1,-1,1,-1,1,1,1,1,-1,1,-1,-1,-1,1,1,-1,-1,-1,-1,1,-1,-1,1,1,-1,-1,-1,-1,-1,1,-1,1,1,1,-1,1,1,-1,1,-1,-1,1,1,-1,1,1,1,1,-1,1,1,1,1,-1,-1,-1,1,-1,1,-1,-1,1,-1,-1,-1,-1,1,1,1,-1,-1,1,1,-1,1,1,-1,-1,-1,-1,-1,1,1,-297.6253710496207,1
1395,-1,1,-1,1,1,-1,1,1,-1,1,-1,-1,-1,-1,-1,-1,1,1,1,-1,-1,-1,-1,-1,-1,-1,1,1,-1,1,1,1,1,-1,-1,-1,-1,-1,-1,1,1,-1,1,1,-1,1,1,-1,1,1,1,1,1,1,1,-1,-1,-1,1,-1,1,1,-1,1,1,-1,1,-1,-1,-1,-1,1,1,1,1,-1,-1,-1,1,1,-1,-1,1,-1,-1,-1,-1,1,1,-1,1,-1,-1,1,-1,-1,-1,-1,1,1,1,-1,-1,1,-1,1,-1,-1,-1,-1,-1,1,1,-1,-1,-1,-1,1,-1,-1,-1,-1,1,-1,-1,-1,-1,-1,-1,1,1,1,1,1,-1,1,-1,1,1,-1,1,-1,1,-1,-1,-1,1,1,-1,-1,-1,-1,1,-1,-1,1,1,-1,-1,-1,-1,-1,1,-1,1,1,1,-1,1,-1,-1,1,-1,-1,1,1,-1,1,-1,-1,1,-1,1,-1,1,1,1,-1,-1,1,-1,1,-1,-1,1,-1,-1,-1,-1,1,1,-1,-1,-1,1,-1,-1,1,1,-1,-1,1,-1,-1,1,1,-297.6239974504798,1
1396,-1,1,-1,1,1,-1,1,1,-1,1,-1,-1,1,1,1,1,1,-1,-1,1,-1,-1,-1,-1,1,1,-1,1,1,1,-1,-1,1,1,-1,1,1,1,1,-1,1,1,1,1,-1,1,1,-1,-1,1,1,-1,1,1,1,-1,-1,-1,1,-1,1,1,-1,1,1,-1,-1,-1,-1,-1,-1,1,1,1,1,-1,-1,-1,-1,1,-1,1,1,-1,-1,-1,-1,1,1,-1,1,-1,-1,-1,-1,-1,1,1,1,-1,-1,-1,-1,1,-1,-1,1,-1,1,-1,1,-1,1,1,-1,-1,1,-1,-1,1,-1,-1,1,1,1,-1,-1,-1,1,1,1,-1,-1,1,-1,-1,-1,1,1,-1,1,-1,1,1,-1,-1,1,1,-1,-1,-1,-1,1,1,-1,-1,-1,-1,-1,-1,-1,-1,1,-1,1,1,1,-1,1,-1,-1,1,-1,-1,1,1,-1,1,1,1,1,-1,1,-1,1,1,-1,-1,-1,1,-1,1,-1,-1,1,1,-1,-1,-1,1,1,1,-1,-1,1,1,-1,-1,1,-1,-1,-1,-1,-1,1,1,-297.62225209670146,1
1397,-1,1,-1,1,1,-1,1,1,-1,1,-1,-1,-1,-1,-1,-1,1,-1,1,-1,-1,-1,-1,-1,-1,-1,1,1,-1,1,1,1,1,-1,-1,1,-1,-1,1,-1,1,1,1,1,-1,1,1,-1,1,1,1,1,1,1,1,-1,-1,-1,1,-1,1,1,-1,1,1,-1,1,-1,-1,-1,-1,1,1,1,1,-1,-1,-1,1,1,-1,-1,1,1,-1,-1,-1,1,1,-1,1,-1,-1,-1,-1,-1,1,-1,1,-1,1,-1,-1,1,-1,1,-1,-1,-1,-1,1,1,1,1,-1,-1,1,1,-1,-1,-1,-1,1,-1,-1,1,-1,-1,-1,1,1,1,1,1,-1,1,-1,1,1,1,1,-1,1,-1,-1,-1,1,1,-1,-1,-1,-1,1,-1,-1,1,1,-1,-1,-1,-1,-1,1,-1,1,1,1,-1,1,1,-1,1,-1,-1,1,1,-1,1,1,1,1,-1,1,1,1,1,-1,-1,-1,1,-1,1,-1,-1,1,-1,-1,-1,-1,1,1,1,-1,-1,1,1,-1,1,1,-1,-1,-1,-1,-1,1,-1,-297.5944970498835,1
1398,-1,1,-1,1,1,-1,1,1,-1,1,-1,-1,-1,-1,-1,-1,1,1,1,-1,-1,-1,-1,-1,-1,-1,1,1,-1,1,1,1,1,-1,-1,-1,-1,-1,1,-1,1,1,1,1,-1,1,1,-1,1,1,1,1,1,1,1,-1,-1,-1,1,-1,1,1,-1,1,1,-1,1,1,-1,-1,1,1,1,1,1,-1,-1,-1,1,1,-1,-1,1,-1,1,-1,-1,1,1,1,1,-1,1,1,-1,1,1,1,1,-1,-1,-1,-1,1,-1,1,1,-1,-1,-1,1,1,1,1,-1,-1,-1,1,-1,-1,-1,-1,1,-1,-1,1,-1,-1,1,1,1,-1,1,1,1,1,-1,1,1,1,1,-1,1,-1,-1,-1,1,1,-1,-1,-1,-1,1,-1,-1,-1,1,-1,-1,-1,-1,-1,1,-1,1,1,1,-1,1,-1,-1,1,-1,-1,1,1,-1,1,-1,-1,1,-1,1,1,1,1,-1,-1,-1,1,-1,-1,-1,-1,-1,-1,-1,-1,-1,1,1,1,-1,1,1,1,-1,1,1,-1,-1,-1,-1,-1,1,1,-297.5847596775706,1
1399,-1,1,-1,1,1,-1,1,1,-1,1,-1,-1,-1,-1,-1,-1,1,-1,1,-1,-1,-1,-1,-1,-1,-1,1,1,-1,1,-1,1,1,1,-1,1,-1,-1,1,-1,1,1,1,1,-1,1,1,-1,-1,1,1,-1,1,1,1,-1,-1,-1,1,-1,1,1,-1,1,1,-1,-1,-1,-1,-1,-1,1,1,1,1,-1,-1,-1,-1,1,-1,1,1,-1,1,-1,-1,1,1,-1,1,-1,-1,-1,-1,-1,1,1,1,-1,-1,-1,-1,1,-1,-1,1,-1,1,-1,1,-1,-1,1,-1,-1,1,-1,1,1,-1,-1,1,-1,1,1,-1,-1,1,1,1,-1,1,1,-1,1,-1,1,1,1,1,-1,1,1,-1,-1,1,1,-1,-1,-1,-1,1,-1,-1,-1,1,-1,-1,-1,-1,-1,1,-1,1,1,1,-1,1,1,-1,1,-1,-1,1,1,-1,1,1,1,1,-1,1,1,1,1,-1,-1,-1,1,-1,1,-1,-1,1,-1,-1,-1,-1,1,1,1,-1,-1,1,1,-1,1,1,-1,-1,-1,-1,-1,1,1,-297.5774170024364,1
1400,1,1,-1,-1,1,-1,-1,1,-1,-1,-1,-1,-1,1,1,-1,1,-1,1,-1,1,1,1,-1,-1,-1,-1,-1,-1,1,1,1,1,-1,-1,1,-1,-1,-1,1,1,-1,-1,1,-1,-1,1,-1,1,1,1,1,1,1,1,-1,-1,-1,1,-1,1,1,-1,1,1,-1,1,-1,-1,-1,-1,1,1,1,1,1,-1,-1,-1,1,-1,1,1,-1,-1,-1,-1,1,1,-1,1,-1,-1,-1,-1,-1,-1,-1,1,1,1,-1,-1,1,-1,-1,1,-1,-1,-1,-1,1,1,-1,1,-1,1,1,-1,1,1,1,-1,-1,-1,-1,1,-1,1,-1,-1,-1,1,1,-1,1,-1,1,-1,-1,1,1,-1,1,1,1,1,1,-1,-1,-1,-1,1,-1,-1,-1,1,-1,-1,-1,-1,-1,1,-1,1,1,1,-1,1,1,-1,1,-1,-1,1,1,-1,1,1,1,1,-1,1,-1,1,1,1,-1,-1,1,-1,1,-1,-1,1,1,-1,-1,-1,1,1,-1,-1,-1,1,-1,-1,-1,1,-1,-1,1,-1,-1,1,1,-297.539951926444,1
1401,-1,1,-1,1,1,-1,1,1,-1,1,-1,-1,-1,-1,-1,-1,1,-1,1,-1,-1,-1,-1,-1,-1,-1,1,1,-1,1,1,1,1,-1,-1,1,-1,-1,1,-1,1,1,1,1,-1,1,1,-1,1,1,1,1,1,1,1,-1,-1,-1,1,-1,1,1,-1,1,1,-1,1,-1,-1,-1,-1,1,1,1,1,-1,-1,-1,1,1,-1,-1,1,-1,-1,-1,-1,-1,1,-1,1,-1,-1,-1,-1,-1,1,-1,1,-1,1,-1,-1,1,-1,1,-1,-1,-1,-1,-1,1,1,1,-1,-1,1,1,-1,-1,-1,-1,1,-1,-1,1,-1,-1,-1,1,1,1,1,1,-1,1,-1,1,1,1,1,-1,1,-1,-1,-1,1,1,-1,-1,-1,-1,1,-1,-1,1,1,-1,-1,-1,-1,-1,1,-1,1,1,1,-1,1,1,-1,1,-1,-1,1,1,-1,1,1,1,1,-1,1,1,1,1,-1,-1,-1,1,-1,1,-1,-1,1,-1,-1,-1,-1,1,1,1,-1,-1,1,1,-1,1,1,-1,-1,-1,-1,-1,1,1,-297.5345460980792,1
1402,-1,1,-1,1,1,-1,1,1,-1,1,-1,-1,-1,-1,-1,-1,1,-1,1,-1,-1,-1,-1,-1,-1,-1,1,1,-1,1,1,1,1,-1,-1,-1,-1,-1,1,-1,1,1,1,1,-1,1,1,-1,1,1,1,1,1,1,1,-1,-1,-1,1,-1,1,1,-1,1,1,-1,1,1,-1,-1,1,1,1,1,1,-1,-1,-1,1,1,-1,-1,1,-1,1,-1,-1,1,1,1,1,-1,1,1,-1,1,1,1,1,-1,-1,-1,-1,1,-1,1,1,-1,-1,-1,1,1,1,1,-1,-1,1,1,-1,-1,-1,-1,1,-1,-1,1,-1,-1,1,1,1,-1,1,1,1,1,-1,1,1,1,1,-1,1,-1,-1,-1,1,1,-1,-1,-1,-1,1,-1,-1,-1,1,-1,-1,-1,-1,-1,1,-1,1,1,1,-1,1,-1,-1,1,-1,-1,1,1,-1,1,-1,-1,1,-1,1,1,1,1,-1,-1,-1,1,-1,-1,-1,-1,-1,-1,-1,-1,-1,1,1,1,-1,1,1,1,-1,1,1,-1,-1,-1,-1,-1,1,1,-297.53316409961434,1
1403,-1,1,-1,1,1,-1,1,1,-1,1,-1,-1,-1,-1,-1,-1,1,-1,1,-1,-1,-1,-1,-1,-1,-1,1,1,-1,1,1,1,1,-1,-1,1,-1,-1,1,-1,1,1,1,1,-1,1,1,-1,1,1,1,1,1,1,1,-1,-1,-1,1,-1,1,1,-1,1,1,-1,1,-1,-1,-1,-1,1,1,1,1,-1,-1,-1,1,1,-1,-1,1,-1,-1,-1,-1,-1,1,-1,1,-1,-1,-1,-1,-1,1,-1,1,-1,1,-1,-1,1,-1,1,1,-1,-1,-1,1,1,1,1,-1,-1,1,1,-1,-1,-1,-1,1,-1,-1,1,-1,-1,-1,1,1,1,1,1,-1,1,-1,1,1,1,1,-1,1,-1,-1,-1,1,1,-1,-1,-1,-1,1,-1,-1,-1,1,-1,-1,-1,-1,-1,1,-1,1,1,1,-1,1,1,-1,1,-1,-1,1,1,-1,1,1,1,1,-1,1,1,1,1,-1,-1,-1,1,-1,1,-1,-1,1,-1,-1,-1,-1,1,1,1,-1,-1,1,1,-1,1,1,-1,-1,-1,-1,-1,1,-1,-297.5183496687337,1
1404,1,1,-1,-1,1,-1,-1,1,-1,-1,-1,-1,-1,1,1,-1,1,-1,1,-1,-1,1,1,1,-1,-1,-1,-1,-1,1,1,1,1,-1,1,1,-1,-1,1,1,1,1,-1,-1,-1,-1,1,1,1,-1,-1,1,-1,-1,-1,1,1,1,-1,1,-1,-1,1,-1,-1,1,1,1,1,1,1,-1,-1,-1,-1,1,1,1,1,-1,1,-1,-1,1,1,1,1,-1,-1,-1,-1,1,-1,1,1,-1,1,1,-1,-1,-1,1,1,-1,1,1,1,1,-1,1,1,1,-1,1,1,1,-1,1,1,-1,1,1,1,-1,-1,1,1,1,-1,-1,-1,-1,1,-1,1,1,1,-1,-1,1,-1,1,-1,-1,1,1,-1,-1,1,1,1,1,-1,-1,1,-1,1,1,1,-1,-1,-1,1,1,-1,1,-1,1,1,1,1,1,1,1,1,-1,1,1,1,1,-1,1,-1,1,-1,-1,1,1,1,1,1,1,-1,1,1,1,1,1,1,-1,-1,1,1,-1,1,-1,1,-1,-1,1,-1,-1,1,-1,1,-1,-297.5163941284906,1
1405,-1,1,-1,1,1,-1,1,1,-1,1,-1,-1,-1,-1,-1,-1,-1,1,1,-1,-1,-1,-1,-1,1,-1,1,1,-1,1,-1,1,1,1,-1,1,1,-1,1,-1,1,1,1,1,-1,1,1,-1,-1,1,1,-1,1,1,1,-1,-1,-1,1,-1,1,1,-1,1,1,-1,-1,-1,-1,-1,-1,1,1,1,1,-1,-1,-1,1,1,-1,-1,1,-1,-1,-1,-1,-1,1,-1,1,-1,-1,-1,-1,-1,1,-1,1,-1,1,-1,-1,1,-1,1,-1,-1,1,-1,1,-1,1,1,-1,-1,1,-1,-1,-1,-1,-1,1,1,1,1,-1,-1,-1,1,1,1,1,1,-1,1,-1,1,1,-1,1,-1,1,-1,-1,-1,1,1,-1,-1,-1,-1,1,-1,-1,1,1,-1,-1,-1,-1,-1,1,-1,1,-1,1,-1,1,1,-1,1,-1,-1,1,1,-1,1,1,1,1,-1,1,1,1,1,-1,-1,-1,1,-1,1,-1,-1,1,-1,-1,-1,-1,1,1,1,-1,-1,1,1,-1,1,1,-1,-1,-1,-1,-1,1,1,-297.4853465251961,1
1406,-1,-1,1,1,-1,1,1,-1,1,1,1,1,1,-1,-1,1,-1,1,-1,1,1,-1,-1,-1,1,1,1,1,1,-1,-1,-1,-1,1,-1,-1,1,1,-1,-1,-1,-1,1,1,1,1,-1,-1,-1,1,-1,-1,1,-1,1,-1,-1,-1,1,-1,1,1,-1,1,1,-1,-1,-1,-1,1,-1,1,1,1,-1,-1,-1,1,1,1,1,-1,1,1,1,-1,-1,1,1,1,1,-1,1,-1,-1,1,1,1,1,-1,-1,-1,-1,1,-1,-1,1,-1,1,-1,1,-1,1,1,-1,-1,1,-1,1,1,-1,-1,1,1,1,1,-1,-1,1,1,1,-1,-1,1,-1,-1,-1,1,1,-1,1,-1,1,-1,-1,-1,1,1,-1,-1,-1,-1,1,1,-1,-1,-1,-1,-1,1,1,-1,-1,-1,1,-1,1,-1,-1,-1,-1,-1,-1,-1,-1,1,-1,-1,-1,-1,1,-1,1,-1,1,1,1,1,-1,-1,1,-1,1,1,-1,-1,-1,-1,-1,1,1,-1,-1,1,-1,1,1,1,1,1,1,1,1,1,-1,1,-297.4695406621684,1
1407,-1,1,-1,1,1,-1,1,1,-1,1,-1,-1,-1,-1,-1,-1,1,-1,1,-1,-1,-1,-1,-1,1,-1,1,1,-1,1,-1,1,1,1,-1,1,1,-1,1,-1,1,1,1,1,-1,1,1,-1,-1,1,1,-1,1,1,1,-1,-1,-1,1,-1,1,1,-1,1,1,-1,1,1,-1,-1,1,1,1,1,1,-1,-1,-1,1,1,-1,-1,1,-1,1,-1,-1,1,1,-1,1,-1,-1,1,-1,-1,1,1,1,-1,-1,-1,-1,1,-1,1,1,-1,1,-1,1,-1,1,1,-1,-1,1,-1,-1,-1,-1,-1,1,1,1,1,-1,-1,1,1,1,-1,1,1,1,1,-1,1,1,-1,1,-1,1,-1,-1,-1,1,1,-1,-1,-1,-1,1,-1,-1,-1,1,-1,-1,-1,-1,-1,1,-1,1,1,1,-1,1,1,-1,1,-1,-1,1,1,-1,1,1,1,1,-1,1,1,1,1,-1,-1,-1,1,-1,1,-1,-1,1,-1,-1,-1,-1,1,1,1,-1,-1,1,1,-1,-1,1,-1,-1,-1,-1,-1,1,1,-297.45972831253465,1
1408,-1,1,-1,1,1,1,1,1,1,1,-1,1,-1,1,1,-1,1,1,1,-1,1,-1,-1,-1,-1,-1,-1,1,-1,1,1,1,1,-1,-1,1,1,1,-1,-1,1,-1,1,1,-1,1,1,-1,1,1,1,1,1,1,1,-1,-1,-1,1,-1,1,1,-1,1,1,-1,1,-1,-1,-1,-1,1,1,1,1,-1,-1,-1,-1,1,-1,1,1,-1,-1,-1,-1,1,1,-1,1,-1,-1,-1,-1,-1,-1,-1,1,1,1,-1,-1,1,-1,-1,1,-1,-1,-1,-1,1,1,-1,-1,-1,1,1,-1,1,-1,-1,-1,-1,-1,-1,-1,-1,1,1,1,-1,1,1,-1,1,-1,1,1,-1,1,-1,1,1,-1,-1,1,1,-1,-1,-1,-1,1,-1,-1,-1,1,-1,-1,-1,-1,-1,1,-1,1,1,1,-1,1,-1,-1,1,-1,-1,1,1,-1,1,1,1,1,-1,1,-1,1,1,1,-1,-1,1,-1,1,1,-1,1,1,-1,-1,-1,1,1,-1,-1,-1,-1,-1,-1,1,1,-1,1,1,-1,1,-1,-1,-297.45037091918846,1
1409,-1,1,-1,1,1,-1,1,1,-1,1,-1,-1,1,1,1,1,1,-1,-1,1,-1,-1,-1,-1,1,1,-1,1,1,1,-1,-1,1,1,-1,1,1,1,1,-1,1,1,1,1,-1,1,1,-1,-1,1,1,-1,1,1,1,-1,-1,-1,1,-1,1,1,-1,1,1,-1,-1,-1,-1,-1,-1,1,1,1,1,-1,-1,-1,-1,1,-1,1,1,-1,-1,-1,-1,1,1,-1,1,-1,-1,-1,-1,-1,-1,-1,1,1,1,-1,-1,1,-1,-1,1,-1,1,-1,1,-1,1,-1,-1,-1,1,-1,-1,1,-1,-1,-1,1,1,-1,-1,-1,1,1,1,-1,-1,1,-1,-1,-1,1,1,-1,1,-1,1,1,-1,-1,1,1,-1,-1,-1,-1,1,1,-1,-1,-1,-1,-1,-1,-1,-1,1,-1,1,1,1,-1,1,-1,-1,1,-1,-1,1,1,-1,1,1,1,1,-1,1,-1,1,1,-1,-1,-1,1,-1,1,-1,-1,1,1,-1,-1,-1,1,1,1,-1,-1,1,1,-1,-1,1,-1,-1,-1,-1,-1,1,-1,-297.4145657243177,1
1410,-1,1,-1,1,1,-1,1,1,-1,1,-1,-1,1,1,1,-1,1,-1,1,-1,1,-1,-1,-1,-1,-1,-1,1,-1,1,1,1,1,-1,-1,1,-1,-1,1,-1,1,1,1,1,-1,1,1,-1,1,1,1,1,1,1,1,-1,-1,-1,1,-1,1,1,-1,1,1,-1,1,-1,-1,-1,-1,1,1,1,1,-1,-1,-1,-1,1,-1,1,1,-1,-1,-1,-1,1,1,-1,1,-1,-1,-1,-1,-1,-1,-1,1,1,1,-1,-1,1,-1,-1,1,-1,-1,-1,1,1,1,-1,-1,-1,1,1,-1,1,-1,-1,-1,-1,-1,-1,-1,-1,1,1,1,-1,1,1,-1,1,-1,1,1,1,1,-1,1,1,-1,-1,1,1,-1,-1,-1,-1,1,-1,-1,-1,1,-1,-1,-1,-1,-1,1,-1,1,1,1,-1,1,-1,-1,1,-1,-1,1,1,-1,1,1,1,1,-1,1,-1,1,1,1,-1,-1,1,-1,1,1,-1,1,1,-1,-1,-1,1,1,1,-1,-1,1,1,-1,-1,1,-1,-1,-1,-1,-1,1,1,-297.37853694694394,1
1411,1,1,-1,-1,1,-1,-1,1,-1,-1,-1,-1,-1,1,1,-1,1,-1,1,-1,-1,1,1,-1,-1,-1,-1,-1,-1,1,1,1,1,-1,-1,1,-1,-1,1,1,1,1,-1,1,-1,-1,1,-1,1,1,1,1,-1,1,1,-1,-1,-1,1,-1,1,1,-1,1,1,-1,1,-1,-1,-1,-1,1,1,1,1,1,-1,-1,-1,1,-1,1,1,-1,-1,-1,-1,1,1,-1,1,-1,-1,-1,-1,-1,-1,-1,1,1,1,-1,-1,1,-1,-1,-1,-1,-1,-1,-1,1,1,-1,1,-1,1,1,-1,1,1,1,-1,-1,-1,-1,1,-1,-1,-1,-1,1,1,1,-1,1,-1,1,-1,-1,1,1,1,1,1,1,1,1,-1,-1,-1,-1,1,-1,-1,1,1,-1,-1,-1,-1,-1,1,-1,1,1,1,-1,1,1,-1,1,-1,-1,1,1,-1,1,1,1,1,-1,1,-1,1,1,-1,-1,-1,1,-1,1,-1,-1,1,1,-1,-1,-1,1,1,1,-1,-1,1,1,-1,-1,1,-1,-1,-1,-1,-1,1,1,-297.3554318082074,1
1412,-1,-1,1,1,-1,-1,-1,-1,1,-1,1,-1,1,-1,1,1,-1,-1,-1,1,-1,1,-1,1,1,1,1,-1,1,-1,-1,1,1,1,1,1,1,1,1,-1,-1,1,-1,-1,-1,-1,-1,1,-1,-1,1,-1,1,1,-1,1,1,1,-1,1,-1,-1,-1,-1,-1,1,-1,1,1,1,1,-1,-1,-1,1,1,1,-1,-1,-1,-1,1,-1,-1,1,1,1,1,-1,-1,-1,1,-1,1,1,-1,-1,1,-1,1,-1,1,1,-1,1,-1,1,1,1,1,-1,-1,-1,-1,1,1,-1,-1,1,1,1,1,-1,1,1,-1,1,1,1,-1,-1,-1,-1,-1,1,-1,1,-1,-1,1,-1,-1,-1,1,-1,-1,-1,-1,1,1,1,1,-1,1,1,-1,-1,1,1,1,1,1,-1,1,-1,-1,-1,1,-1,-1,1,-1,1,1,-1,1,1,1,1,1,-1,1,-1,1,-1,-1,-1,-1,1,1,-1,1,1,-1,1,1,1,1,1,-1,1,1,1,-1,1,-1,-1,-1,-1,-1,1,-1,-1,-1,1,1,-297.3320580445504,1
1413,-1,1,-1,1,1,-1,1,1,-1,1,-1,-1,-1,-1,-1,-1,1,-1,1,-1,-1,-1,-1,-1,-1,-1,1,1,-1,1,1,1,1,-1,-1,1,-1,-1,1,-1,1,1,1,1,-1,1,1,-1,1,1,1,1,1,1,1,-1,-1,-1,1,-1,1,1,-1,1,1,-1,-1,-1,-1,-1,-1,1,1,1,1,-1,-1,-1,1,1,-1,-1,1,-1,1,-1,-1,1,1,-1,1,-1,-1,-1,-1,-1,1,1,1,-1,-1,-1,1,1,-1,-1,1,-1,-1,1,1,1,-1,1,-1,-1,1,1,1,1,-1,-1,1,-1,1,1,-1,-1,1,1,1,-1,1,1,-1,1,-1,1,1,1,-1,-1,1,-1,-1,-1,1,1,-1,-1,-1,-1,1,-1,-1,-1,1,-1,-1,-1,-1,-1,1,-1,1,1,1,-1,1,1,-1,1,-1,-1,1,1,-1,1,1,1,1,-1,1,1,1,1,-1,-1,-1,1,-1,1,-1,-1,1,-1,-1,-1,-1,1,1,1,-1,-1,1,1,-1,1,1,-1,-1,-1,-1,-1,1,1,-297.3261574097918,1
1414,-1,1,-1,1,1,-1,1,1,-1,1,-1,-1,-1,-1,-1,-1,-1,1,1,-1,-1,-1,-1,-1,-1,-1,1,1,-1,1,-1,1,-1,1,-1,1,1,-1,1,-1,1,1,1,1,-1,1,1,-1,-1,1,1,-1,1,1,1,-1,-1,-1,1,-1,1,1,-1,1,1,-1,-1,-1,-1,-1,-1,1,1,1,1,-1,-1,-1,-1,1,-1,1,1,-1,1,-1,-1,1,1,-1,1,-1,-1,-1,-1,-1,1,1,1,-1,-1,-1,-1,1,-1,-1,1,-1,1,-1,1,-1,-1,1,-1,-1,1,-1,1,1,-1,-1,1,-1,1,1,-1,-1,1,1,1,-1,1,1,-1,1,-1,1,1,-1,1,-1,1,1,-1,-1,1,1,-1,-1,-1,-1,1,-1,-1,-1,1,-1,-1,-1,-1,-1,1,-1,1,-1,1,-1,1,1,-1,1,-1,-1,1,1,-1,1,1,1,1,-1,1,-1,1,1,-1,-1,-1,1,-1,1,-1,-1,1,-1,-1,-1,-1,1,1,1,-1,-1,1,1,-1,1,1,-1,-1,-1,-1,-1,1,1,-297.28554589221915,1
1415,1,1,-1,-1,1,1,-1,1,-1,-1,-1,1,-1,1,-1,-1,1,1,1,-1,1,1,1,-1,-1,-1,-1,-1,-1,1,1,1,1,-1,-1,-1,-1,-1,-1,1,1,-1,-1,1,1,-1,-1,-1,1,-1,-1,1,-1,-1,1,-1,-1,-1,1,-1,1,1,1,1,1,-1,1,-1,-1,-1,-1,1,1,1,-1,1,-1,1,-1,1,1,1,1,1,-1,-1,-1,1,1,1,1,-1,1,-1,-1,1,-1,-1,1,1,1,-1,-1,1,-1,-1,1,-1,-1,-1,-1,1,1,-1,1,-1,1,1,-1,1,1,1,-1,-1,-1,-1,1,-1,1,-1,-1,1,1,1,-1,1,-1,1,-1,-1,1,1,-1,1,1,1,1,-1,-1,-1,1,-1,1,-1,-1,-1,1,-1,-1,-1,-1,-1,1,-1,1,1,1,-1,1,1,-1,1,-1,-1,1,1,-1,-1,-1,-1,1,-1,1,-1,1,1,1,1,-1,-1,1,-1,-1,1,-1,-1,-1,-1,-1,1,1,-1,-1,1,-1,1,1,1,1,1,-1,1,1,1,-1,1,-297.2654842166612,1
1416,-1,1,-1,1,1,-1,1,1,-1,1,-1,-1,1,-1,-1,1,1,1,-1,1,-1,-1,-1,-1,1,1,-1,1,1,1,-1,-1,1,1,-1,-1,1,1,-1,-1,1,-1,1,1,1,1,1,-1,-1,1,-1,-1,1,-1,-1,-1,-1,1,1,-1,1,1,-1,1,1,-1,-1,-1,-1,-1,-1,1,1,1,1,-1,-1,-1,-1,1,-1,1,1,-1,1,-1,-1,1,1,-1,1,-1,-1,-1,-1,-1,-1,-1,1,1,1,-1,-1,1,-1,-1,1,-1,1,1,-1,-1,-1,-1,-1,-1,1,-1,1,1,-1,-1,-1,1,1,-1,-1,1,1,1,1,-1,-1,1,-1,-1,1,1,1,-1,1,-1,1,1,-1,-1,1,1,-1,-1,-1,-1,1,1,-1,-1,-1,-1,-1,-1,-1,-1,1,-1,1,1,1,-1,1,-1,-1,1,-1,-1,1,1,-1,1,1,1,-1,-1,1,-1,1,1,1,-1,-1,-1,-1,1,-1,1,1,-1,-1,-1,-1,1,1,-1,-1,-1,1,1,-1,1,1,-1,-1,1,-1,-1,-1,1,-297.2361786113762,1
1417,-1,1,-1,1,1,-1,1,1,-1,1,-1,-1,-1,-1,-1,-1,1,-1,1,-1,-1,-1,-1,-1,1,-1,-1,1,-1,1,-1,1,1,1,-1,1,1,-1,1,-1,1,1,1,1,-1,1,1,-1,-1,1,1,-1,1,1,1,-1,-1,-1,1,-1,1,1,-1,1,1,-1,1,-1,-1,1,-1,1,1,1,1,-1,-1,-1,1,1,-1,-1,1,-1,-1,-1,-1,-1,1,-1,1,-1,-1,-1,-1,-1,1,-1,1,-1,1,-1,-1,1,-1,1,-1,-1,1,-1,1,-1,1,1,-1,1,1,-1,-1,-1,-1,-1,1,1,1,1,-1,-1,-1,1,1,1,1,1,-1,1,-1,1,1,-1,1,-1,1,-1,-1,-1,1,1,-1,-1,-1,-1,1,-1,-1,1,1,-1,-1,-1,-1,-1,1,-1,1,1,1,-1,1,1,-1,1,-1,-1,1,1,-1,1,1,1,1,-1,1,-1,1,1,-1,-1,-1,1,-1,1,-1,-1,1,-1,-1,-1,-1,1,1,1,-1,-1,1,1,-1,1,1,-1,-1,-1,-1,-1,1,1,-297.2314787886522,1
1418,-1,1,-1,1,1,-1,1,1,-1,1,-1,-1,-1,-1,-1,-1,1,1,1,-1,1,-1,-1,-1,-1,-1,-1,1,-1,1,1,1,1,-1,-1,-1,-1,-1,-1,-1,1,-1,1,1,-1,1,1,-1,1,1,1,1,1,1,1,-1,-1,-1,1,-1,1,1,-1,1,1,-1,1,-1,-1,-1,-1,1,1,1,1,-1,-1,-1,1,1,-1,-1,1,-1,-1,-1,1,1,1,-1,1,-1,-1,-1,-1,-1,1,-1,1,-1,1,1,-1,1,-1,1,-1,1,-1,-1,1,1,1,1,-1,-1,1,1,-1,-1,-1,-1,1,-1,-1,1,-1,-1,-1,1,1,1,1,1,-1,1,-1,1,1,1,1,-1,1,-1,-1,-1,1,1,-1,-1,-1,-1,1,-1,-1,1,1,-1,-1,-1,-1,-1,1,-1,1,1,1,-1,1,-1,-1,1,-1,-1,1,1,-1,-1,-1,-1,1,-1,1,-1,1,-1,1,-1,1,1,-1,1,-1,-1,1,-1,-1,1,-1,1,1,-1,-1,-1,-1,-1,-1,1,1,-1,-1,1,-1,-1,1,1,-297.21387278270606,1
1419,1,1,-1,1,1,-1,1,1,-1,1,-1,-1,-1,-1,-1,-1,1,-1,1,-1,-1,-1,-1,-1,-1,-1,1,1,-1,1,-1,1,1,1,-1,1,1,-1,1,-1,1,1,1,1,-1,1,1,-1,-1,1,1,-1,1,1,1,-1,-1,-1,1,-1,1,1,-1,1,1,-1,1,-1,-1,-1,-1,1,1,1,1,-1,-1,-1,1,1,-1,-1,1,-1,-1,-1,-1,1,1,-1,1,-1,-1,-1,-1,-1,1,-1,1,-1,1,-1,-1,1,-1,1,-1,-1,1,-1,1,-1,1,1,-1,-1,1,-1,-1,-1,-1,-1,1,-1,1,1,-1,-1,-1,1,1,1,1,1,-1,1,-1,1,1,-1,1,-1,1,-1,-1,-1,1,1,-1,-1,-1,-1,1,-1,-1,1,1,-1,-1,-1,-1,-1,1,-1,1,1,1,-1,1,1,-1,1,-1,-1,1,1,-1,1,1,1,1,-1,1,1,1,1,-1,-1,-1,1,-1,1,-1,-1,1,-1,-1,-1,-1,1,1,1,-1,-1,1,1,-1,1,1,-1,-1,-1,-1,-1,1,1,-297.21265714574554,1
1420,1,-1,1,-1,-1,1,-1,-1,1,-1,1,1,-1,1,1,-1,-1,-1,1,-1,-1,1,1,1,-1,-1,1,-1,-1,-1,1,1,-1,-1,1,1,-1,-1,1,1,1,1,-1,-1,1,-1,-1,1,1,-1,-1,1,-1,-1,-1,1,1,1,-1,1,-1,-1,1,-1,-1,1,1,1,1,1,1,-1,-1,-1,-1,1,1,1,-1,-1,1,1,-1,1,1,1,1,-1,-1,1,-1,1,1,-1,1,1,1,1,-1,-1,-1,1,1,-1,1,-1,1,1,-1,1,1,1,-1,1,1,1,1,1,1,1,1,1,-1,-1,-1,1,1,1,1,-1,-1,-1,1,-1,1,1,1,-1,-1,1,-1,1,-1,1,1,1,-1,-1,1,1,1,1,-1,-1,1,-1,1,1,1,1,1,1,-1,1,-1,-1,-1,1,-1,1,1,-1,1,1,-1,-1,1,-1,-1,-1,-1,1,-1,1,-1,-1,-1,1,1,-1,1,-1,1,1,-1,1,1,1,1,-1,-1,1,1,1,-1,1,1,1,-1,1,1,-1,1,1,-1,-1,-297.2017840588024,1
1421,1,1,-1,-1,1,-1,1,1,-1,-1,-1,-1,-1,1,-1,-1,1,-1,1,-1,-1,-1,-1,-1,-1,-1,1,-1,-1,1,1,1,1,-1,-1,1,-1,-1,1,1,1,1,1,1,-1,1,1,-1,1,1,1,1,1,1,1,-1,-1,-1,1,-1,1,1,-1,1,1,-1,1,-1,-1,-1,-1,1,1,1,1,-1,-1,-1,-1,1,-1,1,1,-1,-1,-1,-1,1,1,-1,1,-1,-1,-1,-1,-1,1,1,1,-1,-1,-1,-1,1,-1,-1,1,-1,-1,-1,1,1,1,1,-1,-1,1,1,-1,1,1,-1,1,-1,-1,-1,-1,-1,1,1,1,-1,1,1,-1,1,-1,1,1,-1,1,1,1,1,-1,-1,1,1,-1,-1,-1,-1,1,-1,-1,-1,1,-1,-1,-1,-1,-1,1,-1,1,1,1,-1,1,1,-1,1,-1,-1,1,1,-1,1,1,1,1,-1,1,1,1,1,-1,-1,-1,1,-1,1,-1,-1,1,-1,-1,-1,-1,1,1,1,-1,-1,1,1,-1,1,1,-1,-1,-1,-1,-1,1,-1,-297.173094063659,1
1422,-1,1,-1,1,1,-1,1,1,-1,1,-1,1,-1,-1,-1,-1,1,-1,1,-1,-1,-1,-1,-1,-1,-1,1,1,-1,1,1,1,1,-1,-1,1,-1,-1,1,-1,1,1,1,1,-1,1,1,-1,1,1,1,1,1,1,1,-1,-1,-1,1,-1,1,1,-1,1,1,-1,1,-1,-1,-1,-1,1,1,1,1,-1,-1,-1,-1,1,-1,1,1,-1,-1,-1,-1,1,1,-1,1,-1,-1,-1,-1,-1,1,1,1,-1,-1,-1,-1,1,-1,-1,1,-1,-1,-1,1,1,1,1,-1,-1,1,1,-1,1,-1,-1,1,-1,-1,-1,-1,-1,1,1,1,-1,1,1,-1,1,-1,1,1,1,1,-1,1,1,-1,-1,1,1,-1,-1,-1,-1,1,-1,-1,-1,1,-1,-1,-1,-1,-1,1,-1,1,1,1,-1,1,1,-1,1,-1,-1,1,1,-1,1,1,1,1,-1,1,1,1,1,-1,-1,-1,1,-1,1,-1,-1,1,-1,-1,-1,-1,1,1,1,-1,-1,1,1,-1,1,1,-1,-1,-1,-1,-1,1,1,-297.1390505664863,1
1423,1,1,-1,-1,-1,1,1,1,-1,-1,-1,1,-1,1,-1,-1,1,1,1,-1,1,-1,1,-1,-1,-1,-1,-1,-1,1,1,-1,-1,-1,-1,-1,-1,-1,-1,1,1,-1,1,1,1,1,1,-1,1,1,-1,1,-1,-1,1,-1,-1,-1,1,-1,1,1,1,1,1,-1,1,-1,-1,-1,-1,1,1,1,-1,-1,-1,1,1,1,1,-1,1,1,-1,-1,-1,-1,1,1,1,-1,1,-1,-1,1,1,-1,1,-1,1,-1,-1,1,-1,1,-1,-1,-1,-1,1,1,1,1,-1,-1,1,1,-1,-1,1,-1,1,-1,-1,1,-1,-1,-1,1,1,1,1,1,-1,1,-1,1,1,-1,1,1,1,-1,1,1,1,1,-1,-1,-1,-1,1,-1,-1,1,1,-1,-1,-1,-1,-1,1,-1,1,1,1,-1,1,1,-1,1,-1,-1,1,-1,-1,-1,-1,-1,-1,-1,1,-1,1,1,1,1,-1,-1,1,-1,-1,1,-1,-1,-1,-1,-1,1,-1,-1,-1,1,-1,1,1,1,1,1,-1,1,1,1,-1,-1,-297.1210418298721,1
1424,-1,1,-1,1,1,-1,1,1,-1,1,-1,-1,1,-1,-1,1,1,-1,-1,1,1,-1,-1,-1,1,1,-1,1,1,1,-1,-1,1,1,-1,-1,1,1,-1,-1,1,-1,1,1,-1,1,1,-1,-1,1,1,-1,1,1,-1,-1,-1,1,1,-1,1,1,-1,1,1,-1,-1,-1,-1,-1,-1,1,1,1,1,-1,-1,-1,-1,1,-1,1,1,-1,1,-1,-1,1,1,-1,1,-1,-1,-1,-1,-1,-1,-1,1,1,1,-1,-1,1,-1,-1,1,-1,1,1,-1,-1,-1,-1,-1,-1,1,-1,1,1,-1,-1,-1,1,1,-1,-1,1,1,1,1,-1,-1,1,-1,-1,1,1,1,-1,1,-1,1,1,-1,-1,1,1,-1,-1,-1,-1,1,1,-1,-1,1,-1,-1,-1,-1,-1,1,-1,1,1,1,-1,1,-1,-1,1,-1,-1,1,1,-1,1,1,1,1,-1,1,-1,1,1,1,-1,-1,1,-1,1,-1,-1,1,-1,-1,-1,-1,1,1,-1,-1,-1,1,-1,-1,-1,1,-1,-1,1,-1,-1,1,1,-297.11891580263654,1
1425,-1,1,-1,1,1,-1,1,1,-1,1,-1,-1,-1,-1,-1,-1,1,-1,1,-1,-1,-1,-1,-1,-1,-1,1,1,-1,1,-1,1,1,1,-1,1,1,-1,1,-1,1,1,1,1,-1,1,1,-1,-1,1,1,-1,1,1,1,-1,-1,-1,1,-1,1,1,-1,1,1,-1,-1,-1,-1,-1,-1,1,1,1,1,-1,-1,-1,1,1,-1,-1,1,-1,-1,-1,-1,-1,1,-1,1,-1,-1,-1,-1,-1,1,-1,1,-1,1,-1,-1,1,-1,-1,-1,-1,1,-1,1,-1,1,1,-1,-1,1,-1,-1,1,-1,-1,1,-1,1,1,-1,-1,-1,1,1,1,1,1,-1,1,-1,1,1,-1,1,-1,1,-1,-1,-1,1,1,-1,-1,-1,-1,1,-1,-1,1,1,-1,-1,-1,-1,-1,1,-1,1,1,1,-1,1,1,-1,1,-1,-1,1,1,-1,1,1,1,1,-1,1,1,1,1,-1,-1,-1,1,-1,1,-1,-1,1,-1,-1,-1,-1,1,1,1,-1,-1,1,1,-1,1,1,-1,-1,-1,-1,-1,1,-1,-297.09144172765315,1
1426,-1,1,-1,1,1,-1,1,1,-1,1,-1,-1,-1,-1,-1,-1,1,-1,1,-1,-1,-1,-1,-1,-1,-1,1,1,-1,1,1,1,1,-1,-1,1,-1,-1,1,1,1,1,1,1,-1,1,1,-1,1,1,1,1,1,1,1,-1,-1,-1,1,-1,1,1,-1,1,1,-1,1,-1,-1,-1,-1,1,1,1,1,-1,-1,-1,1,1,-1,-1,1,-1,-1,-1,-1,1,1,-1,1,-1,-1,-1,-1,-1,1,-1,1,-1,1,-1,-1,1,-1,1,-1,-1,-1,-1,1,1,1,1,-1,-1,-1,1,-1,-1,-1,-1,1,-1,-1,1,-1,-1,-1,1,1,1,1,1,-1,1,-1,1,1,-1,1,-1,1,-1,-1,-1,1,1,-1,-1,-1,-1,1,-1,-1,1,1,-1,-1,-1,-1,-1,1,-1,1,1,1,-1,1,1,-1,1,-1,-1,1,1,-1,1,1,1,1,-1,1,1,1,1,-1,-1,-1,1,-1,1,-1,-1,1,-1,-1,-1,-1,1,1,1,-1,-1,1,1,-1,1,1,-1,-1,-1,-1,-1,1,-1,-297.0823573373139,1
1427,-1,1,-1,1,1,-1,1,1,-1,1,-1,-1,-1,-1,-1,-1,1,-1,1,-1,-1,-1,-1,-1,1,-1,1,1,-1,1,-1,1,1,1,-1,1,1,-1,1,-1,1,1,1,1,-1,1,1,-1,-1,1,1,-1,1,1,1,-1,-1,-1,1,-1,1,1,-1,1,1,-1,1,-1,-1,-1,-1,1,1,1,1,-1,-1,-1,-1,1,-1,1,1,-1,-1,-1,-1,1,1,-1,1,-1,-1,-1,-1,-1,-1,-1,1,1,1,-1,-1,1,-1,-1,1,-1,1,-1,1,-1,1,-1,-1,-1,1,-1,-1,1,-1,-1,-1,1,1,-1,-1,-1,1,1,1,1,1,1,-1,1,-1,1,1,-1,1,-1,1,1,-1,-1,1,1,-1,-1,-1,-1,1,-1,-1,-1,1,-1,-1,-1,-1,-1,1,-1,1,1,1,-1,1,1,-1,1,-1,-1,1,1,-1,1,1,1,1,-1,1,1,1,1,-1,-1,-1,1,-1,1,-1,-1,1,-1,-1,-1,-1,1,1,1,-1,-1,1,1,-1,1,1,-1,-1,-1,-1,-1,1,-1,-297.01429768111274,1
1428,1,-1,1,-1,-1,1,-1,-1,1,-1,1,1,1,1,1,1,-1,1,-1,1,1,1,1,1,1,1,-1,-1,1,-1,-1,-1,-1,1,1,-1,1,1,-1,-1,-1,-1,-1,-1,1,-1,-1,1,-1,-1,-1,-1,-1,-1,-1,1,1,1,-1,1,-1,-1,1,-1,-1,1,-1,1,1,1,1,-1,-1,-1,-1,1,1,1,-1,-1,1,1,-1,1,1,1,1,1,-1,-1,-1,1,-1,1,1,-1,-1,1,-1,1,-1,1,1,-1,1,-1,1,1,1,1,-1,-1,-1,-1,1,1,-1,-1,1,1,1,1,-1,1,1,-1,1,1,1,-1,-1,-1,-1,-1,1,-1,1,-1,-1,1,-1,1,-1,1,1,1,-1,-1,1,1,1,1,-1,1,1,-1,-1,1,1,1,1,1,-1,1,-1,-1,-1,1,-1,-1,1,-1,1,1,-1,-1,1,-1,-1,-1,-1,1,-1,-1,-1,-1,1,1,1,-1,1,1,1,1,1,1,1,1,1,-1,-1,-1,1,-1,-1,-1,1,-1,-1,1,1,1,1,1,-1,-1,-296.97756296543645,1
1429,1,-1,1,-1,-1,-1,-1,-1,1,-1,1,-1,1,1,1,1,-1,-1,-1,1,-1,1,1,1,1,1,1,-1,1,-1,-1,1,1,1,1,1,1,1,1,-1,-1,1,-1,-1,-1,-1,-1,1,-1,-1,1,-1,1,1,-1,1,1,1,-1,1,-1,-1,-1,-1,-1,1,-1,1,1,1,1,-1,-1,-1,1,1,1,-1,-1,-1,-1,1,-1,-1,1,1,1,1,-1,-1,-1,1,-1,1,1,-1,-1,1,-1,1,-1,1,1,-1,1,-1,1,1,1,1,-1,-1,-1,-1,1,1,-1,-1,1,-1,1,1,-1,1,1,-1,1,1,1,-1,-1,-1,-1,-1,1,-1,1,-1,-1,1,-1,1,-1,1,-1,-1,-1,-1,1,1,1,1,-1,1,1,-1,-1,1,1,1,1,1,-1,1,-1,-1,-1,1,-1,-1,1,-1,1,1,-1,1,1,1,1,1,1,1,-1,1,-1,-1,-1,-1,1,1,-1,1,1,-1,1,1,1,1,1,-1,1,1,1,-1,1,-1,-1,-1,-1,-1,1,-1,-1,-1,1,-1,-296.878260575208,1
1430,1,1,-1,-1,1,-1,1,1,-1,-1,-1,-1,-1,1,-1,-1,1,-1,1,-1,-1,1,1,-1,-1,-1,1,-1,-1,1,1,1,1,-1,-1,1,-1,-1,1,1,1,1,-1,1,-1,-1,1,-1,1,1,1,1,1,1,1,-1,-1,-1,1,-1,1,1,-1,1,1,-1,1,-1,-1,-1,-1,1,1,1,1,1,-1,-1,-1,1,-1,1,1,-1,-1,-1,-1,1,1,-1,1,-1,-1,-1,-1,-1,-1,-1,1,1,1,-1,-1,1,-1,-1,1,-1,-1,-1,-1,1,1,-1,1,-1,1,1,-1,1,1,1,-1,-1,-1,-1,1,-1,1,-1,-1,-1,1,1,-1,1,-1,1,1,-1,1,1,-1,1,1,1,1,1,-1,-1,-1,-1,1,-1,-1,-1,1,-1,-1,-1,-1,-1,1,-1,1,1,1,-1,1,1,-1,1,-1,-1,1,1,-1,1,1,1,1,-1,1,1,1,1,-1,-1,-1,1,-1,1,-1,-1,1,-1,-1,-1,-1,1,1,1,-1,-1,1,1,-1,1,1,-1,-1,-1,-1,-1,1,1,-296.80481379112314,1
1431,-1,1,-1,-1,1,-1,-1,1,-1,-1,-1,-1,-1,1,1,-1,1,-1,1,-1,-1,1,1,1,-1,-1,-1,-1,-1,1,1,1,1,-1,1,1,-1,-1,1,1,1,-1,-1,-1,-1,-1,1,1,1,-1,-1,1,-1,-1,-1,1,1,1,-1,1,-1,-1,1,-1,-1,1,1,1,1,1,1,-1,-1,-1,-1,1,1,1,-1,-1,1,1,-1,1,1,1,-1,1,-1,1,-1,1,1,1,1,1,-1,1,-1,1,-1,-1,1,-1,1,-1,1,-1,-1,1,1,1,1,-1,1,1,-1,1,1,-1,1,1,-1,-1,-1,-1,1,1,1,-1,-1,-1,1,-1,1,1,1,-1,-1,1,-1,1,-1,1,1,1,-1,-1,1,1,1,1,-1,-1,1,-1,1,1,1,-1,-1,1,1,1,-1,1,-1,1,1,1,1,1,1,1,1,-1,1,1,1,1,-1,1,-1,1,-1,1,1,1,-1,1,-1,-1,-1,1,-1,1,1,-1,1,-1,-1,1,1,1,1,-1,1,-1,-1,1,-1,-1,1,-1,1,-1,-296.72804215823857,1
1432,1,1,1,-1,1,-1,-1,1,-1,-1,-1,-1,-1,1,1,-1,1,-1,1,-1,-1,1,1,-1,-1,-1,-1,-1,-1,1,1,1,1,-1,-1,1,-1,-1,1,1,1,1,-1,1,-1,-1,1,-1,1,1,1,1,-1,1,1,-1,-1,-1,1,-1,1,1,-1,1,1,-1,1,-1,-1,-1,-1,1,1,1,1,1,-1,-1,-1,1,-1,1,1,-1,-1,-1,-1,1,1,-1,1,-1,-1,-1,-1,-1,-1,1,1,-1,-1,-1,-1,1,-1,-1,1,-1,-1,-1,1,1,1,-1,1,-1,1,1,-1,1,1,1,-1,-1,-1,-1,1,-1,1,-1,-1,-1,1,1,-1,1,-1,1,-1,-1,1,1,1,1,1,1,1,1,-1,-1,-1,-1,1,-1,-1,-1,1,-1,-1,-1,-1,-1,1,-1,1,1,1,-1,1,1,-1,1,-1,-1,1,1,-1,1,1,1,1,-1,1,-1,1,1,-1,-1,-1,1,-1,1,-1,-1,1,1,-1,-1,-1,1,1,1,-1,-1,1,1,-1,-1,1,-1,1,-1,-1,-1,1,1,-296.65202168927294,1
1433,-1,1,-1,1,1,-1,1,1,-1,1,-1,-1,-1,-1,-1,-1,-1,1,1,-1,-1,-1,-1,-1,-1,-1,1,1,-1,1,-1,1,-1,1,-1,1,1,-1,1,-1,1,1,1,1,-1,1,1,-1,-1,1,1,1,1,1,1,-1,-1,-1,1,-1,1,1,-1,1,1,-1,1,1,-1,-1,1,1,1,1,1,-1,-1,-1,1,1,-1,-1,1,-1,1,-1,-1,-1,1,-1,1,-1,-1,1,-1,-1,1,1,1,-1,-1,-1,-1,1,-1,1,1,-1,1,-1,1,-1,-1,1,-1,-1,-1,-1,-1,-1,-1,-1,1,-1,-1,1,-1,-1,1,1,1,-1,1,1,1,1,-1,1,1,-1,1,-1,1,-1,-1,-1,1,1,-1,-1,-1,-1,1,-1,-1,-1,1,-1,-1,-1,-1,-1,1,-1,1,-1,1,-1,1,1,-1,1,-1,-1,1,1,-1,1,1,1,1,-1,1,-1,1,1,-1,-1,-1,1,-1,1,-1,-1,1,-1,-1,-1,-1,1,1,1,-1,-1,1,1,-1,1,1,-1,-1,-1,-1,-1,1,1,-296.6365678510664,1
1434,1,1,-1,-1,1,-1,-1,1,-1,-1,-1,-1,-1,1,1,-1,1,-1,1,-1,-1,1,1,1,-1,-1,-1,-1,-1,1,1,1,1,-1,1,1,-1,-1,1,1,1,1,-1,-1,-1,-1,1,1,1,-1,-1,1,-1,-1,-1,1,1,1,-1,1,-1,-1,1,-1,-1,1,1,1,1,1,1,-1,-1,-1,-1,1,1,1,-1,-1,-1,1,-1,1,1,1,-1,-1,-1,1,-1,-1,1,1,-1,1,-1,1,-1,1,-1,-1,1,-1,1,-1,1,-1,-1,1,-1,1,-1,-1,1,1,1,1,1,1,1,1,-1,-1,-1,-1,1,1,1,-1,-1,-1,1,-1,1,1,1,-1,-1,1,-1,1,-1,1,1,1,-1,-1,1,-1,1,1,-1,-1,1,1,1,1,1,-1,-1,-1,1,1,-1,1,-1,1,1,1,1,1,1,1,1,-1,1,1,1,1,-1,1,-1,1,-1,1,1,1,-1,1,-1,-1,-1,1,-1,1,1,-1,-1,1,-1,1,1,1,1,1,1,-1,-1,1,-1,-1,-1,-1,1,-1,-296.6085544122567,1
1435,-1,1,-1,1,1,-1,1,1,-1,1,-1,-1,-1,-1,-1,-1,1,-1,1,-1,-1,-1,-1,-1,-1,-1,1,1,-1,1,1,1,1,-1,-1,1,-1,-1,1,1,1,1,1,1,-1,1,1,-1,1,1,1,1,1,1,1,-1,-1,-1,1,-1,1,1,-1,1,1,-1,1,-1,-1,-1,-1,1,1,1,1,-1,-1,-1,1,1,-1,-1,1,-1,-1,-1,-1,-1,1,-1,1,-1,-1,-1,-1,-1,1,-1,1,-1,1,-1,-1,1,-1,1,-1,-1,-1,-1,1,1,1,1,-1,-1,1,1,-1,-1,-1,-1,1,-1,-1,1,-1,-1,-1,1,1,1,1,1,-1,1,-1,1,1,-1,1,-1,1,-1,-1,-1,1,1,-1,-1,-1,-1,-1,-1,-1,1,1,-1,-1,-1,-1,-1,1,-1,1,1,1,-1,1,1,-1,1,-1,-1,1,1,-1,1,1,1,1,-1,1,1,1,1,-1,-1,-1,1,-1,1,-1,-1,1,-1,-1,-1,-1,1,1,1,-1,-1,1,1,-1,-1,1,-1,-1,-1,-1,-1,1,1,-296.35940296133566,1
1436,-1,1,-1,1,1,-1,1,1,-1,1,-1,-1,-1,-1,-1,-1,-1,1,1,-1,-1,-1,-1,-1,-1,-1,1,1,-1,1,1,1,-1,1,-1,1,-1,-1,1,-1,1,1,1,1,-1,1,1,-1,-1,1,1,-1,1,1,1,-1,-1,-1,1,-1,1,1,-1,1,1,-1,-1,-1,-1,-1,-1,1,1,1,1,-1,-1,-1,1,1,-1,-1,1,-1,-1,-1,-1,1,1,-1,1,-1,-1,-1,-1,-1,1,-1,1,-1,1,-1,-1,1,-1,1,-1,-1,1,-1,1,-1,1,1,-1,-1,1,-1,-1,-1,-1,-1,1,-1,1,1,-1,-1,-1,1,1,1,1,1,-1,1,-1,1,1,1,1,-1,1,-1,-1,-1,1,1,-1,-1,-1,-1,1,-1,-1,1,1,-1,-1,-1,-1,-1,1,-1,1,-1,1,-1,1,1,-1,1,-1,-1,1,1,-1,1,1,1,1,-1,1,-1,1,1,-1,-1,-1,1,-1,1,-1,-1,1,-1,-1,-1,-1,1,1,1,-1,-1,1,1,-1,1,1,-1,-1,-1,-1,-1,1,1,-296.34652877775983,1
1437,-1,-1,1,1,-1,-1,-1,-1,1,1,1,-1,1,-1,1,1,-1,-1,-1,1,-1,-1,-1,1,1,1,1,1,1,-1,-1,-1,-1,1,1,1,1,1,1,-1,-1,1,-1,-1,-1,-1,-1,1,-1,-1,1,-1,1,1,-1,1,1,1,-1,1,-1,-1,-1,-1,-1,1,-1,1,1,-1,1,-1,-1,-1,1,1,1,-1,-1,-1,-1,1,-1,-1,1,1,1,1,-1,-1,-1,1,-1,1,1,-1,-1,1,-1,1,-1,1,1,-1,1,-1,1,1,1,1,-1,-1,-1,-1,-1,-1,-1,-1,1,1,-1,1,-1,1,1,-1,-1,1,1,-1,-1,-1,-1,-1,1,-1,1,-1,-1,1,-1,-1,-1,1,-1,-1,-1,-1,1,1,1,1,-1,1,1,-1,-1,1,1,1,1,1,-1,1,-1,-1,-1,1,-1,-1,1,-1,1,1,-1,-1,1,1,1,1,-1,1,-1,1,-1,-1,-1,-1,1,1,-1,-1,1,-1,1,1,1,1,1,-1,1,1,1,-1,1,-1,-1,-1,-1,-1,1,-1,-1,-1,1,1,-296.1808177647289,1
1438,-1,1,-1,1,1,-1,1,1,-1,1,-1,-1,-1,-1,-1,-1,1,1,1,-1,-1,-1,-1,-1,-1,-1,-1,1,-1,1,-1,1,1,1,-1,-1,1,1,-1,-1,1,-1,1,1,-1,1,1,-1,-1,1,1,-1,1,1,1,-1,-1,-1,1,-1,1,1,-1,1,1,-1,-1,-1,-1,-1,-1,1,1,1,1,-1,-1,-1,1,1,-1,-1,1,-1,-1,-1,-1,-1,1,-1,1,-1,-1,-1,-1,-1,1,-1,1,-1,1,-1,-1,1,-1,1,-1,-1,1,-1,1,-1,1,1,-1,1,1,-1,-1,-1,-1,-1,1,-1,1,1,-1,-1,-1,1,1,1,1,1,-1,1,-1,1,1,-1,1,-1,1,-1,-1,-1,1,1,-1,-1,-1,-1,1,-1,-1,1,1,-1,-1,-1,-1,-1,1,-1,1,1,1,-1,1,-1,-1,1,-1,-1,1,1,-1,1,1,1,1,-1,1,-1,1,1,1,-1,-1,1,-1,1,-1,-1,1,-1,-1,-1,-1,1,1,-1,-1,-1,1,-1,-1,1,1,-1,-1,1,-1,-1,1,-1,-296.12899349080334,1
1439,-1,1,-1,1,1,1,1,1,-1,1,-1,1,-1,-1,-1,-1,1,1,1,-1,1,-1,-1,-1,-1,-1,-1,1,-1,1,1,1,1,-1,-1,-1,-1,-1,-1,1,1,-1,1,1,1,1,1,-1,1,1,-1,1,-1,-1,1,-1,-1,-1,1,-1,1,1,-1,1,1,-1,1,-1,-1,-1,-1,1,1,1,1,-1,-1,-1,1,1,1,-1,1,-1,-1,-1,1,-1,1,-1,1,-1,-1,-1,-1,-1,1,-1,1,-1,1,1,-1,1,-1,1,-1,1,-1,-1,1,1,1,1,-1,-1,1,1,-1,-1,-1,-1,1,-1,-1,1,-1,-1,-1,1,1,1,1,1,-1,1,-1,1,1,-1,1,-1,1,-1,1,1,1,1,-1,-1,-1,-1,1,-1,-1,1,1,-1,-1,-1,-1,-1,1,-1,1,1,1,-1,1,1,-1,1,-1,-1,1,1,-1,-1,-1,-1,1,-1,1,-1,1,-1,1,-1,1,-1,1,1,-1,1,1,-1,-1,1,-1,1,1,-1,-1,-1,-1,1,-1,1,1,-1,-1,1,-1,1,-1,1,-296.11276561230443,1
1440,1,1,-1,-1,1,-1,1,1,-1,-1,-1,-1,-1,1,-1,-1,1,1,1,-1,-1,1,1,-1,-1,-1,-1,-1,-1,1,1,1,1,-1,-1,-1,-1,-1,-1,1,1,-1,-1,1,-1,-1,1,-1,1,1,1,1,-1,1,1,-1,-1,-1,1,-1,1,1,-1,1,1,-1,1,-1,-1,-1,-1,1,1,1,1,1,-1,-1,-1,1,-1,1,1,-1,-1,-1,-1,1,1,-1,1,-1,-1,-1,-1,-1,-1,-1,1,1,1,-1,-1,1,-1,-1,1,-1,-1,-1,1,1,1,-1,1,-1,1,1,-1,1,1,1,-1,-1,-1,-1,1,-1,1,-1,-1,1,1,1,-1,1,-1,1,1,-1,1,1,-1,1,1,1,1,1,-1,-1,-1,-1,1,-1,-1,-1,1,-1,-1,-1,-1,-1,1,-1,1,1,1,-1,1,1,-1,1,-1,-1,1,1,-1,1,1,1,1,-1,1,-1,1,1,1,-1,-1,1,-1,1,-1,-1,1,-1,-1,-1,-1,1,1,-1,-1,-1,1,-1,-1,1,1,-1,-1,1,-1,-1,1,1,-295.8662339300494,1
1441,1,-1,1,-1,-1,-1,-1,-1,1,-1,1,-1,-1,1,1,-1,1,-1,1,-1,-1,1,1,1,-1,-1,1,-1,-1,-1,1,-1,1,-1,1,1,-1,1,1,1,-1,1,-1,-1,-1,-1,-1,1,1,1,1,1,1,1,-1,1,1,1,-1,1,-1,-1,-1,-1,-1,1,1,1,1,1,1,-1,-1,-1,1,1,1,-1,-1,-1,-1,1,-1,-1,1,1,1,1,-1,-1,-1,1,-1,1,1,-1,-1,1,-1,1,-1,1,1,-1,1,-1,1,1,-1,1,-1,1,1,-1,1,1,-1,1,1,1,1,1,-1,-1,-1,-1,1,1,1,-1,-1,-1,1,-1,1,1,1,-1,-1,1,-1,1,-1,1,1,1,-1,1,1,1,1,1,-1,1,1,-1,-1,1,1,1,1,1,-1,1,-1,-1,-1,1,-1,-1,1,-1,1,1,-1,1,1,1,1,1,-1,1,-1,1,-1,-1,-1,-1,1,1,-1,1,1,-1,1,1,1,1,1,-1,1,1,1,-1,1,-1,-1,-1,-1,-1,1,-1,-1,-1,1,1,-295.8527663126531,1
1442,-1,-1,1,1,-1,1,1,-1,1,1,1,1,1,-1,-1,1,-1,1,-1,1,1,-1,-1,-1,1,1,1,1,1,-1,-1,-1,-1,1,-1,1,1,1,1,-1,-1,1,1,1,-1,1,-1,-1,-1,1,1,-1,1,1,-1,-1,-1,1,1,-1,1,1,-1,1,1,-1,-1,-1,-1,-1,-1,1,1,1,1,-1,-1,-1,1,1,-1,-1,1,-1,1,-1,-1,1,1,-1,1,1,-1,-1,1,-1,1,1,1,-1,-1,-1,-1,1,-1,-1,1,-1,1,1,1,-1,-1,1,-1,-1,1,-1,1,1,-1,-1,1,1,1,1,-1,1,1,1,1,-1,-1,1,-1,-1,1,-1,1,-1,1,-1,1,-1,-1,-1,-1,1,-1,1,-1,-1,-1,1,-1,-1,-1,-1,-1,1,1,1,-1,-1,1,-1,1,-1,-1,-1,-1,-1,-1,-1,-1,1,-1,-1,-1,-1,1,-1,1,-1,1,1,-1,-1,-1,1,-1,1,1,-1,1,-1,-1,-1,-1,1,1,-1,-1,-1,-1,1,-1,1,1,-1,1,-1,-1,1,1,-1,-295.7734318781837,1
1443,1,1,-1,-1,1,1,1,1,-1,1,-1,1,-1,1,-1,-1,1,1,1,-1,1,-1,1,-1,-1,-1,-1,1,-1,1,1,-1,-1,-1,-1,-1,-1,-1,-1,1,1,-1,1,1,1,1,1,-1,1,1,-1,1,-1,-1,1,-1,-1,-1,1,-1,1,1,1,1,1,-1,1,-1,-1,-1,-1,1,1,1,1,-1,-1,-1,1,1,-1,-1,1,-1,-1,-1,1,-1,1,-1,1,-1,-1,-1,-1,-1,1,-1,1,-1,1,1,-1,1,-1,1,-1,1,-1,-1,1,1,1,1,-1,-1,1,1,-1,-1,-1,-1,1,-1,-1,1,-1,-1,-1,1,1,1,1,1,-1,1,-1,1,1,-1,1,1,1,-1,1,1,1,1,-1,-1,-1,-1,1,-1,-1,1,1,-1,-1,-1,-1,-1,1,-1,1,1,1,-1,1,1,-1,1,-1,-1,1,-1,-1,-1,-1,-1,-1,-1,1,-1,1,-1,1,-1,1,-1,1,1,-1,1,1,-1,-1,1,-1,1,1,-1,-1,-1,-1,1,-1,1,1,-1,-1,1,-1,1,-1,-1,-295.76521716444665,1
1444,1,1,-1,-1,1,1,1,1,-1,-1,-1,1,-1,1,-1,-1,1,1,1,-1,1,1,1,-1,-1,-1,-1,-1,-1,1,1,1,1,-1,-1,-1,-1,-1,-1,1,1,-1,-1,1,1,1,1,-1,1,1,-1,1,-1,-1,1,-1,-1,-1,1,-1,1,1,-1,1,1,-1,1,-1,-1,1,-1,1,1,1,1,-1,-1,-1,1,1,-1,-1,1,-1,-1,-1,-1,-1,1,-1,1,-1,-1,-1,-1,-1,1,-1,1,-1,1,-1,-1,1,-1,1,-1,-1,-1,-1,1,1,1,1,1,1,1,1,-1,-1,1,-1,1,-1,-1,1,1,-1,-1,1,1,1,1,1,-1,1,-1,1,1,-1,1,1,1,-1,1,1,1,1,-1,-1,-1,-1,1,-1,-1,1,1,-1,-1,-1,-1,-1,1,-1,1,1,1,-1,1,1,-1,1,-1,-1,1,1,-1,-1,-1,-1,1,-1,1,-1,1,1,1,-1,-1,-1,-1,1,-1,1,1,-1,-1,-1,-1,1,1,-1,-1,-1,-1,1,-1,1,1,-1,-1,1,-1,1,-1,1,-295.6855326606565,1
1445,-1,1,-1,1,1,-1,1,1,-1,1,-1,-1,-1,-1,-1,-1,1,-1,1,-1,-1,-1,-1,-1,-1,-1,1,1,-1,1,-1,1,1,1,-1,1,1,-1,1,-1,1,1,1,1,-1,1,1,-1,-1,1,1,-1,1,1,1,-1,-1,-1,1,-1,1,1,-1,1,1,-1,-1,-1,-1,-1,-1,1,1,1,1,-1,-1,-1,1,1,-1,-1,1,-1,-1,-1,-1,1,1,-1,1,1,-1,-1,1,-1,1,-1,1,-1,1,-1,-1,1,-1,1,-1,-1,1,-1,1,-1,1,1,-1,-1,1,-1,-1,-1,-1,-1,1,-1,1,1,-1,-1,-1,1,1,1,1,1,-1,1,-1,1,1,-1,1,-1,1,-1,-1,-1,1,1,-1,1,-1,-1,1,-1,-1,-1,1,-1,-1,-1,-1,1,1,-1,1,1,1,-1,1,1,-1,1,-1,-1,1,1,-1,1,1,1,1,-1,1,1,1,1,-1,-1,-1,1,-1,1,-1,-1,1,-1,-1,-1,-1,1,1,1,-1,-1,1,1,-1,1,1,-1,-1,-1,-1,-1,1,-1,-295.6143408855957,1
1446,1,1,-1,-1,1,-1,1,1,-1,-1,-1,-1,-1,1,-1,-1,1,1,1,-1,1,1,1,-1,-1,-1,-1,-1,-1,1,1,1,1,-1,-1,-1,-1,-1,-1,1,1,-1,-1,1,1,-1,-1,-1,1,-1,-1,1,-1,-1,1,-1,-1,-1,1,-1,1,1,1,1,1,-1,1,-1,-1,-1,-1,1,1,1,-1,1,-1,1,-1,1,1,1,1,1,-1,-1,-1,1,1,1,1,-1,1,-1,-1,1,-1,-1,1,1,1,-1,-1,1,-1,-1,1,-1,-1,-1,-1,1,1,-1,1,-1,1,1,-1,1,1,1,-1,-1,-1,-1,1,-1,1,-1,-1,-1,1,1,-1,1,-1,1,1,-1,1,1,-1,1,1,1,1,-1,-1,-1,1,-1,1,-1,-1,-1,1,-1,-1,-1,-1,-1,1,-1,1,1,1,-1,1,1,-1,1,-1,-1,1,1,-1,-1,-1,-1,1,-1,1,-1,1,1,1,1,-1,-1,1,-1,-1,1,-1,-1,-1,-1,-1,1,1,-1,-1,1,1,1,1,1,1,1,-1,1,1,-1,-1,1,-295.4933116935275,1
1447,1,1,1,-1,1,-1,-1,1,-1,-1,-1,-1,-1,1,1,-1,1,-1,1,-1,-1,1,1,1,-1,-1,-1,-1,-1,1,1,1,1,-1,1,1,-1,-1,1,1,1,1,-1,-1,-1,-1,1,1,1,-1,-1,1,-1,-1,-1,1,1,1,-1,1,-1,-1,1,-1,-1,1,1,1,1,1,1,-1,-1,-1,-1,1,1,1,-1,-1,-1,1,-1,1,1,1,1,1,-1,-1,-1,1,-1,1,1,-1,-1,1,-1,1,-1,1,1,-1,1,-1,1,1,-1,1,-1,1,-1,-1,1,1,-1,1,1,1,1,1,-1,-1,-1,-1,1,1,1,-1,-1,-1,1,-1,1,1,1,-1,-1,1,-1,1,-1,1,1,1,-1,-1,1,1,1,1,-1,-1,1,-1,1,1,1,-1,-1,-1,1,1,1,1,-1,1,1,1,1,1,1,1,1,-1,1,1,1,1,-1,1,-1,1,-1,-1,1,1,1,1,1,1,-1,1,1,1,1,1,-1,1,1,1,1,-1,-1,-1,1,-1,-1,1,1,-1,1,-1,1,-1,-295.4570691358778,1
1448,1,1,-1,-1,1,1,1,1,-1,-1,-1,1,-1,1,-1,-1,1,1,1,-1,1,1,1,-1,-1,-1,-1,-1,-1,1,1,1,1,-1,-1,-1,-1,-1,-1,1,1,-1,-1,1,1,1,1,-1,1,1,-1,1,-1,-1,1,-1,-1,-1,1,-1,1,1,-1,1,1,-1,1,-1,-1,1,-1,1,1,1,1,-1,-1,-1,1,1,-1,-1,1,-1,-1,-1,1,-1,1,-1,1,-1,-1,-1,-1,-1,1,-1,1,-1,1,1,-1,1,-1,1,-1,1,-1,-1,1,1,1,1,1,1,1,1,-1,-1,1,-1,1,-1,-1,1,1,-1,-1,1,1,1,1,1,-1,1,-1,1,1,-1,1,1,1,-1,1,1,1,1,-1,-1,-1,-1,1,-1,-1,1,1,-1,-1,-1,-1,-1,1,-1,1,1,1,-1,1,1,-1,1,-1,-1,1,1,-1,-1,-1,-1,1,-1,1,-1,1,-1,1,-1,1,-1,1,1,-1,1,1,-1,-1,1,-1,1,1,-1,-1,-1,-1,1,-1,1,1,-1,-1,1,-1,1,-1,1,-295.27274118828115,1
1449,-1,1,-1,1,1,-1,1,1,-1,1,-1,-1,-1,-1,-1,-1,1,1,1,-1,-1,-1,-1,-1,-1,-1,-1,1,-1,1,1,-1,-1,-1,-1,-1,-1,-1,-1,1,1,-1,1,1,1,1,1,-1,1,1,-1,1,-1,-1,1,-1,-1,-1,1,-1,1,1,1,1,1,-1,1,-1,-1,-1,-1,1,1,1,1,-1,-1,-1,1,1,-1,-1,1,-1,-1,-1,1,-1,1,-1,1,-1,-1,-1,-1,-1,1,-1,1,-1,1,1,-1,1,-1,1,-1,1,-1,-1,1,1,1,1,-1,-1,1,1,-1,-1,-1,-1,1,-1,-1,1,-1,-1,-1,1,1,1,1,1,-1,1,-1,1,1,-1,1,-1,1,-1,-1,-1,1,1,-1,-1,-1,-1,1,-1,-1,1,1,-1,-1,-1,-1,-1,1,-1,1,1,1,-1,1,1,-1,1,-1,-1,1,-1,-1,1,-1,-1,1,-1,1,-1,1,-1,1,-1,1,-1,1,1,-1,1,1,-1,-1,1,-1,1,1,-1,-1,-1,1,1,-1,1,1,-1,-1,1,-1,-1,-1,1,-294.89000149478954,1
1450,-1,1,-1,1,1,-1,1,1,-1,1,-1,-1,-1,-1,-1,-1,1,-1,1,-1,-1,-1,-1,-1,-1,-1,-1,1,-1,1,-1,1,1,1,-1,1,-1,-1,1,-1,1,1,1,1,-1,1,1,-1,-1,1,1,-1,1,1,1,-1,-1,-1,1,-1,1,1,-1,1,1,-1,-1,-1,-1,-1,-1,1,1,1,1,-1,-1,-1,-1,1,-1,1,1,-1,-1,-1,1,1,1,-1,1,-1,-1,-1,-1,-1,-1,-1,1,1,1,-1,-1,1,-1,-1,1,-1,1,-1,1,-1,1,-1,-1,-1,1,-1,-1,1,-1,-1,-1,-1,1,-1,-1,-1,1,1,1,-1,1,1,-1,1,-1,1,1,1,1,-1,1,1,-1,-1,1,1,-1,1,-1,-1,1,-1,-1,-1,1,-1,-1,-1,-1,-1,1,-1,1,1,1,-1,1,1,-1,1,-1,-1,1,1,-1,1,1,1,1,-1,1,-1,1,1,-1,-1,-1,1,-1,1,-1,-1,1,-1,-1,-1,-1,1,1,1,-1,-1,1,1,-1,1,1,-1,-1,-1,-1,-1,1,1,-294.7284674187129,1
1451,-1,1,-1,1,1,-1,1,1,-1,1,-1,-1,-1,-1,-1,-1,1,1,1,-1,1,-1,-1,-1,-1,-1,-1,1,-1,1,1,1,1,-1,-1,-1,-1,-1,-1,1,1,-1,1,1,1,1,1,-1,1,1,-1,1,-1,-1,1,-1,-1,-1,1,-1,1,1,1,1,1,-1,1,-1,-1,-1,-1,1,1,1,-1,-1,-1,1,1,1,1,-1,1,-1,-1,-1,-1,-1,1,1,1,-1,1,-1,-1,1,1,-1,-1,-1,1,-1,-1,1,1,1,-1,1,-1,-1,1,1,1,1,-1,-1,1,1,-1,-1,-1,-1,1,-1,-1,1,-1,-1,-1,1,1,1,1,1,-1,1,-1,1,1,-1,1,-1,1,-1,1,1,1,1,-1,-1,-1,-1,1,-1,-1,1,1,-1,-1,-1,-1,-1,1,-1,1,1,1,-1,1,1,-1,1,-1,-1,1,1,-1,-1,-1,-1,1,-1,-1,-1,1,1,1,1,-1,-1,1,-1,-1,1,-1,-1,-1,1,-1,1,1,-1,-1,1,1,1,1,1,1,1,-1,1,1,-1,-1,1,-294.6480067359364,1
1452,-1,1,-1,1,1,-1,1,1,-1,1,-1,-1,1,1,1,1,1,-1,-1,1,1,-1,-1,-1,1,1,-1,1,1,1,-1,-1,1,1,-1,1,1,1,1,-1,1,1,1,1,-1,1,1,-1,-1,1,1,-1,1,1,1,-1,-1,-1,1,-1,1,1,-1,1,1,-1,1,1,-1,-1,1,1,1,1,1,-1,-1,-1,1,1,-1,-1,1,-1,1,-1,-1,1,1,1,1,-1,1,1,-1,-1,1,1,1,-1,-1,-1,-1,1,-1,1,1,-1,1,-1,1,-1,1,1,-1,-1,-1,-1,-1,-1,-1,-1,1,1,1,1,-1,-1,1,1,1,-1,-1,1,1,-1,-1,1,1,-1,1,-1,1,-1,-1,-1,1,1,-1,-1,-1,-1,1,1,-1,-1,-1,-1,-1,-1,-1,-1,1,-1,1,1,1,-1,1,-1,-1,1,-1,-1,1,1,-1,1,1,1,1,-1,1,-1,1,-1,1,-1,-1,1,-1,1,1,-1,-1,1,-1,-1,-1,1,1,1,-1,1,1,1,-1,-1,1,-1,-1,-1,-1,-1,1,1,-294.35387492776584,1
1453,1,1,-1,-1,1,1,1,1,-1,-1,-1,1,-1,1,-1,-1,1,1,1,-1,1,1,1,-1,1,-1,-1,-1,-1,1,1,1,1,-1,-1,-1,-1,-1,-1,1,1,-1,1,1,1,1,1,-1,1,1,-1,1,-1,-1,1,-1,-1,-1,1,-1,1,1,1,1,1,-1,1,-1,-1,1,-1,1,1,1,1,-1,-1,-1,1,1,1,-1,1,-1,-1,-1,1,-1,1,-1,1,-1,-1,-1,-1,-1,1,-1,1,-1,1,1,-1,1,-1,1,-1,1,-1,-1,1,1,1,1,1,1,1,1,-1,-1,1,-1,1,-1,-1,1,1,-1,-1,1,1,1,1,1,-1,1,-1,1,1,-1,1,1,1,-1,1,1,1,1,-1,-1,-1,-1,1,-1,-1,1,1,-1,-1,-1,-1,-1,1,-1,1,1,1,-1,1,1,-1,1,-1,-1,1,1,-1,-1,-1,-1,1,-1,1,-1,1,-1,1,-1,1,-1,1,1,-1,1,1,-1,-1,1,-1,1,1,-1,-1,-1,-1,1,-1,1,1,-1,-1,1,1,1,-1,1,-294.1233738561227,1
1454,-1,-1,1,1,-1,-1,-1,-1,1,-1,1,-1,1,-1,1,1,-1,-1,-1,1,-1,1,-1,1,1,1,1,-1,1,-1,-1,-1,-1,1,1,1,1,1,1,-1,-1,1,-1,-1,-1,-1,-1,1,-1,-1,1,-1,1,1,-1,1,1,1,-1,1,-1,-1,-1,-1,-1,1,-1,-1,1,1,-1,-1,-1,-1,-1,1,1,1,-1,-1,1,1,-1,1,-1,1,1,-1,-1,1,-1,1,1,-1,1,1,-1,-1,-1,1,1,1,1,-1,1,-1,-1,1,1,1,-1,-1,-1,-1,1,1,-1,-1,1,1,1,1,-1,1,1,-1,1,1,-1,-1,-1,1,-1,-1,-1,-1,1,-1,-1,1,-1,-1,-1,1,-1,-1,-1,-1,1,1,1,1,-1,1,1,1,-1,1,1,1,1,1,-1,1,-1,-1,-1,1,-1,-1,1,-1,1,1,-1,-1,1,1,1,1,-1,1,-1,1,-1,-1,-1,1,1,1,1,-1,1,-1,-1,1,1,1,1,-1,-1,1,1,1,1,-1,1,-1,-1,1,1,-1,1,-1,1,-1,-293.6783506825454,1
